Round No; 1; best result RLS; 66.447701860366

;;;
Statistical description of data for: Meginajums1
Calib/Tail/Per/Cur, 4176, 9999, 23, 0,
Title,    PE MARKET w  ,EQUITY LM SNP,REX BOND     ,
Mean,       0.000104436,  0.000075211,  0.000042226,
VCV (1),    0.033533792, -0.000018247, -0.000000770,
VCV (2),   -0.000018247,  0.000044333, -0.000000146,
VCV (3),   -0.000000770, -0.000000146,  0.000000045,
St.dev,     0.183122341,  0.006658326,  0.000210996,
Skewness,  -0.359429482, -0.013261914,  0.151860187,
Kurtosis,  20.092276212,  7.412958555, 34.388660560,
AutoCor,   -0.271804758, -0.019537378, -0.152000145,
No.; 1; Score; 66.447701860366;
Markow Autoregressive (lag 1) bivariate joint 3 asset model uncond. params
uMean,     -0.000119969, -0.000482182,  0.000041874,
VCV (1),    0.035801726, -0.000236343, -0.000014418,
VCV (2),   -0.000236343,  0.000086632, -0.000000815,
VCV (3),   -0.000014418, -0.000000815,  0.000000119,
Cor (1),    1.000000000, -0.134199607, -0.220980222,
Cor (2),   -0.134199607,  1.000000000, -0.253818149,
Cor (3),   -0.220980222, -0.253818149,  1.000000000,
St.dev,     0.189213441,  0.009307643,  0.000344837,
Skewness,   0.164181233,  0.201018699,  0.175800008,
Kurtosis,  -0.067330759,  0.169660138,  0.378675299,
AutoCor,    0.309755588, -0.029730779,  0.255471300,
Markow Autoregressive (lag 1) bivariate joint 3 asset model cond. params
uProb.,   0.529714635,  0.470285365,
Prob (1),   0.203651794,  0.796348206,
Prob (2),   0.896981556,  0.103018444,
Mean,      0.083882097, -0.002929688,  0.000095132,
Cor (1),    1.000000000,  0.549923282, -0.254589438,
Cor (2),    0.549923282,  1.000000000, -0.106428331,
Cor (3),   -0.254589438, -0.106428331,  1.000000000,
VCV (1),    0.023213653,  0.000651565, -0.000014969,
VCV (2),    0.000651565,  0.000060474, -0.000000319,
VCV (3),   -0.000014969, -0.000000319,  0.000000149,
St.dev,     0.152360275,  0.007776492,  0.000385905,
Mean,     -0.094737252,  0.002274612, -0.000018115,
Cor (1),    1.000000000, -0.672400683, -0.660225745,
Cor (2),   -0.672400683,  1.000000000, -0.429455433,
Cor (3),   -0.660225745, -0.429455433,  1.000000000,
VCV (1),    0.012042602, -0.000743879, -0.000017568,
VCV (2),   -0.000743879,  0.000101631, -0.000001050,
VCV (3),   -0.000017568, -0.000001050,  0.000000059,
St.dev,     0.109738790,  0.010081238,  0.000242477,
AutoCor,    0.595985994,  0.026318358,  0.281667091,

No.; 2; Score; 67.153219760389;
Markow Autoregressive (lag 1) bivariate joint 3 asset model uncond. params
uMean,     -0.005698381, -0.000511966, -0.000022865,
VCV (1),    0.035319247,  0.000328294, -0.000000487,
VCV (2),    0.000328294,  0.000041244,  0.000000871,
VCV (3),   -0.000000487,  0.000000871,  0.000000252,
Cor (1),    1.000000000,  0.272004894, -0.005162344,
Cor (2),    0.272004894,  1.000000000,  0.270409538,
Cor (3),   -0.005162344,  0.270409538,  1.000000000,
St.dev,     0.187934155,  0.006422155,  0.000501746,
Skewness,   0.033078882, -0.079309824,  0.009413111,
Kurtosis,  -0.080995549,  0.244611290,  0.091462969,
AutoCor,    0.322710049,  0.127596635,  0.728455421,
Markow Autoregressive (lag 1) bivariate joint 3 asset model cond. params
uProb.,   0.364281099,  0.635718901,
Prob (1),   0.313040436,  0.686959564,
Prob (2),   0.393643141,  0.606356859,
Mean,     -0.111416591, -0.001306374, -0.000036901,
Cor (1),    1.000000000, -0.232527815, -0.622772608,
Cor (2),   -0.232527815,  1.000000000, -0.181664506,
Cor (3),   -0.622772608, -0.181664506,  1.000000000,
VCV (1),    0.021168748, -0.000252065, -0.000023376,
VCV (2),   -0.000252065,  0.000055511, -0.000000349,
VCV (3),   -0.000023376, -0.000000349,  0.000000067,
St.dev,     0.145494837,  0.007450572,  0.000257986,
Mean,      0.054880510, -0.000056752, -0.000014822,
Cor (1),    1.000000000,  0.625828082,  0.193959489,
Cor (2),    0.625828082,  1.000000000,  0.665454894,
Cor (3),    0.193959489,  0.665454894,  1.000000000,
VCV (1),    0.025631641,  0.000561647,  0.000011923,
VCV (2),    0.000561647,  0.000031422,  0.000001432,
VCV (3),    0.000011923,  0.000001432,  0.000000147,
St.dev,     0.160098849,  0.005605577,  0.000383974,
AutoCor,    0.412038656,  0.129438264,  0.728818389,

No.; 3; Score; 79.804398711216;
Markow Autoregressive (lag 1) bivariate joint 3 asset model uncond. params
uMean,     -0.007005202,  0.001257891, -0.000023471,
VCV (1),    0.036590458, -0.000174750,  0.000014214,
VCV (2),   -0.000174750,  0.000052075, -0.000000082,
VCV (3),    0.000014214, -0.000000082,  0.000000055,
Cor (1),    1.000000000, -0.126595244,  0.317248847,
Cor (2),   -0.126595244,  1.000000000, -0.048651089,
Cor (3),    0.317248847, -0.048651089,  1.000000000,
St.dev,     0.191286326,  0.007216303,  0.000234227,
Skewness,  -0.441792173, -0.007780209,  0.176707238,
Kurtosis,   0.688227685,  0.058451776,  1.638980700,
AutoCor,    0.072699595,  0.268072292,  0.028847900,
Markow Autoregressive (lag 1) bivariate joint 3 asset model cond. params
uProb.,   0.393715206,  0.606284794,
Prob (1),   0.099792481,  0.900207519,
Prob (2),   0.584585647,  0.415414353,
Mean,      0.061676247,  0.001424480, -0.000000250,
Cor (1),    1.000000000,  0.745221484,  0.904588111,
Cor (2),    0.745221484,  1.000000000,  0.181337293,
Cor (3),    0.904588111,  0.181337293,  1.000000000,
VCV (1),    0.009177876,  0.000445748,  0.000028030,
VCV (2),    0.000445748,  0.000038982,  0.000000366,
VCV (3),    0.000028030,  0.000000366,  0.000000105,
St.dev,     0.095801232,  0.006243576,  0.000323442,
Mean,     -0.051606239,  0.001149710, -0.000038550,
Cor (1),    1.000000000, -0.357197365,  0.105841924,
Cor (2),   -0.357197365,  1.000000000, -0.345066579,
Cor (3),    0.105841924, -0.345066579,  1.000000000,
VCV (1),    0.048494099, -0.000579981,  0.000003448,
VCV (2),   -0.000579981,  0.000054365, -0.000000376,
VCV (3),    0.000003448, -0.000000376,  0.000000022,
St.dev,     0.220213758,  0.007373285,  0.000147931,
AutoCor,    0.123635781,  0.268332928,  0.032147085,

No.; 4; Score; 89.880455703947;
Markow Autoregressive (lag 1) bivariate joint 3 asset model uncond. params
uMean,      0.001959114,  0.001106705,  0.000044205,
VCV (1),    0.034460177,  0.000748620,  0.000000668,
VCV (2),    0.000748620,  0.000114230,  0.000001170,
VCV (3),    0.000000668,  0.000001170,  0.000000600,
Cor (1),    1.000000000,  0.377323147,  0.004647316,
Cor (2),    0.377323147,  1.000000000,  0.141335870,
Cor (3),    0.004647316,  0.141335870,  1.000000000,
St.dev,     0.185634526,  0.010687828,  0.000774324,
Skewness,   0.001331993, -0.125891695,  0.057124943,
Kurtosis,  -0.088720806, -0.069216632,  0.161428893,
AutoCor,    0.440345192,  0.447098465,  0.906365750,
Markow Autoregressive (lag 1) bivariate joint 3 asset model cond. params
uProb.,   0.499642142,  0.500357858,
Prob (1),   0.584564690,  0.415435310,
Prob (2),   0.414841069,  0.585158931,
Mean,      0.087214818,  0.006103033, -0.000076777,
Cor (1),    1.000000000, -0.656489467,  0.347461943,
Cor (2),   -0.656489467,  1.000000000, -0.249951467,
Cor (3),    0.347461943, -0.249951467,  1.000000000,
VCV (1),    0.020084330, -0.000689557,  0.000007327,
VCV (2),   -0.000689557,  0.000054932, -0.000000276,
VCV (3),    0.000007327, -0.000000276,  0.000000022,
St.dev,     0.141719194,  0.007411629,  0.000148795,
Mean,     -0.083174640, -0.003882477,  0.000165014,
Cor (1),    1.000000000,  0.950312149,  0.077607863,
Cor (2),    0.950312149,  1.000000000,  0.634178177,
Cor (3),    0.077607863,  0.634178177,  1.000000000,
VCV (1),    0.020027244,  0.001160944,  0.000004213,
VCV (2),    0.001160944,  0.000074519,  0.000002100,
VCV (3),    0.000004213,  0.000002100,  0.000000147,
St.dev,     0.141517645,  0.008632456,  0.000383631,
AutoCor,    0.512553335,  0.524524271,  0.924771429,

No.; 5; Score; 239.37268285531;
Markow Autoregressive (lag 1) bivariate joint 3 asset model uncond. params
uMean,      0.004716200, -0.000722122,  0.000046461,
VCV (1),    0.028906571, -0.000386644,  0.000021365,
VCV (2),   -0.000386644,  0.000134546,  0.000000647,
VCV (3),    0.000021365,  0.000000647,  0.000000064,
Cor (1),    1.000000000, -0.196054902,  0.495079521,
Cor (2),   -0.196054902,  1.000000000,  0.219659043,
Cor (3),    0.495079521,  0.219659043,  1.000000000,
St.dev,     0.170019326,  0.011599407,  0.000253821,
Skewness,   0.192564764,  0.141578449, -0.237856176,
Kurtosis,   0.180629607,  0.560446255, -0.083187841,
AutoCor,    0.201343023,  0.859287182,  0.211599946,
Markow Autoregressive (lag 1) bivariate joint 3 asset model cond. params
uProb.,   0.222223435,  0.777776565,
Prob (1),   0.424258545,  0.575741455,
Prob (2),   0.164498713,  0.835501287,
Mean,      0.113018103,  0.002949266,  0.000223389,
Cor (1),    1.000000000, -0.424709572,  0.790390551,
Cor (2),   -0.424709572,  1.000000000, -0.104886362,
Cor (3),    0.790390551, -0.104886362,  1.000000000,
VCV (1),    0.031926668, -0.000694702,  0.000020187,
VCV (2),   -0.000694702,  0.000083803, -0.000000137,
VCV (3),    0.000020187, -0.000000137,  0.000000020,
St.dev,     0.178680351,  0.009154396,  0.000142943,
Mean,     -0.026227418, -0.001771097, -0.000004091,
Cor (1),    1.000000000, -0.580007710,  0.369373977,
Cor (2),   -0.580007710,  1.000000000,  0.545691915,
Cor (3),    0.369373977,  0.545691915,  1.000000000,
VCV (1),    0.022502364, -0.000335448,  0.000013856,
VCV (2),   -0.000335448,  0.000014865,  0.000000526,
VCV (3),    0.000013856,  0.000000526,  0.000000063,
St.dev,     0.150007879,  0.003855471,  0.000250063,
AutoCor,    0.193682407,  0.876953468,  0.203836216,

No.; 6; Score; 519.42361699182;
Markow Autoregressive (lag 1) bivariate joint 3 asset model uncond. params
uMean,     -0.001014927,  0.000563240, -0.000068243,
VCV (1),    0.041960793,  0.000738456,  0.000034941,
VCV (2),    0.000738456,  0.000107825,  0.000000742,
VCV (3),    0.000034941,  0.000000742,  0.000000044,
Cor (1),    1.000000000,  0.347171067,  0.813132122,
Cor (2),    0.347171067,  1.000000000,  0.340443996,
Cor (3),    0.813132122,  0.340443996,  1.000000000,
St.dev,     0.204843339,  0.010383872,  0.000209776,
Skewness,   0.471990434, -0.054983086,  0.070286847,
Kurtosis,   0.259987451,  0.118386216,  0.000358656,
AutoCor,    0.290913964,  0.631369992,  0.160829839,
Markow Autoregressive (lag 1) bivariate joint 3 asset model cond. params
uProb.,   0.410327142,  0.589672858,
Prob (1),   0.282785960,  0.717214040,
Prob (2),   0.499077383,  0.500922617,
Mean,     -0.105145003,  0.001803495, -0.000137474,
Cor (1),    1.000000000, -0.661485886,  0.700494429,
Cor (2),   -0.661485886,  1.000000000,  0.162288904,
Cor (3),    0.700494429,  0.162288904,  1.000000000,
VCV (1),    0.008397295, -0.000368682,  0.000011864,
VCV (2),   -0.000368682,  0.000036993,  0.000000182,
VCV (3),    0.000011864,  0.000000182,  0.000000034,
St.dev,     0.091636754,  0.006082220,  0.000184825,
Mean,      0.071444566, -0.000299799, -0.000020068,
Cor (1),    1.000000000,  0.695062365,  0.899838775,
Cor (2),    0.695062365,  1.000000000,  0.572412005,
Cor (3),    0.899838775,  0.572412005,  1.000000000,
VCV (1),    0.043083424,  0.001299835,  0.000038580,
VCV (2),    0.001299835,  0.000081174,  0.000001065,
VCV (3),    0.000038580,  0.000001065,  0.000000043,
St.dev,     0.207565470,  0.009009678,  0.000206556,
AutoCor,    0.402112797,  0.639869196,  0.191755395,

No.; 7; Score; 3563.7074690513;
Markow Autoregressive (lag 1) bivariate joint 3 asset model uncond. params
uMean,     -0.000456462, -0.000657506,  0.000081958,
VCV (1),    0.058578197,  0.000296910, -0.000009529,
VCV (2),    0.000296910,  0.000142780,  0.000001232,
VCV (3),   -0.000009529,  0.000001232,  0.000000090,
Cor (1),    1.000000000,  0.102665055, -0.131394782,
Cor (2),    0.102665055,  1.000000000,  0.344113803,
Cor (3),   -0.131394782,  0.344113803,  1.000000000,
St.dev,     0.242029331,  0.011949071,  0.000299654,
Skewness,   0.332324397, -0.005479020, -0.054801757,
Kurtosis,   1.563024571,  0.009265304,  0.276038129,
AutoCor,    0.228130998,  0.858196872,  0.735922476,
Markow Autoregressive (lag 1) bivariate joint 3 asset model cond. params
uProb.,   0.583031985,  0.416968015,
Prob (1),   0.745071393,  0.254928607,
Prob (2),   0.356457873,  0.643542127,
Mean,     -0.032124338, -0.001127470,  0.000099780,
Cor (1),    1.000000000,  0.705978956,  0.746144572,
Cor (2),    0.705978956,  1.000000000,  0.148259051,
Cor (3),    0.746144572,  0.148259051,  1.000000000,
VCV (1),    0.019657437,  0.000631424,  0.000016611,
VCV (2),    0.000631424,  0.000040694,  0.000000150,
VCV (3),    0.000016611,  0.000000150,  0.000000025,
St.dev,     0.140204981,  0.006379194,  0.000158783,
Mean,      0.043823636, -0.000000371,  0.000057038,
Cor (1),    1.000000000, -0.190497339, -0.508436289,
Cor (2),   -0.190497339,  1.000000000,  0.619151894,
Cor (3),   -0.508436289,  0.619151894,  1.000000000,
VCV (1),    0.102744490, -0.000348291, -0.000040721,
VCV (2),   -0.000348291,  0.000032535,  0.000000882,
VCV (3),   -0.000040721,  0.000000882,  0.000000062,
St.dev,     0.320537814,  0.005703921,  0.000249864,
AutoCor,    0.224195117,  0.859214769,  0.737648859,

No.; 8; Score; 4228.9834754982;
Markow Autoregressive (lag 1) bivariate joint 3 asset model uncond. params
uMean,      0.000385235,  0.004803853, -0.000012246,
VCV (1),    0.061490128,  0.000096935, -0.000056416,
VCV (2),    0.000096935,  0.000069611, -0.000000378,
VCV (3),   -0.000056416, -0.000000378,  0.000000105,
Cor (1),    1.000000000,  0.046853579, -0.702314761,
Cor (2),    0.046853579,  1.000000000, -0.139932645,
Cor (3),   -0.702314761, -0.139932645,  1.000000000,
St.dev,     0.247972030,  0.008343291,  0.000323940,
Skewness,  -0.048326859,  0.010289726, -0.424501691,
Kurtosis,  -0.121536658,  0.001767982,  0.109853330,
AutoCor,    0.225985976,  0.143018940,  0.266379580,
Markow Autoregressive (lag 1) bivariate joint 3 asset model cond. params
uProb.,   0.668922359,  0.331077641,
Prob (1),   0.630619638,  0.369380362,
Prob (2),   0.746310690,  0.253689310,
Mean,      0.087816267,  0.003910832, -0.000107412,
Cor (1),    1.000000000,  0.289144531, -0.772019718,
Cor (2),    0.289144531,  1.000000000, -0.285481622,
Cor (3),   -0.772019718, -0.285481622,  1.000000000,
VCV (1),    0.041930015,  0.000479734, -0.000051150,
VCV (2),    0.000479734,  0.000065652, -0.000000748,
VCV (3),   -0.000051150, -0.000000748,  0.000000105,
St.dev,     0.204768199,  0.008102569,  0.000323560,
Mean,     -0.176263880,  0.006608150,  0.000180031,
Cor (1),    1.000000000, -0.148100570, -0.080058113,
Cor (2),   -0.148100570,  1.000000000, -0.055711031,
Cor (3),   -0.080058113, -0.055711031,  1.000000000,
VCV (1),    0.038227259, -0.000239084, -0.000002137,
VCV (2),   -0.000239084,  0.000068173, -0.000000063,
VCV (3),   -0.000002137, -0.000000063,  0.000000019,
St.dev,     0.195517925,  0.008256723,  0.000136540,
AutoCor,    0.340591496,  0.149149202,  0.347073011,

No.; 9; Score; 5166.4252623797;
Markow Autoregressive (lag 1) bivariate joint 3 asset model uncond. params
uMean,      0.006146934, -0.001895906, -0.000000878,
VCV (1),    0.064722354, -0.001655845,  0.000004052,
VCV (2),   -0.001655845,  0.000150157, -0.000000363,
VCV (3),    0.000004052, -0.000000363,  0.000000049,
Cor (1),    1.000000000, -0.531153223,  0.071949166,
Cor (2),   -0.531153223,  1.000000000, -0.133888635,
Cor (3),    0.071949166, -0.133888635,  1.000000000,
St.dev,     0.254405885,  0.012253856,  0.000221364,
Skewness,   0.041431560, -0.350513788, -0.488884951,
Kurtosis,   0.039729399,  0.050498888,  0.280899674,
AutoCor,    0.423754065,  0.821173158,  0.350959532,
Markow Autoregressive (lag 1) bivariate joint 3 asset model cond. params
uProb.,   0.590656856,  0.409343144,
Prob (1),   0.961897455,  0.038102545,
Prob (2),   0.054979617,  0.945020383,
Mean,     -0.020014041, -0.006581518,  0.000093692,
Cor (1),    1.000000000, -0.982351869,  0.210444305,
Cor (2),   -0.982351869,  1.000000000, -0.016583966,
Cor (3),    0.210444305, -0.016583966,  1.000000000,
VCV (1),    0.047698704, -0.001630752,  0.000007101,
VCV (2),   -0.001630752,  0.000057774, -0.000000019,
VCV (3),    0.000007101, -0.000000019,  0.000000024,
St.dev,     0.218400329,  0.007600945,  0.000154505,
Mean,      0.043895603,  0.004865142, -0.000137335,
Cor (1),    1.000000000, -0.558999591,  0.129272239,
Cor (2),   -0.558999591,  1.000000000,  0.586987332,
Cor (3),    0.129272239,  0.586987332,  1.000000000,
VCV (1),    0.059894387, -0.000636440,  0.000007193,
VCV (2),   -0.000636440,  0.000021642,  0.000000621,
VCV (3),    0.000007193,  0.000000621,  0.000000052,
St.dev,     0.244733297,  0.004652140,  0.000227365,
AutoCor,    0.416267662,  0.798245890,  0.152205419,

No.; 10; Score; 10499.858593708;
Markow Autoregressive (lag 1) bivariate joint 3 asset model uncond. params
uMean,      0.005204961, -0.002636137,  0.000125672,
VCV (1),    0.081274132, -0.001411011, -0.000069064,
VCV (2),   -0.001411011,  0.000193576,  0.000003090,
VCV (3),   -0.000069064,  0.000003090,  0.000000141,
Cor (1),    1.000000000, -0.355736734, -0.644377892,
Cor (2),   -0.355736734,  1.000000000,  0.590653046,
Cor (3),   -0.644377892,  0.590653046,  1.000000000,
St.dev,     0.285086184,  0.013913152,  0.000375953,
Skewness,  -0.217957048, -0.005441302,  0.122815944,
Kurtosis,   0.485441153,  0.206049045,  0.123688425,
AutoCor,    0.596449833,  0.481718996,  0.438620363,
Markow Autoregressive (lag 1) bivariate joint 3 asset model cond. params
uProb.,   0.139949206,  0.860050794,
Prob (1),   0.183759284,  0.816240716,
Prob (2),   0.132820342,  0.867179658,
Mean,     -0.152684874, -0.002390812, -0.000031733,
Cor (1),    1.000000000, -0.890131220, -0.814071104,
Cor (2),   -0.890131220,  1.000000000, -0.586725459,
Cor (3),   -0.814071104, -0.586725459,  1.000000000,
VCV (1),    0.104441416, -0.001514167, -0.000035885,
VCV (2),   -0.001514167,  0.000027706, -0.000000421,
VCV (3),   -0.000035885, -0.000000421,  0.000000019,
St.dev,     0.323173972,  0.005263606,  0.000136399,
Mean,      0.030897115, -0.002676057,  0.000151286,
Cor (1),    1.000000000, -0.355286796, -0.807115361,
Cor (2),   -0.355286796,  1.000000000,  0.631341942,
Cor (3),   -0.807115361,  0.631341942,  1.000000000,
VCV (1),    0.037704285, -0.000895050, -0.000055253,
VCV (2),   -0.000895050,  0.000168324,  0.000002888,
VCV (3),   -0.000055253,  0.000002888,  0.000000124,
St.dev,     0.194175911,  0.012973964,  0.000352555,
AutoCor,    0.625107564,  0.481740791,  0.450003530,

No.; 11; Score; 10736.944344547;
Markow Autoregressive (lag 1) bivariate joint 3 asset model uncond. params
uMean,      0.003094788, -0.000982547, -0.000004875,
VCV (1),    0.082031134, -0.000025097, -0.000082315,
VCV (2),   -0.000025097,  0.000041211,  0.000002643,
VCV (3),   -0.000082315,  0.000002643,  0.000000284,
Cor (1),    1.000000000, -0.013649849, -0.539727417,
Cor (2),   -0.013649849,  1.000000000,  0.773224742,
Cor (3),   -0.539727417,  0.773224742,  1.000000000,
St.dev,     0.286410778,  0.006419567,  0.000532497,
Skewness,  -0.376081148, -0.142352903, -0.005878196,
Kurtosis,   1.097439861,  0.031361492,  0.023375992,
AutoCor,    0.575283614,  0.467019451,  0.813911751,
Markow Autoregressive (lag 1) bivariate joint 3 asset model cond. params
uProb.,   0.312089462,  0.687910538,
Prob (1),   0.184946474,  0.815053526,
Prob (2),   0.369771361,  0.630228639,
Mean,     -0.095720193, -0.004956055, -0.000028221,
Cor (1),    1.000000000,  0.220639555, -0.982531220,
Cor (2),    0.220639555,  1.000000000,  0.857108446,
Cor (3),   -0.982531220,  0.857108446,  1.000000000,
VCV (1),    0.116341474,  0.000383626, -0.000119184,
VCV (2),    0.000383626,  0.000025985,  0.000001554,
VCV (3),   -0.000119184,  0.000001554,  0.000000126,
St.dev,     0.341088660,  0.005097503,  0.000355635,
Mean,      0.047924911,  0.000820144,  0.000005716,
Cor (1),    1.000000000, -0.624176756, -0.163029995,
Cor (2),   -0.624176756,  1.000000000,  0.962952249,
Cor (3),   -0.163029995,  0.962952249,  1.000000000,
VCV (1),    0.016847800, -0.000359049, -0.000006024,
VCV (2),   -0.000359049,  0.000019640,  0.000001215,
VCV (3),   -0.000006024,  0.000001215,  0.000000081,
St.dev,     0.129799077,  0.004431737,  0.000284693,
AutoCor,    0.618674610,  0.604154933,  0.814783411,

No.; 12; Score; 19969.077982505;
Markow Autoregressive (lag 1) bivariate joint 3 asset model uncond. params
uMean,     -0.000140631,  0.002992164,  0.000090595,
VCV (1),    0.105097232,  0.000310965,  0.000029550,
VCV (2),    0.000310965,  0.000038370, -0.000001328,
VCV (3),    0.000029550, -0.000001328,  0.000000088,
Cor (1),    1.000000000,  0.154853656,  0.307503105,
Cor (2),    0.154853656,  1.000000000, -0.723342630,
Cor (3),    0.307503105, -0.723342630,  1.000000000,
St.dev,     0.324187033,  0.006194338,  0.000296427,
Skewness,  -0.058864212, -0.037823203,  0.009864519,
Kurtosis,   0.328547627,  0.046080750,  0.073059037,
AutoCor,    0.721718222,  0.623199097,  0.571824938,
Markow Autoregressive (lag 1) bivariate joint 3 asset model cond. params
uProb.,   0.167411661,  0.832588339,
Prob (1),   0.144221879,  0.855778121,
Prob (2),   0.172074518,  0.827925482,
Mean,     -0.051164150,  0.001278595,  0.000105385,
Cor (1),    1.000000000, -0.574423835, -0.803420570,
Cor (2),   -0.574423835,  1.000000000, -0.296266209,
Cor (3),   -0.803420570, -0.296266209,  1.000000000,
VCV (1),    0.114949076, -0.001077800, -0.000080842,
VCV (2),   -0.001077800,  0.000030627, -0.000000487,
VCV (3),   -0.000080842, -0.000000487,  0.000000088,
St.dev,     0.339041407,  0.005534176,  0.000296783,
Mean,      0.010118860,  0.003336717,  0.000087621,
Cor (1),    1.000000000,  0.465669295,  0.843423974,
Cor (2),    0.465669295,  1.000000000, -0.865412347,
Cor (3),    0.843423974, -0.865412347,  1.000000000,
VCV (1),    0.036382933,  0.000407179,  0.000037123,
VCV (2),    0.000407179,  0.000021014, -0.000000915,
VCV (3),    0.000037123, -0.000000915,  0.000000053,
St.dev,     0.190743108,  0.004584153,  0.000230750,
AutoCor,    0.725470424,  0.633373733,  0.572125275,

No.; 13; Score; 20245.74501198;
Markow Autoregressive (lag 1) bivariate joint 3 asset model uncond. params
uMean,      0.000462857,  0.003083849,  0.000177434,
VCV (1),    0.105753425, -0.000758737, -0.000027979,
VCV (2),   -0.000758737,  0.000071706,  0.000000684,
VCV (3),   -0.000027979,  0.000000684,  0.000000042,
Cor (1),    1.000000000, -0.275527656, -0.420017748,
Cor (2),   -0.275527656,  1.000000000,  0.394282878,
Cor (3),   -0.420017748,  0.394282878,  1.000000000,
St.dev,     0.325197517,  0.008467957,  0.000204843,
Skewness,   0.006078054, -0.382416395, -0.622460244,
Kurtosis,   0.000027840,  0.815440694,  1.731844491,
AutoCor,    0.750868273,  0.167226821,  0.534881292,
Markow Autoregressive (lag 1) bivariate joint 3 asset model cond. params
uProb.,   0.904095392,  0.095904608,
Prob (1),   0.921108668,  0.078891332,
Prob (2),   0.743710765,  0.256289235,
Mean,      0.010371603,  0.004007141,  0.000202115,
Cor (1),    1.000000000, -0.497645587, -0.649764087,
Cor (2),   -0.497645587,  1.000000000,  0.417670131,
Cor (3),   -0.649764087,  0.417670131,  1.000000000,
VCV (1),    0.045843925, -0.000793438, -0.000018644,
VCV (2),   -0.000793438,  0.000055450,  0.000000417,
VCV (3),   -0.000018644,  0.000000417,  0.000000018,
St.dev,     0.214111945,  0.007446498,  0.000134013,
Mean,     -0.092947163, -0.005620048, -0.000055235,
Cor (1),    1.000000000, -0.106891178,  0.022638885,
Cor (2),   -0.106891178,  1.000000000,  0.157517970,
Cor (3),    0.022638885,  0.157517970,  1.000000000,
VCV (1),    0.036270413, -0.000225659,  0.000001190,
VCV (2),   -0.000225659,  0.000122876,  0.000000482,
VCV (3),    0.000001190,  0.000000482,  0.000000076,
St.dev,     0.190447927,  0.011084950,  0.000276020,
AutoCor,    0.755931722,  0.165943059,  0.591561889,

No.; 14; Score; 29580.907834938;
Markow Autoregressive (lag 1) bivariate joint 3 asset model uncond. params
uMean,     -0.001544749, -0.003183375, -0.000012453,
VCV (1),    0.125994196,  0.000495624, -0.000011843,
VCV (2),    0.000495624,  0.000034864,  0.000000402,
VCV (3),   -0.000011843,  0.000000402,  0.000000044,
Cor (1),    1.000000000,  0.236476009, -0.158478591,
Cor (2),    0.236476009,  1.000000000,  0.323688145,
Cor (3),   -0.158478591,  0.323688145,  1.000000000,
St.dev,     0.354956611,  0.005904588,  0.000210527,
Skewness,  -0.026058489,  0.008547033,  0.011770148,
Kurtosis,   0.204452893,  0.163406947,  0.003219354,
AutoCor,    0.896776759,  0.073633296,  0.094710724,
Markow Autoregressive (lag 1) bivariate joint 3 asset model cond. params
uProb.,   0.701646657,  0.298353343,
Prob (1),   0.691510196,  0.308489804,
Prob (2),   0.725484881,  0.274515119,
Mean,      0.011572734, -0.003136390, -0.000031980,
Cor (1),    1.000000000,  0.502979647, -0.003205314,
Cor (2),    0.502979647,  1.000000000,  0.201227602,
Cor (3),   -0.003205314,  0.201227602,  1.000000000,
VCV (1),    0.011053393,  0.000334363, -0.000000069,
VCV (2),    0.000334363,  0.000039980,  0.000000262,
VCV (3),   -0.000000069,  0.000000262,  0.000000042,
St.dev,     0.105135118,  0.006322949,  0.000205882,
Mean,     -0.032393532, -0.003293871,  0.000033470,
Cor (1),    1.000000000,  0.693633722, -0.697018731,
Cor (2),    0.693633722,  1.000000000,  0.734966695,
Cor (3),   -0.697018731,  0.734966695,  1.000000000,
VCV (1),    0.054154358,  0.000760245, -0.000034211,
VCV (2),    0.000760245,  0.000022183,  0.000000730,
VCV (3),   -0.000034211,  0.000000730,  0.000000044,
St.dev,     0.232710888,  0.004709848,  0.000210913,
AutoCor,    0.899775706,  0.073649323,  0.097368167,

No.; 15; Score; 40973.970182382;
Markow Autoregressive (lag 1) bivariate joint 3 asset model uncond. params
uMean,     -0.003717652, -0.002530726, -0.000073053,
VCV (1),    0.148508762, -0.001709993,  0.000061088,
VCV (2),   -0.001709993,  0.000089388,  0.000002374,
VCV (3),    0.000061088,  0.000002374,  0.000000211,
Cor (1),    1.000000000, -0.469330379,  0.345184612,
Cor (2),   -0.469330379,  1.000000000,  0.546756562,
Cor (3),    0.345184612,  0.546756562,  1.000000000,
St.dev,     0.385368346,  0.009454525,  0.000459225,
Skewness,   0.002381229, -0.082402278, -0.000518001,
Kurtosis,  -0.001031563,  1.021307704,  0.236859178,
AutoCor,    0.726968769,  0.003359715,  0.694870658,
Markow Autoregressive (lag 1) bivariate joint 3 asset model cond. params
uProb.,   0.565763018,  0.434236982,
Prob (1),   0.631115613,  0.368884387,
Prob (2),   0.480615776,  0.519384224,
Mean,     -0.056800113, -0.002140536, -0.000073334,
Cor (1),    1.000000000, -0.959662000,  0.319813017,
Cor (2),   -0.959662000,  1.000000000,  0.879407607,
Cor (3),    0.319813017,  0.879407607,  1.000000000,
VCV (1),    0.064843809, -0.001612535,  0.000031681,
VCV (2),   -0.001612535,  0.000043542,  0.000002257,
VCV (3),    0.000031681,  0.000002257,  0.000000151,
St.dev,     0.254644476,  0.006598673,  0.000389013,
Mean,      0.065442956, -0.003039101, -0.000072686,
Cor (1),    1.000000000, -0.565414429,  0.451704904,
Cor (2),   -0.565414429,  1.000000000,  0.887544230,
Cor (3),    0.451704904,  0.887544230,  1.000000000,
VCV (1),    0.065630288, -0.001766110,  0.000026888,
VCV (2),   -0.001766110,  0.000148661,  0.000002514,
VCV (3),    0.000026888,  0.000002514,  0.000000054,
St.dev,     0.256184091,  0.012192665,  0.000232356,
AutoCor,    0.741580599,  0.003032467,  0.694870925,

No.; 16; Score; 51040.267764839;
Markow Autoregressive (lag 1) bivariate joint 3 asset model uncond. params
uMean,     -0.000536581,  0.003414774,  0.000042617,
VCV (1),    0.167210274,  0.000520394, -0.000054385,
VCV (2),    0.000520394,  0.000106146, -0.000000744,
VCV (3),   -0.000054385, -0.000000744,  0.000000139,
Cor (1),    1.000000000,  0.123523620, -0.356307649,
Cor (2),    0.123523620,  1.000000000, -0.193362253,
Cor (3),   -0.356307649, -0.193362253,  1.000000000,
St.dev,     0.408913528,  0.010302694,  0.000373266,
Skewness,   0.012346529, -0.149079919,  0.057348108,
Kurtosis,  -0.000390025,  0.898105480, -0.031966865,
AutoCor,    0.794756510,  0.103354205,  0.050705323,
Markow Autoregressive (lag 1) bivariate joint 3 asset model cond. params
uProb.,   0.525481799,  0.474518201,
Prob (1),   0.340818968,  0.659181032,
Prob (2),   0.729977551,  0.270022449,
Mean,     -0.077077700,  0.002526513, -0.000092677,
Cor (1),    1.000000000,  0.334338561, -0.886970740,
Cor (2),    0.334338561,  1.000000000, -0.527434673,
Cor (3),   -0.886970740, -0.527434673,  1.000000000,
VCV (1),    0.042658733,  0.000872327, -0.000061079,
VCV (2),    0.000872327,  0.000159580, -0.000002221,
VCV (3),   -0.000061079, -0.000002221,  0.000000111,
St.dev,     0.206539906,  0.012632483,  0.000333410,
Mean,      0.084225110,  0.004398434,  0.000192442,
Cor (1),    1.000000000, -0.076616278, -0.710174015,
Cor (2),   -0.076616278,  1.000000000,  0.277618796,
Cor (3),   -0.710174015,  0.277618796,  1.000000000,
VCV (1),    0.051023650, -0.000112917, -0.000056453,
VCV (2),   -0.000112917,  0.000042570,  0.000000637,
VCV (3),   -0.000056453,  0.000000637,  0.000000124,
St.dev,     0.225884152,  0.006524585,  0.000351913,
AutoCor,    0.842546644,  0.107442021,  0.125595357,

No.; 17; Score; 51185.221429788;
Markow Autoregressive (lag 1) bivariate joint 3 asset model uncond. params
uMean,      0.000834855,  0.002205510, -0.000106293,
VCV (1),    0.167006776, -0.003616177, -0.000018638,
VCV (2),   -0.003616177,  0.000489533, -0.000000433,
VCV (3),   -0.000018638, -0.000000433,  0.000000134,
Cor (1),    1.000000000, -0.399937015, -0.124359241,
Cor (2),   -0.399937015,  1.000000000, -0.053342983,
Cor (3),   -0.124359241, -0.053342983,  1.000000000,
St.dev,     0.408664626,  0.022125395,  0.000366742,
Skewness,  -0.074003683,  0.077198390,  0.051802346,
Kurtosis,   0.194370477,  0.060343922,  0.457458297,
AutoCor,    0.876312741,  0.813671802,  0.202118171,
Markow Autoregressive (lag 1) bivariate joint 3 asset model cond. params
uProb.,   0.303348599,  0.696651401,
Prob (1),   0.234408315,  0.765591685,
Prob (2),   0.333367830,  0.666632170,
Mean,     -0.102712191, -0.006236559, -0.000130819,
Cor (1),    1.000000000, -0.090281058,  0.582896164,
Cor (2),   -0.090281058,  1.000000000, -0.553578220,
Cor (3),    0.582896164, -0.553578220,  1.000000000,
VCV (1),    0.067747388, -0.000078313,  0.000033423,
VCV (2),   -0.000078313,  0.000011107, -0.000000406,
VCV (3),    0.000033423, -0.000000406,  0.000000049,
St.dev,     0.260283285,  0.003332642,  0.000220297,
Mean,      0.045923190,  0.005881509, -0.000095613,
Cor (1),    1.000000000, -0.836238509, -0.819219068,
Cor (2),   -0.836238509,  1.000000000, -0.089244647,
Cor (3),   -0.819219068, -0.089244647,  1.000000000,
VCV (1),    0.012941490, -0.001160864, -0.000037700,
VCV (2),   -0.001160864,  0.000148908, -0.000000441,
VCV (3),   -0.000037700, -0.000000441,  0.000000164,
St.dev,     0.113760672,  0.012202784,  0.000404525,
AutoCor,    0.904361106,  0.875442183,  0.202705664,

No.; 18; Score; 250000;
Markow Autoregressive (lag 1) bivariate joint 3 asset model uncond. params
uMean,     -0.156827031, -0.004492622,  0.000043883,
VCV (1),    0.072921161, -0.000112143,  0.000029644,
VCV (2),   -0.000112143,  0.000086472,  0.000001188,
VCV (3),    0.000029644,  0.000001188,  0.000000126,
Cor (1),    1.000000000, -0.044658752,  0.309827996,
Cor (2),   -0.044658752,  1.000000000,  0.360689039,
Cor (3),    0.309827996,  0.360689039,  1.000000000,
St.dev,     0.270039184,  0.009299058,  0.000354318,
Skewness,  -0.004218268, -0.395594584,  0.291676550,
Kurtosis,   0.333668719,  1.333282310, -0.124905331,
AutoCor,    0.385034196,  0.366978599,  0.034186397,
Markow Autoregressive (lag 1) bivariate joint 3 asset model cond. params
uProb.,   0.498525474,  0.501474526,
Prob (1),   0.523665972,  0.476334028,
Prob (2),   0.473532822,  0.526467178,
Mean,     -0.157981647, -0.002630953,  0.000246912,
Cor (1),    1.000000000, -0.254638672,  0.898864746,
Cor (2),   -0.254638672,  1.000000000, -0.537475586,
Cor (3),    0.898864746, -0.537475586,  1.000000000,
VCV (1),    0.086051958, -0.000280933,  0.000085786,
VCV (2),   -0.000280933,  0.000014145, -0.000000658,
VCV (3),    0.000085786, -0.000000658,  0.000000106,
St.dev,     0.293346141,  0.003760954,  0.000325344,
Mean,     -0.155679205, -0.006343343, -0.000157952,
Cor (1),    1.000000000,  0.041625977, -0.534362793,
Cor (2),    0.041625977,  1.000000000,  0.794677734,
Cor (3),   -0.534362793,  0.794677734,  1.000000000,
VCV (1),    0.038306906,  0.000092023, -0.000026310,
VCV (2),    0.000092023,  0.000127581,  0.000002258,
VCV (3),   -0.000026310,  0.000002258,  0.000000063,
St.dev,     0.195721502,  0.011295157,  0.000251562,
AutoCor,    0.385040283,  0.380126953,  0.026458740,

No.; 19; Score; 250000;
Markow Autoregressive (lag 1) bivariate joint 3 asset model uncond. params
uMean,      0.162989175, -0.000521232,  0.000162662,
VCV (1),    0.025168332, -0.000198362,  0.000010037,
VCV (2),   -0.000198362,  0.000107563, -0.000000439,
VCV (3),    0.000010037, -0.000000439,  0.000000059,
Cor (1),    1.000000000, -0.120559106,  0.261145570,
Cor (2),   -0.120559106,  1.000000000, -0.174789435,
Cor (3),    0.261145570, -0.174789435,  1.000000000,
St.dev,     0.158645303,  0.010371262,  0.000242267,
Skewness,   0.072862176,  0.233144113, -0.118201307,
Kurtosis,   0.150041480,  0.170637280,  0.464509355,
AutoCor,    0.068019816,  0.389958944,  0.442044479,
Markow Autoregressive (lag 1) bivariate joint 3 asset model cond. params
uProb.,   0.532622761,  0.467377239,
Prob (1),   0.555960206,  0.444039794,
Prob (2),   0.506027426,  0.493972574,
Mean,      0.146790081, -0.003660343,  0.000185895,
Cor (1),    1.000000000,  0.545043945,  0.927551270,
Cor (2),    0.545043945,  1.000000000, -0.723144531,
Cor (3),    0.927551270, -0.723144531,  1.000000000,
VCV (1),    0.019513771,  0.000564644,  0.000020727,
VCV (2),    0.000564644,  0.000054998, -0.000000858,
VCV (3),    0.000020727, -0.000000858,  0.000000026,
St.dev,     0.139691699,  0.007416044,  0.000159969,
Mean,      0.181449650,  0.003056097,  0.000136185,
Cor (1),    1.000000000, -0.653381348, -0.041076660,
Cor (2),   -0.653381348,  1.000000000,  0.132873535,
Cor (3),   -0.041076660,  0.132873535,  1.000000000,
VCV (1),    0.030724670, -0.001175795, -0.000001910,
VCV (2),   -0.001175795,  0.000105401,  0.000000362,
VCV (3),   -0.000001910,  0.000000362,  0.000000070,
St.dev,     0.175284539,  0.010266477,  0.000265258,
AutoCor,    0.068237305,  0.429595947,  0.446197510,

No.; 20; Score; 250000;
Markow Autoregressive (lag 1) bivariate joint 3 asset model uncond. params
uMean,      0.156985777, -0.003044237,  0.000113495,
VCV (1),    0.083643116,  0.002345815,  0.000020280,
VCV (2),    0.002345815,  0.000248117, -0.000000369,
VCV (3),    0.000020280, -0.000000369,  0.000000041,
Cor (1),    1.000000000,  0.514932280,  0.344257385,
Cor (2),    0.514932280,  1.000000000, -0.114899873,
Cor (3),    0.344257385, -0.114899873,  1.000000000,
St.dev,     0.289211195,  0.015751743,  0.000203687,
Skewness,   0.007239383, -0.045758032, -0.122906601,
Kurtosis,   0.017555796,  0.012392392, -0.065548481,
AutoCor,    0.469117138,  0.710793497,  0.067101145,
Markow Autoregressive (lag 1) bivariate joint 3 asset model cond. params
uProb.,   0.721991801,  0.278008199,
Prob (1),   0.780815916,  0.219184084,
Prob (2),   0.569224619,  0.430775381,
Mean,      0.151137895, -0.004943323,  0.000176790,
Cor (1),    1.000000000,  0.791320801,  0.340576172,
Cor (2),    0.791320801,  1.000000000,  0.124084473,
Cor (3),    0.340576172,  0.124084473,  1.000000000,
VCV (1),    0.061497792,  0.002183579,  0.000014894,
VCV (2),    0.002183579,  0.000123815,  0.000000243,
VCV (3),    0.000014894,  0.000000243,  0.000000031,
St.dev,     0.247987484,  0.011127215,  0.000176350,
Mean,      0.172172822,  0.001887720, -0.000050883,
Cor (1),    1.000000000, -0.079772949,  0.770324707,
Cor (2),   -0.079772949,  1.000000000, -0.531677246,
Cor (3),    0.770324707, -0.531677246,  1.000000000,
VCV (1),    0.074616745, -0.000193827,  0.000037051,
VCV (2),   -0.000193827,  0.000079119, -0.000000833,
VCV (3),    0.000037051, -0.000000833,  0.000000031,
St.dev,     0.273160658,  0.008894904,  0.000176080,
AutoCor,    0.469390869,  0.730377197,  0.018737793,

