Round No; 12; best result RLS; 22.132909195989

;;;
Statistical description of data for: Meginajums1
Calib/Tail/Per/Cur, 4176, 9999, 23, 0,
Title,    PE MARKET w  ,EQUITY LM SNP,REX BOND     ,
Mean,       0.000104436,  0.000075211,  0.000042226,
VCV (1),    0.033533792, -0.000018247, -0.000000770,
VCV (2),   -0.000018247,  0.000044333, -0.000000146,
VCV (3),   -0.000000770, -0.000000146,  0.000000045,
St.dev,     0.183122341,  0.006658326,  0.000210996,
Skewness,  -0.359429482, -0.013261914,  0.151860187,
Kurtosis,  20.092276212,  7.412958555, 34.388660560,
AutoCor,   -0.271804758, -0.019537378, -0.152000145,
No.; 1; Score; 22.132909195989;
Markow Autoregressive (lag 1) bivariate joint 3 asset model uncond. params
uMean,      0.000193386, -0.000180065,  0.000093336,
VCV (1),    0.033535341, -0.000077101, -0.000024464,
VCV (2),   -0.000077101,  0.000046816,  0.000000395,
VCV (3),   -0.000024464,  0.000000395,  0.000000050,
Cor (1),    1.000000000, -0.061533365, -0.595555404,
Cor (2),   -0.061533365,  1.000000000,  0.257213881,
Cor (3),   -0.595555404,  0.257213881,  1.000000000,
St.dev,     0.183126572,  0.006842205,  0.000224315,
Skewness,  -0.175832008, -0.009341521,  0.349186252,
Kurtosis,  -0.315673773,  0.010584544,  0.230661412,
AutoCor,    0.129626737,  0.105518791,  0.208410409,
Markow Autoregressive (lag 1) bivariate joint 3 asset model cond. params
uProb.,   0.527935339,  0.472064661,
Prob (1),   0.277420194,  0.722579806,
Prob (2),   0.808099919,  0.191900081,
Mean,      0.112795748, -0.000517862,  0.000009051,
Cor (1),    1.000000000, -0.999180309, -0.305859090,
Cor (2),   -0.999180309,  1.000000000,  0.729380587,
Cor (3),   -0.305859090,  0.729380587,  1.000000000,
VCV (1),    0.009244533, -0.000671196, -0.000004435,
VCV (2),   -0.000671196,  0.000048812,  0.000000768,
VCV (3),   -0.000004435,  0.000000768,  0.000000023,
St.dev,     0.096148494,  0.006986556,  0.000150802,
Mean,     -0.125735901,  0.000197712,  0.000187596,
Cor (1),    1.000000000,  0.841138408, -0.635076332,
Cor (2),    0.841138408,  1.000000000, -0.078418739,
Cor (3),   -0.635076332, -0.078418739,  1.000000000,
VCV (1),    0.015237061,  0.000682237, -0.000018136,
VCV (2),    0.000682237,  0.000043175, -0.000000119,
VCV (3),   -0.000018136, -0.000000119,  0.000000054,
St.dev,     0.123438492,  0.006570783,  0.000231345,
AutoCor,    0.613372869,  0.107257704,  0.346987699,

No.; 2; Score; 28.731022184364;
Markow Autoregressive (lag 1) bivariate joint 3 asset model uncond. params
uMean,     -0.000385670,  0.000146915,  0.000145699,
VCV (1),    0.033185858,  0.000295221, -0.000046731,
VCV (2),    0.000295221,  0.000054349,  0.000000607,
VCV (3),   -0.000046731,  0.000000607,  0.000000325,
Cor (1),    1.000000000,  0.219825157, -0.450221803,
Cor (2),    0.219825157,  1.000000000,  0.144626286,
Cor (3),   -0.450221803,  0.144626286,  1.000000000,
St.dev,     0.182169861,  0.007372146,  0.000569773,
Skewness,  -0.055185926, -0.020635511,  0.031990709,
Kurtosis,  -0.119514368, -0.129515027,  0.202210246,
AutoCor,    0.507004151,  0.663566735,  0.893257817,
Markow Autoregressive (lag 1) bivariate joint 3 asset model cond. params
uProb.,   0.423274196,  0.576725804,
Prob (1),   0.552247458,  0.447752542,
Prob (2),   0.328617336,  0.671382664,
Mean,      0.102767895,  0.004451134,  0.000190844,
Cor (1),    1.000000000, -0.985441278, -0.711585513,
Cor (2),   -0.985441278,  1.000000000, -0.107362589,
Cor (3),   -0.711585513, -0.107362589,  1.000000000,
VCV (1),    0.014194175, -0.000404067, -0.000028397,
VCV (2),   -0.000404067,  0.000011845, -0.000000124,
VCV (3),   -0.000028397, -0.000000124,  0.000000112,
St.dev,     0.119139308,  0.003441657,  0.000334960,
Mean,     -0.076092777, -0.003012065,  0.000112565,
Cor (1),    1.000000000,  0.507543440, -0.884235235,
Cor (2),    0.507543440,  1.000000000,  0.473553411,
Cor (3),   -0.884235235,  0.473553411,  1.000000000,
VCV (1),    0.018047226,  0.000269011, -0.000019799,
VCV (2),    0.000269011,  0.000015566,  0.000000311,
VCV (3),   -0.000019799,  0.000000311,  0.000000028,
St.dev,     0.134339963,  0.003945408,  0.000166673,
AutoCor,    0.594211064,  0.810353398,  0.896357488,

No.; 3; Score; 33.587076158282;
Markow Autoregressive (lag 1) bivariate joint 3 asset model uncond. params
uMean,      0.000179103, -0.000324274,  0.000070717,
VCV (1),    0.033548424, -0.000955077, -0.000004640,
VCV (2),   -0.000955077,  0.000069556,  0.000001146,
VCV (3),   -0.000004640,  0.000001146,  0.000000096,
Cor (1),    1.000000000, -0.625222206, -0.081832950,
Cor (2),   -0.625222206,  1.000000000,  0.443694976,
Cor (3),   -0.081832950,  0.443694976,  1.000000000,
St.dev,     0.183162289,  0.008340034,  0.000309569,
Skewness,   0.014077244,  0.186530097, -0.016311881,
Kurtosis,   0.128557969, -0.044830482,  0.028794395,
AutoCor,    0.594007337,  0.568062838,  0.084633972,
Markow Autoregressive (lag 1) bivariate joint 3 asset model cond. params
uProb.,   0.327939665,  0.672060335,
Prob (1),   0.422612734,  0.577387266,
Prob (2),   0.281742839,  0.718257161,
Mean,      0.006531867, -0.005186933,  0.000094940,
Cor (1),    1.000000000, -0.682825164,  0.730586173,
Cor (2),   -0.682825164,  1.000000000,  0.386577057,
Cor (3),    0.730586173,  0.386577057,  1.000000000,
VCV (1),    0.030519962, -0.000465015,  0.000036355,
VCV (2),   -0.000465015,  0.000015196,  0.000000429,
VCV (3),    0.000036355,  0.000000429,  0.000000081,
St.dev,     0.174699635,  0.003898210,  0.000284837,
Mean,     -0.002920803,  0.002048517,  0.000058897,
Cor (1),    1.000000000, -0.735362954, -0.580867641,
Cor (2),   -0.735362954,  1.000000000,  0.716621091,
Cor (3),   -0.580867641,  0.716621091,  1.000000000,
VCV (1),    0.017377882, -0.000628988, -0.000024403,
VCV (2),   -0.000628988,  0.000042100,  0.000001482,
VCV (3),   -0.000024403,  0.000001482,  0.000000102,
St.dev,     0.131825196,  0.006488464,  0.000318695,
AutoCor,    0.594273485,  0.653018807,  0.084465449,

