Round No; 4; best result RLS; 14.993120871495

;;;
Statistical description of data for: Meginajums1
Calib/Tail/Per/Cur, 4176, 9999, 23, 0,
Title,    PE MARKET w  ,EQUITY LM SNP,REX BOND     ,
Mean,       0.000104436,  0.000075211,  0.000042226,
VCV (1),    0.033533792, -0.000018247, -0.000000770,
VCV (2),   -0.000018247,  0.000044333, -0.000000146,
VCV (3),   -0.000000770, -0.000000146,  0.000000045,
St.dev,     0.183122341,  0.006658326,  0.000210996,
Skewness,  -0.359429482, -0.013261914,  0.151860187,
Kurtosis,  20.092276212,  7.412958555, 34.388660560,
AutoCor,   -0.271804758, -0.019537378, -0.152000145,
No.; 1; Score; 14.993120871495;
Markow Autoregressive (lag 1) bivariate joint 3 asset model uncond. params
uMean,     -0.001095044, -0.000084637,  0.000084977,
VCV (1),    0.033710153, -0.000057947, -0.000024125,
VCV (2),   -0.000057947,  0.000049371,  0.000000408,
VCV (3),   -0.000024125,  0.000000408,  0.000000050,
Cor (1),    1.000000000, -0.044917449, -0.589620866,
Cor (2),   -0.044917449,  1.000000000,  0.260645726,
Cor (3),   -0.589620866,  0.260645726,  1.000000000,
St.dev,     0.183603250,  0.007026484,  0.000222847,
Skewness,  -0.228723031, -0.002526881,  0.351681852,
Kurtosis,  -0.352325767,  0.000704915,  0.210509720,
AutoCor,    0.076281642,  0.106602461,  0.216276165,
Markow Autoregressive (lag 1) bivariate joint 3 asset model cond. params
uProb.,   0.536069628,  0.463930372,
Prob (1),   0.303864081,  0.696135919,
Prob (2),   0.804382179,  0.195617821,
Mean,      0.114488636, -0.000433506, -0.000001101,
Cor (1),    1.000000000, -0.992175746, -0.218798999,
Cor (2),   -0.992175746,  1.000000000,  0.695921289,
Cor (3),   -0.218798999,  0.695921289,  1.000000000,
VCV (1),    0.009177480, -0.000667980, -0.000003116,
VCV (2),   -0.000667980,  0.000049388,  0.000000727,
VCV (3),   -0.000003116,  0.000000727,  0.000000022,
St.dev,     0.095799165,  0.007027694,  0.000148660,
Mean,     -0.134651508,  0.000318480,  0.000184440,
Cor (1),    1.000000000,  0.849044446, -0.623901210,
Cor (2),    0.849044446,  1.000000000, -0.042864047,
Cor (3),   -0.623901210, -0.042864047,  1.000000000,
VCV (1),    0.016273981,  0.000748869, -0.000018011,
VCV (2),    0.000748869,  0.000047803, -0.000000067,
VCV (3),   -0.000018011, -0.000000067,  0.000000051,
St.dev,     0.127569516,  0.006913987,  0.000226301,
AutoCor,    0.563553955,  0.108336789,  0.365594365,

No.; 2; Score; 15.271419483416;
Markow Autoregressive (lag 1) bivariate joint 3 asset model uncond. params
uMean,      0.000427074, -0.000088053,  0.000083367,
VCV (1),    0.033524552, -0.000049277, -0.000024247,
VCV (2),   -0.000049277,  0.000047943,  0.000000386,
VCV (3),   -0.000024247,  0.000000386,  0.000000049,
Cor (1),    1.000000000, -0.038869083, -0.598924155,
Cor (2),   -0.038869083,  1.000000000,  0.252425612,
Cor (3),   -0.598924155,  0.252425612,  1.000000000,
St.dev,     0.183097111,  0.006924066,  0.000221107,
Skewness,  -0.248482138, -0.006295081,  0.333057312,
Kurtosis,  -0.324270229,  0.003318727,  0.189163671,
AutoCor,    0.090022431,  0.113023833,  0.224126921,
Markow Autoregressive (lag 1) bivariate joint 3 asset model cond. params
uProb.,   0.535958853,  0.464041147,
Prob (1),   0.299299336,  0.700700664,
Prob (2),   0.809296173,  0.190703827,
Mean,      0.114522283, -0.000488258, -0.000001405,
Cor (1),    1.000000000, -0.977363818, -0.217788306,
Cor (2),   -0.977363818,  1.000000000,  0.697119800,
Cor (3),   -0.217788306,  0.697119800,  1.000000000,
VCV (1),    0.008585154, -0.000631623, -0.000003005,
VCV (2),   -0.000631623,  0.000048647,  0.000000724,
VCV (3),   -0.000003005,  0.000000724,  0.000000022,
St.dev,     0.092656106,  0.006974729,  0.000148891,
Mean,     -0.131350759,  0.000374177,  0.000181277,
Cor (1),    1.000000000,  0.848230066, -0.648211366,
Cor (2),    0.848230066,  1.000000000, -0.080070419,
Cor (3),   -0.648211366, -0.080070419,  1.000000000,
VCV (1),    0.016619563,  0.000736473, -0.000018613,
VCV (2),    0.000736473,  0.000045359, -0.000000120,
VCV (3),   -0.000018613, -0.000000120,  0.000000050,
St.dev,     0.128916884,  0.006734933,  0.000222736,
AutoCor,    0.577948169,  0.115437069,  0.374250530,

No.; 3; Score; 15.502087655799;
Markow Autoregressive (lag 1) bivariate joint 3 asset model uncond. params
uMean,      0.000650922,  0.000067980,  0.000085131,
VCV (1),    0.033247685, -0.000045512, -0.000023712,
VCV (2),   -0.000045512,  0.000048075,  0.000000392,
VCV (3),   -0.000023712,  0.000000392,  0.000000048,
Cor (1),    1.000000000, -0.035998758, -0.590732202,
Cor (2),   -0.035998758,  1.000000000,  0.257075799,
Cor (3),   -0.590732202,  0.257075799,  1.000000000,
St.dev,     0.182339479,  0.006933632,  0.000220136,
Skewness,  -0.231326958, -0.002739090,  0.331193965,
Kurtosis,  -0.318861429,  0.000687205,  0.177720148,
AutoCor,    0.089027068,  0.104471897,  0.212324242,
Markow Autoregressive (lag 1) bivariate joint 3 asset model cond. params
uProb.,   0.535965812,  0.464034188,
Prob (1),   0.298669209,  0.701330791,
Prob (2),   0.810046623,  0.189953377,
Mean,      0.113279237, -0.000306900, -0.000000397,
Cor (1),    1.000000000, -0.978778882, -0.229539917,
Cor (2),   -0.978778882,  1.000000000,  0.696210644,
Cor (3),   -0.229539917,  0.696210644,  1.000000000,
VCV (1),    0.009308525, -0.000654820, -0.000003310,
VCV (2),   -0.000654820,  0.000048083,  0.000000722,
VCV (3),   -0.000003310,  0.000000722,  0.000000022,
St.dev,     0.096480700,  0.006934204,  0.000149484,
Mean,     -0.129436317,  0.000500971,  0.000183916,
Cor (1),    1.000000000,  0.866308753, -0.621079481,
Cor (2),    0.866308753,  1.000000000, -0.064635654,
Cor (3),   -0.621079481, -0.064635654,  1.000000000,
VCV (1),    0.016662843,  0.000762919, -0.000017732,
VCV (2),    0.000762919,  0.000046544, -0.000000098,
VCV (3),   -0.000017732, -0.000000098,  0.000000049,
St.dev,     0.129084634,  0.006822309,  0.000221175,
AutoCor,    0.562072107,  0.106558273,  0.365144488,

No.; 4; Score; 15.573427496639;
Markow Autoregressive (lag 1) bivariate joint 3 asset model uncond. params
uMean,     -0.001224154, -0.000032494,  0.000086175,
VCV (1),    0.033674268, -0.000063294, -0.000023272,
VCV (2),   -0.000063294,  0.000047243,  0.000000387,
VCV (3),   -0.000023272,  0.000000387,  0.000000049,
Cor (1),    1.000000000, -0.050181295, -0.575362093,
Cor (2),   -0.050181295,  1.000000000,  0.255468368,
Cor (3),   -0.575362093,  0.255468368,  1.000000000,
St.dev,     0.183505498,  0.006873374,  0.000220418,
Skewness,  -0.224558649, -0.001587473,  0.322893388,
Kurtosis,  -0.340156248,  0.000072682,  0.204335170,
AutoCor,    0.087859883,  0.100894613,  0.237408800,
Markow Autoregressive (lag 1) bivariate joint 3 asset model cond. params
uProb.,   0.534283734,  0.465716266,
Prob (1),   0.301755304,  0.698244696,
Prob (2),   0.801047355,  0.198952645,
Mean,      0.113686666, -0.000506410,  0.000005424,
Cor (1),    1.000000000, -0.995929291, -0.222685718,
Cor (2),   -0.995929291,  1.000000000,  0.699462109,
Cor (3),   -0.222685718,  0.699462109,  1.000000000,
VCV (1),    0.009227868, -0.000654520, -0.000003207,
VCV (2),   -0.000654520,  0.000046804,  0.000000717,
VCV (3),   -0.000003207,  0.000000717,  0.000000022,
St.dev,     0.096061791,  0.006841376,  0.000149913,
Mean,     -0.133053309,  0.000511197,  0.000178815,
Cor (1),    1.000000000,  0.862752039, -0.617504018,
Cor (2),    0.862752039,  1.000000000, -0.075343735,
Cor (3),   -0.617504018, -0.075343735,  1.000000000,
VCV (1),    0.016359723,  0.000749233, -0.000017713,
VCV (2),    0.000749233,  0.000046098, -0.000000115,
VCV (3),   -0.000017713, -0.000000115,  0.000000050,
St.dev,     0.127905131,  0.006789576,  0.000224267,
AutoCor,    0.567978930,  0.104185971,  0.371487932,

No.; 5; Score; 15.966469516;
Markow Autoregressive (lag 1) bivariate joint 3 asset model uncond. params
uMean,      0.000886256, -0.000061505,  0.000086952,
VCV (1),    0.033147297, -0.000033339, -0.000023853,
VCV (2),   -0.000033339,  0.000049001,  0.000000407,
VCV (3),   -0.000023853,  0.000000407,  0.000000049,
Cor (1),    1.000000000, -0.026159271, -0.593868907,
Cor (2),   -0.026159271,  1.000000000,  0.263832540,
Cor (3),   -0.593868907,  0.263832540,  1.000000000,
St.dev,     0.182063990,  0.007000067,  0.000220608,
Skewness,  -0.264211812, -0.001537210,  0.332976565,
Kurtosis,  -0.318899376,  0.000231036,  0.182602273,
AutoCor,    0.084868483,  0.097557164,  0.215356801,
Markow Autoregressive (lag 1) bivariate joint 3 asset model cond. params
uProb.,   0.533695972,  0.466304028,
Prob (1),   0.300664630,  0.699335370,
Prob (2),   0.800405847,  0.199594153,
Mean,      0.114922112, -0.000418880,  0.000001387,
Cor (1),    1.000000000, -0.985245243, -0.219400366,
Cor (2),   -0.985245243,  1.000000000,  0.698144702,
Cor (3),   -0.219400366,  0.698144702,  1.000000000,
VCV (1),    0.008521642, -0.000635423, -0.000003028,
VCV (2),   -0.000635423,  0.000048811,  0.000000729,
VCV (3),   -0.000003028,  0.000000729,  0.000000022,
St.dev,     0.092312739,  0.006986459,  0.000149497,
Mean,     -0.129630473,  0.000347519,  0.000184883,
Cor (1),    1.000000000,  0.834202845, -0.626132191,
Cor (2),    0.834202845,  1.000000000, -0.042129208,
Cor (3),   -0.626132191, -0.042129208,  1.000000000,
VCV (1),    0.017074650,  0.000754198, -0.000018179,
VCV (2),    0.000754198,  0.000047871, -0.000000065,
VCV (3),   -0.000018179, -0.000000065,  0.000000049,
St.dev,     0.130670006,  0.006918908,  0.000222187,
AutoCor,    0.561282605,  0.099344296,  0.364088299,

No.; 6; Score; 16.111142065138;
Markow Autoregressive (lag 1) bivariate joint 3 asset model uncond. params
uMean,      0.000088606, -0.000010263,  0.000086197,
VCV (1),    0.033213054, -0.000037760, -0.000023722,
VCV (2),   -0.000037760,  0.000047240,  0.000000388,
VCV (3),   -0.000023722,  0.000000388,  0.000000049,
Cor (1),    1.000000000, -0.030145280, -0.589383429,
Cor (2),   -0.030145280,  1.000000000,  0.255292955,
Cor (3),   -0.589383429,  0.255292955,  1.000000000,
St.dev,     0.182244490,  0.006873160,  0.000220852,
Skewness,  -0.220726492, -0.001399215,  0.340548262,
Kurtosis,  -0.326421699,  0.000234716,  0.198578237,
AutoCor,    0.101086611,  0.104978671,  0.219808527,
Markow Autoregressive (lag 1) bivariate joint 3 asset model cond. params
uProb.,   0.533077380,  0.466922620,
Prob (1),   0.302183391,  0.697816609,
Prob (2),   0.796685003,  0.203314997,
Mean,      0.113366895, -0.000332668,  0.000001172,
Cor (1),    1.000000000, -0.985609616, -0.237044483,
Cor (2),   -0.985609616,  1.000000000,  0.688019092,
Cor (3),   -0.237044483,  0.688019092,  1.000000000,
VCV (1),    0.009212793, -0.000648600, -0.000003379,
VCV (2),   -0.000648600,  0.000047006,  0.000000700,
VCV (3),   -0.000003379,  0.000000700,  0.000000022,
St.dev,     0.095983295,  0.006856091,  0.000148493,
Mean,     -0.129239232,  0.000357821,  0.000183269,
Cor (1),    1.000000000,  0.864076087, -0.620789857,
Cor (2),    0.864076087,  1.000000000, -0.043757065,
Cor (3),   -0.620789857, -0.043757065,  1.000000000,
VCV (1),    0.016270073,  0.000748413, -0.000017711,
VCV (2),    0.000748413,  0.000046109, -0.000000066,
VCV (3),   -0.000017711, -0.000000066,  0.000000050,
St.dev,     0.127554196,  0.006790385,  0.000223673,
AutoCor,    0.571128125,  0.106488412,  0.365300371,

No.; 7; Score; 17.206264365528;
Markow Autoregressive (lag 1) bivariate joint 3 asset model uncond. params
uMean,      0.000333915,  0.000050502,  0.000085805,
VCV (1),    0.033013727, -0.000039131, -0.000023814,
VCV (2),   -0.000039131,  0.000048065,  0.000000409,
VCV (3),   -0.000023814,  0.000000409,  0.000000049,
Cor (1),    1.000000000, -0.031063930, -0.594957028,
Cor (2),   -0.031063930,  1.000000000,  0.267881245,
Cor (3),   -0.594957028,  0.267881245,  1.000000000,
St.dev,     0.181696800,  0.006932860,  0.000220297,
Skewness,  -0.257656615, -0.002838772,  0.307321854,
Kurtosis,  -0.327619606,  0.000771655,  0.175393151,
AutoCor,    0.081068105,  0.098506124,  0.233334457,
Markow Autoregressive (lag 1) bivariate joint 3 asset model cond. params
uProb.,   0.537462634,  0.462537366,
Prob (1),   0.303553435,  0.696446565,
Prob (2),   0.809262197,  0.190737803,
Mean,      0.113818017, -0.000316403,  0.000004464,
Cor (1),    1.000000000, -0.993391903, -0.252322461,
Cor (2),   -0.993391903,  1.000000000,  0.690811133,
Cor (3),   -0.252322461,  0.690811133,  1.000000000,
VCV (1),    0.008499872, -0.000635679, -0.000003540,
VCV (2),   -0.000635679,  0.000048175,  0.000000730,
VCV (3),   -0.000003540,  0.000000730,  0.000000023,
St.dev,     0.092194749,  0.006940829,  0.000152181,
Mean,     -0.131533193,  0.000476842,  0.000180322,
Cor (1),    1.000000000,  0.862394007, -0.637767665,
Cor (2),    0.862394007,  1.000000000, -0.045361508,
Cor (3),   -0.637767665, -0.045361508,  1.000000000,
VCV (1),    0.016574095,  0.000757514, -0.000018201,
VCV (2),    0.000757514,  0.000046552, -0.000000069,
VCV (3),   -0.000018201, -0.000000069,  0.000000049,
St.dev,     0.128740418,  0.006822914,  0.000221679,
AutoCor,    0.567580139,  0.100478964,  0.372450542,

No.; 8; Score; 17.255359691401;
Markow Autoregressive (lag 1) bivariate joint 3 asset model uncond. params
uMean,     -0.000422289, -0.000047445,  0.000081961,
VCV (1),    0.034072746, -0.000052418, -0.000023780,
VCV (2),   -0.000052418,  0.000047389,  0.000000380,
VCV (3),   -0.000023780,  0.000000380,  0.000000048,
Cor (1),    1.000000000, -0.041251515, -0.587222503,
Cor (2),   -0.041251515,  1.000000000,  0.251359458,
Cor (3),   -0.587222503,  0.251359458,  1.000000000,
St.dev,     0.184588044,  0.006883933,  0.000219385,
Skewness,  -0.238600214, -0.004329456,  0.342299704,
Kurtosis,  -0.313295539,  0.001987894,  0.208565748,
AutoCor,    0.100950121,  0.097083131,  0.213071702,
Markow Autoregressive (lag 1) bivariate joint 3 asset model cond. params
uProb.,   0.539436842,  0.460563158,
Prob (1),   0.307819754,  0.692180246,
Prob (2),   0.810719484,  0.189280516,
Mean,      0.112854264, -0.000398033, -0.000001039,
Cor (1),    1.000000000, -0.988777226, -0.217638233,
Cor (2),   -0.988777226,  1.000000000,  0.698975439,
Cor (3),   -0.217638233,  0.698975439,  1.000000000,
VCV (1),    0.009145246, -0.000654715, -0.000003099,
VCV (2),   -0.000654715,  0.000047942,  0.000000721,
VCV (3),   -0.000003099,  0.000000721,  0.000000022,
St.dev,     0.095630777,  0.006923983,  0.000148920,
Mean,     -0.133098004,  0.000363184,  0.000179174,
Cor (1),    1.000000000,  0.862769226, -0.633626869,
Cor (2),    0.862769226,  1.000000000, -0.079993100,
Cor (3),   -0.633626869, -0.079993100,  1.000000000,
VCV (1),    0.016847212,  0.000754752, -0.000018372,
VCV (2),    0.000754752,  0.000045425, -0.000000120,
VCV (3),   -0.000018372, -0.000000120,  0.000000050,
St.dev,     0.129796810,  0.006739781,  0.000223393,
AutoCor,    0.577500842,  0.098911374,  0.357275457,

No.; 9; Score; 17.418802767053;
Markow Autoregressive (lag 1) bivariate joint 3 asset model uncond. params
uMean,      0.001585573, -0.000020366,  0.000083892,
VCV (1),    0.033046100, -0.000063134, -0.000023334,
VCV (2),   -0.000063134,  0.000047318,  0.000000406,
VCV (3),   -0.000023334,  0.000000406,  0.000000048,
Cor (1),    1.000000000, -0.050488360, -0.584742486,
Cor (2),   -0.050488360,  1.000000000,  0.268656308,
Cor (3),   -0.584742486,  0.268656308,  1.000000000,
St.dev,     0.181785864,  0.006878816,  0.000219519,
Skewness,  -0.219136429, -0.000246369,  0.326075648,
Kurtosis,  -0.325986932, -0.000014798,  0.202357058,
AutoCor,    0.093597563,  0.113307595,  0.235832721,
Markow Autoregressive (lag 1) bivariate joint 3 asset model cond. params
uProb.,   0.536119089,  0.463880911,
Prob (1),   0.299139486,  0.700860514,
Prob (2),   0.810002507,  0.189997493,
Mean,      0.113932996, -0.000374011,  0.000002738,
Cor (1),    1.000000000, -0.993797418, -0.242178443,
Cor (2),   -0.993797418,  1.000000000,  0.711779565,
Cor (3),   -0.242178443,  0.711779565,  1.000000000,
VCV (1),    0.009255601, -0.000652807, -0.000003461,
VCV (2),   -0.000652807,  0.000046620,  0.000000722,
VCV (3),   -0.000003461,  0.000000722,  0.000000022,
St.dev,     0.096206036,  0.006827861,  0.000148547,
Mean,     -0.128257230,  0.000388351,  0.000177683,
Cor (1),    1.000000000,  0.832023157, -0.624825941,
Cor (2),    0.832023157,  1.000000000, -0.043538559,
Cor (3),   -0.624825941, -0.043538559,  1.000000000,
VCV (1),    0.016107738,  0.000719796, -0.000017663,
VCV (2),    0.000719796,  0.000046464, -0.000000066,
VCV (3),   -0.000017663, -0.000000066,  0.000000050,
St.dev,     0.126916264,  0.006816425,  0.000222734,
AutoCor,    0.571292151,  0.115220065,  0.375899236,

