Round No; 1; best result RLS; 19.348351880177

;;;
Statistical description of data for: Meginajums1
Calib/Tail/Per/Cur, 4176, 9999, 23, 0,
Title,    PE MARKET w  ,EQUITY LM SNP,REX BOND     ,
Mean,       0.000104436,  0.000075211,  0.000042226,
VCV (1),    0.033533792, -0.000018247, -0.000000770,
VCV (2),   -0.000018247,  0.000044333, -0.000000146,
VCV (3),   -0.000000770, -0.000000146,  0.000000045,
St.dev,     0.183122341,  0.006658326,  0.000210996,
Skewness,  -0.359429482, -0.013261914,  0.151860187,
Kurtosis,  20.092276212,  7.412958555, 34.388660560,
AutoCor,   -0.271804758, -0.019537378, -0.152000145,
No.; 1; Score; 19.348351880177;
Markow Autoregressive (lag 1) bivariate joint 3 asset model uncond. params
uMean,     -0.051879967,  0.000303282,  0.000021646,
VCV (1),    0.022401024,  0.000088005,  0.000002702,
VCV (2),    0.000088005,  0.000060706, -0.000000527,
VCV (3),    0.000002702, -0.000000527,  0.000000117,
Cor (1),    1.000000000,  0.075466837,  0.052828239,
Cor (2),    0.075466837,  1.000000000, -0.197986606,
Cor (3),    0.052828239, -0.197986606,  1.000000000,
St.dev,     0.149669717,  0.007791396,  0.000341760,
Skewness,  -0.448927867, -0.264308126,  0.023315041,
Kurtosis,   0.140181638,  0.156640878,  0.013094713,
AutoCor,   -0.093858575, -0.426005434,  0.289467548,
Markow Autoregressive (lag 1) bivariate joint 3 asset model cond. params
uProb.,   0.555765677,  0.444234323,
Prob (1),   0.391259103,  0.608740897,
Prob (2),   0.761573969,  0.238426031,
Mean,      0.019696122,  0.002933500, -0.000015004,
Cor (1),    1.000000000, -0.485838631,  0.395651604,
Cor (2),   -0.485838631,  1.000000000,  0.089796618,
Cor (3),    0.395651604,  0.089796618,  1.000000000,
VCV (1),    0.010812399, -0.000273254,  0.000012876,
VCV (2),   -0.000273254,  0.000029257,  0.000000152,
VCV (3),    0.000012876,  0.000000152,  0.000000098,
St.dev,     0.103982684,  0.005408963,  0.000312965,
Mean,     -0.141426252, -0.002987290,  0.000067498,
Cor (1),    1.000000000,  0.006400761, -0.053611139,
Cor (2),    0.006400761,  1.000000000, -0.475946580,
Cor (3),   -0.053611139, -0.475946580,  1.000000000,
VCV (1),    0.022460894,  0.000007329, -0.000002706,
VCV (2),    0.000007329,  0.000058369, -0.000001225,
VCV (3),   -0.000002706, -0.000001225,  0.000000113,
St.dev,     0.149869592,  0.007639972,  0.000336780,
AutoCor,    0.016943708, -0.435265548,  0.299098849,

No.; 2; Score; 26.603983835243;
Markow Autoregressive (lag 1) bivariate joint 3 asset model uncond. params
uMean,     -0.019484833,  0.002078335,  0.000072648,
VCV (1),    0.048700765, -0.000319689,  0.000000656,
VCV (2),   -0.000319689,  0.000078395, -0.000000568,
VCV (3),    0.000000656, -0.000000568,  0.000000069,
Cor (1),    1.000000000, -0.163611673,  0.011337368,
Cor (2),   -0.163611673,  1.000000000, -0.244588009,
Cor (3),    0.011337368, -0.244588009,  1.000000000,
St.dev,     0.220682498,  0.008854118,  0.000262298,
Skewness,  -0.154499435,  0.198176551,  0.072546864,
Kurtosis,   0.126414576,  0.016080827, -0.011769067,
AutoCor,    0.183486993,  0.402836309,  0.119758729,
Markow Autoregressive (lag 1) bivariate joint 3 asset model cond. params
uProb.,   0.518496752,  0.481503248,
Prob (1),   0.285736023,  0.714263977,
Prob (2),   0.769140299,  0.230859701,
Mean,      0.033148640,  0.005625440, -0.000014935,
Cor (1),    1.000000000, -0.999486092,  0.523752190,
Cor (2),   -0.999486092,  1.000000000, -0.136448499,
Cor (3),    0.523752190, -0.136448499,  1.000000000,
VCV (1),    0.033425630, -0.001377341,  0.000022159,
VCV (2),   -0.001377341,  0.000056813, -0.000000238,
VCV (3),    0.000022159, -0.000000238,  0.000000054,
St.dev,     0.182826776,  0.007537461,  0.000231410,
Mean,     -0.076162094, -0.001741292,  0.000166959,
Cor (1),    1.000000000,  0.452518925, -0.218149714,
Cor (2),    0.452518925,  1.000000000, -0.131378709,
Cor (3),   -0.218149714, -0.131378709,  1.000000000,
VCV (1),    0.054061382,  0.000546048, -0.000012724,
VCV (2),    0.000546048,  0.000026934, -0.000000171,
VCV (3),   -0.000012724, -0.000000171,  0.000000063,
St.dev,     0.232511036,  0.005189795,  0.000250866,
AutoCor,    0.227002302,  0.588001054,  0.202052951,

No.; 3; Score; 33.85961579031;
Markow Autoregressive (lag 1) bivariate joint 3 asset model uncond. params
uMean,     -0.000886762, -0.000485339,  0.000038068,
VCV (1),    1.687469514,  0.000127548, -0.000024274,
VCV (2),    0.000127548,  0.000042979, -0.000000031,
VCV (3),   -0.000024274, -0.000000031,  0.000000061,
Cor (1),    1.000000000,  0.014977144, -0.075418714,
Cor (2),    0.014977144,  1.000000000, -0.019375309,
Cor (3),   -0.075418714, -0.019375309,  1.000000000,
St.dev,     1.299026372,  0.006555841,  0.000247772,
Skewness,  -0.000508830,  0.000310585,  0.143503792,
Kurtosis,   0.001531847,  0.010146878,  0.116021866,
AutoCor,    0.992171560, -0.240551782,  0.396994775,
Markow Autoregressive (lag 1) bivariate joint 3 asset model cond. params
uProb.,   0.578689922,  0.421310078,
Prob (1),   0.399208225,  0.600791775,
Prob (2),   0.825216780,  0.174783220,
Mean,      0.050611430, -0.000495310, -0.000015823,
Cor (1),    1.000000000, -0.276365975,  0.504233147,
Cor (2),   -0.276365975,  1.000000000,  0.073207263,
Cor (3),    0.504233147,  0.073207263,  1.000000000,
VCV (1),    0.008988686, -0.000162176,  0.000008977,
VCV (2),   -0.000162176,  0.000038310,  0.000000085,
VCV (3),    0.000008977,  0.000000085,  0.000000035,
St.dev,     0.094808684,  0.006189479,  0.000187778,
Mean,     -0.071622037, -0.000471642,  0.000112090,
Cor (1),    1.000000000,  0.568534550, -0.995835261,
Cor (2),    0.568534550,  1.000000000, -0.125153123,
Cor (3),   -0.995835261, -0.125153123,  1.000000000,
VCV (1),    0.025614237,  0.000600053, -0.000038944,
VCV (2),    0.000600053,  0.000043489, -0.000000202,
VCV (3),   -0.000038944, -0.000000202,  0.000000060,
St.dev,     0.160044483,  0.006594651,  0.000244353,
AutoCor,    0.995239606, -0.240551192,  0.454189181,

No.; 4; Score; 41.115247745376;
Markow Autoregressive (lag 1) bivariate joint 3 asset model uncond. params
uMean,     -0.038025570, -0.000389720,  0.000013248,
VCV (1),    0.052944254, -0.000041502, -0.000004897,
VCV (2),   -0.000041502,  0.000082860,  0.000000350,
VCV (3),   -0.000004897,  0.000000350,  0.000000090,
Cor (1),    1.000000000, -0.019814862, -0.070816081,
Cor (2),   -0.019814862,  1.000000000,  0.127801391,
Cor (3),   -0.070816081,  0.127801391,  1.000000000,
St.dev,     0.230096184,  0.009102740,  0.000300537,
Skewness,   0.157736449,  0.155749028, -0.005147706,
Kurtosis,  -0.361097517,  0.231720296,  0.004206696,
AutoCor,   -0.068883365, -0.434339208, -0.195461977,
Markow Autoregressive (lag 1) bivariate joint 3 asset model cond. params
uProb.,   0.468138361,  0.531861639,
Prob (1),   0.062937460,  0.937062540,
Prob (2),   0.824791431,  0.175208569,
Mean,      0.125552549, -0.002186795, -0.000001490,
Cor (1),    1.000000000, -0.706883553,  0.389096428,
Cor (2),   -0.706883553,  1.000000000, -0.121031018,
Cor (3),    0.389096428, -0.121031018,  1.000000000,
VCV (1),    0.026428201, -0.000703223,  0.000019020,
VCV (2),   -0.000703223,  0.000037448, -0.000000223,
VCV (3),    0.000019020, -0.000000223,  0.000000090,
St.dev,     0.162567526,  0.006119437,  0.000300691,
Mean,     -0.182005108,  0.001192045,  0.000026221,
Cor (1),    1.000000000,  0.848685917, -0.564804987,
Cor (2),    0.848685917,  1.000000000,  0.276030959,
Cor (3),   -0.564804987,  0.276030959,  1.000000000,
VCV (1),    0.018927496,  0.001111398, -0.000022452,
VCV (2),    0.001111398,  0.000090605,  0.000000759,
VCV (3),   -0.000022452,  0.000000759,  0.000000083,
St.dev,     0.137577236,  0.009518661,  0.000288941,
AutoCor,    0.486389509, -0.422704512, -0.194260526,

No.; 5; Score; 48.370879700443;
Markow Autoregressive (lag 1) bivariate joint 3 asset model uncond. params
uMean,     -0.005960353, -0.002113665,  0.000059969,
VCV (1),    0.030463246, -0.000045926,  0.000009004,
VCV (2),   -0.000045926,  0.000099907,  0.000000149,
VCV (3),    0.000009004,  0.000000149,  0.000000093,
Cor (1),    1.000000000, -0.026324950,  0.169579709,
Cor (2),   -0.026324950,  1.000000000,  0.049162278,
Cor (3),    0.169579709,  0.049162278,  1.000000000,
St.dev,     0.174537233,  0.009995357,  0.000304214,
Skewness,  -0.294953283, -0.066888726, -0.256580699,
Kurtosis,   1.756019972, -0.000100076,  0.328422398,
AutoCor,    0.093211759,  0.024384914,  0.409667713,
Markow Autoregressive (lag 1) bivariate joint 3 asset model cond. params
uProb.,   0.569776308,  0.430223692,
Prob (1),   0.281901049,  0.718098951,
Prob (2),   0.951030307,  0.048969693,
Mean,      0.013606947,  0.000696068, -0.000006288,
Cor (1),    1.000000000, -0.851610115,  0.514816643,
Cor (2),   -0.851610115,  1.000000000,  0.395839099,
Cor (3),    0.514816643,  0.395839099,  1.000000000,
VCV (1),    0.009336269, -0.000750969,  0.000015639,
VCV (2),   -0.000750969,  0.000083289,  0.000001136,
VCV (3),    0.000015639,  0.000001136,  0.000000099,
St.dev,     0.096624371,  0.009126291,  0.000314385,
Mean,     -0.031874742, -0.005834797,  0.000147719,
Cor (1),    1.000000000,  0.311051640,  0.079909368,
Cor (2),    0.311051640,  1.000000000, -0.417975389,
Cor (3),    0.079909368, -0.417975389,  1.000000000,
VCV (1),    0.056480528,  0.000721659,  0.000002934,
VCV (2),    0.000721659,  0.000095302, -0.000000630,
VCV (3),    0.000002934, -0.000000630,  0.000000024,
St.dev,     0.237656323,  0.009762253,  0.000154487,
AutoCor,    0.106116071,  0.105444902,  0.481984592,

No.; 6; Score; 55.626511655509;
Markow Autoregressive (lag 1) bivariate joint 3 asset model uncond. params
uMean,      0.022576030, -0.002065852,  0.000118747,
VCV (1),    0.027760989, -0.000347346, -0.000006393,
VCV (2),   -0.000347346,  0.000033514,  0.000000237,
VCV (3),   -0.000006393,  0.000000237,  0.000000092,
Cor (1),    1.000000000, -0.360108501, -0.126704339,
Cor (2),   -0.360108501,  1.000000000,  0.135194934,
Cor (3),   -0.126704339,  0.135194934,  1.000000000,
St.dev,     0.166616293,  0.005789103,  0.000302832,
Skewness,  -0.300513628,  0.024828220,  0.203812757,
Kurtosis,  -0.173416846,  0.071371262,  0.140195382,
AutoCor,   -0.048388354,  0.113584499, -0.144176936,
Markow Autoregressive (lag 1) bivariate joint 3 asset model cond. params
uProb.,   0.600841200,  0.399158800,
Prob (1),   0.340629468,  0.659370532,
Prob (2),   0.992529743,  0.007470257,
Mean,      0.109390750, -0.001813971,  0.000037593,
Cor (1),    1.000000000, -0.964952400,  0.496176506,
Cor (2),   -0.964952400,  1.000000000,  0.448573474,
Cor (3),    0.496176506,  0.448573474,  1.000000000,
VCV (1),    0.011706697, -0.000637241,  0.000013879,
VCV (2),   -0.000637241,  0.000037253,  0.000000708,
VCV (3),    0.000013879,  0.000000708,  0.000000067,
St.dev,     0.108197493,  0.006103527,  0.000258525,
Mean,     -0.108103440, -0.002445001,  0.000240905,
Cor (1),    1.000000000,  0.068510136, -0.233310846,
Cor (2),    0.068510136,  1.000000000, -0.234943162,
Cor (3),   -0.233310846, -0.234943162,  1.000000000,
VCV (1),    0.017914556,  0.000047225, -0.000010018,
VCV (2),    0.000047225,  0.000026524, -0.000000388,
VCV (3),   -0.000010018, -0.000000388,  0.000000103,
St.dev,     0.133845269,  0.005150110,  0.000320797,
AutoCor,    0.368689314,  0.115772050, -0.082639432,

No.; 7; Score; 62.882143610575;
Markow Autoregressive (lag 1) bivariate joint 3 asset model uncond. params
uMean,      0.055027898,  0.000090777,  0.000105465,
VCV (1),    0.030305154,  0.000240268, -0.000018701,
VCV (2),    0.000240268,  0.000038771,  0.000000011,
VCV (3),   -0.000018701,  0.000000011,  0.000000074,
Cor (1),    1.000000000,  0.221658761, -0.395612954,
Cor (2),    0.221658761,  1.000000000,  0.006423672,
Cor (3),   -0.395612954,  0.006423672,  1.000000000,
St.dev,     0.174083755,  0.006226626,  0.000271534,
Skewness,  -0.473526721, -0.196457941,  0.132056798,
Kurtosis,   0.798403788,  0.124437132,  0.162406079,
AutoCor,    0.027925984,  0.158651253, -0.148848143,
Markow Autoregressive (lag 1) bivariate joint 3 asset model cond. params
uProb.,   0.502136416,  0.497863584,
Prob (1),   0.154650631,  0.845349369,
Prob (2),   0.852604441,  0.147395559,
Mean,      0.107566680, -0.001779346,  0.000054654,
Cor (1),    1.000000000, -0.306358650,  0.618857170,
Cor (2),   -0.306358650,  1.000000000, -0.369065686,
Cor (3),    0.618857170, -0.369065686,  1.000000000,
VCV (1),    0.011418978, -0.000211859,  0.000015161,
VCV (2),   -0.000211859,  0.000041880, -0.000000548,
VCV (3),    0.000015161, -0.000000548,  0.000000053,
St.dev,     0.106859618,  0.006471474,  0.000229260,
Mean,      0.002038210,  0.001976950,  0.000156713,
Cor (1),    1.000000000,  0.857035527, -0.778635553,
Cor (2),    0.857035527,  1.000000000,  0.257903518,
Cor (3),   -0.778635553,  0.257903518,  1.000000000,
VCV (1),    0.043193626,  0.000878436, -0.000047864,
VCV (2),    0.000878436,  0.000024322,  0.000000376,
VCV (3),   -0.000047864,  0.000000376,  0.000000087,
St.dev,     0.207830763,  0.004931756,  0.000295779,
AutoCor,    0.101355329,  0.244385331, -0.128745389,

No.; 8; Score; 70.137775565642;
Markow Autoregressive (lag 1) bivariate joint 3 asset model uncond. params
uMean,      0.091362767,  0.001223638,  0.000064654,
VCV (1),    0.038515346, -0.000088147, -0.000002802,
VCV (2),   -0.000088147,  0.000054392, -0.000000403,
VCV (3),   -0.000002802, -0.000000403,  0.000000116,
Cor (1),    1.000000000, -0.060900887, -0.041860816,
Cor (2),   -0.060900887,  1.000000000, -0.160120374,
Cor (3),   -0.041860816, -0.160120374,  1.000000000,
St.dev,     0.196253269,  0.007375073,  0.000341110,
Skewness,  -0.269991263,  0.226806001,  0.005166569,
Kurtosis,  -0.002347054,  0.030200402,  0.000279751,
AutoCor,   -0.121571868,  0.134984446,  0.278583333,
Markow Autoregressive (lag 1) bivariate joint 3 asset model cond. params
uProb.,   0.560232089,  0.439767911,
Prob (1),   0.308240669,  0.691759331,
Prob (2),   0.881250689,  0.118749311,
Mean,      0.180341716,  0.003813257,  0.000097631,
Cor (1),    1.000000000, -0.902366951, -0.310769295,
Cor (2),   -0.902366951,  1.000000000, -0.252061292,
Cor (3),   -0.310769295, -0.252061292,  1.000000000,
VCV (1),    0.023104099, -0.000996540, -0.000015465,
VCV (2),   -0.000996540,  0.000052788, -0.000000600,
VCV (3),   -0.000015465, -0.000000600,  0.000000107,
St.dev,     0.152000326,  0.007265524,  0.000327395,
Mean,     -0.021989892, -0.002075346,  0.000022643,
Cor (1),    1.000000000,  0.402787480,  0.083022161,
Cor (2),    0.402787480,  1.000000000, -0.177448045,
Cor (3),    0.083022161, -0.177448045,  1.000000000,
VCV (1),    0.035117065,  0.000410529,  0.000004995,
VCV (2),    0.000410529,  0.000029581, -0.000000310,
VCV (3),    0.000004995, -0.000000310,  0.000000103,
St.dev,     0.187395477,  0.005438872,  0.000321052,
AutoCor,    0.038586774,  0.266907304,  0.288844943,

No.; 9; Score; 77.393407520708;
Markow Autoregressive (lag 1) bivariate joint 3 asset model uncond. params
uMean,     -0.014342198,  0.000595841,  0.000153512,
VCV (1),    0.044422925,  0.000167584,  0.000006467,
VCV (2),    0.000167584,  0.000028032,  0.000000280,
VCV (3),    0.000006467,  0.000000280,  0.000000053,
Cor (1),    1.000000000,  0.150177562,  0.133305863,
Cor (2),    0.150177562,  1.000000000,  0.229678629,
Cor (3),    0.133305863,  0.229678629,  1.000000000,
St.dev,     0.210767468,  0.005294492,  0.000230157,
Skewness,  -0.026235823,  0.086641213, -0.144946823,
Kurtosis,  -0.160449957,  0.167544269,  0.096095578,
AutoCor,    0.320808994,  0.050318307,  0.006439995,
Markow Autoregressive (lag 1) bivariate joint 3 asset model cond. params
uProb.,   0.527672542,  0.472327458,
Prob (1),   0.321041961,  0.678958039,
Prob (2),   0.758515110,  0.241484890,
Mean,      0.092149263, -0.000018369,  0.000211070,
Cor (1),    1.000000000, -0.397581795,  0.033542229,
Cor (2),   -0.397581795,  1.000000000, -0.125535413,
Cor (3),    0.033542229, -0.125535413,  1.000000000,
VCV (1),    0.019128193, -0.000253642,  0.000000930,
VCV (2),   -0.000253642,  0.000021277, -0.000000116,
VCV (3),    0.000000930, -0.000000116,  0.000000040,
St.dev,     0.138304710,  0.004612719,  0.000200388,
Mean,     -0.133311822,  0.001282020,  0.000089211,
Cor (1),    1.000000000,  0.938773808, -0.053354792,
Cor (2),    0.938773808,  1.000000000,  0.562407912,
Cor (3),   -0.053354792,  0.562407912,  1.000000000,
VCV (1),    0.019735852,  0.000774528, -0.000001825,
VCV (2),    0.000774528,  0.000034490,  0.000000804,
VCV (3),   -0.000001825,  0.000000804,  0.000000059,
St.dev,     0.140484348,  0.005872838,  0.000243495,
AutoCor,    0.623352399,  0.057764238,  0.039784884,

No.; 10; Score; 84.649039475774;
Markow Autoregressive (lag 1) bivariate joint 3 asset model uncond. params
uMean,      0.025994295, -0.000546417,  0.000143433,
VCV (1),    0.043208867,  0.000002788,  0.000006479,
VCV (2),    0.000002788,  0.000046437,  0.000000181,
VCV (3),    0.000006479,  0.000000181,  0.000000081,
Cor (1),    1.000000000,  0.001968529,  0.109427176,
Cor (2),    0.001968529,  1.000000000,  0.093058791,
Cor (3),    0.109427176,  0.093058791,  1.000000000,
St.dev,     0.207867426,  0.006814460,  0.000284842,
Skewness,  -0.324137999,  0.092282373, -0.519371432,
Kurtosis,   0.419107513, -0.055756294,  0.842969105,
AutoCor,   -0.033420513, -0.421773616, -0.082853083,
Markow Autoregressive (lag 1) bivariate joint 3 asset model cond. params
uProb.,   0.521636610,  0.478363390,
Prob (1),   0.194816255,  0.805183745,
Prob (2),   0.878021453,  0.121978547,
Mean,      0.083330689,  0.002242715,  0.000056385,
Cor (1),    1.000000000, -0.386632088,  0.579489494,
Cor (2),   -0.386632088,  1.000000000,  0.171681384,
Cor (3),    0.579489494,  0.171681384,  1.000000000,
VCV (1),    0.024169591, -0.000364079,  0.000030583,
VCV (2),   -0.000364079,  0.000036688,  0.000000353,
VCV (3),    0.000030583,  0.000000353,  0.000000115,
St.dev,     0.155465724,  0.006057076,  0.000339472,
Mean,     -0.036528804, -0.003587856,  0.000238355,
Cor (1),    1.000000000,  0.027421269, -0.217160944,
Cor (2),    0.027421269,  1.000000000,  0.617156447,
Cor (3),   -0.217160944,  0.617156447,  1.000000000,
VCV (1),    0.056423167,  0.000034991, -0.000008419,
VCV (2),    0.000034991,  0.000028860,  0.000000541,
VCV (3),   -0.000008419,  0.000000541,  0.000000027,
St.dev,     0.237535612,  0.005372122,  0.000163208,
AutoCor,    0.025366560, -0.363341720, -0.014780545,

No.; 11; Score; 91.904671430841;
Markow Autoregressive (lag 1) bivariate joint 3 asset model uncond. params
uMean,      0.000136037,  0.003351309,  0.000109594,
VCV (1),    0.040083147,  0.000075031, -0.000001140,
VCV (2),    0.000075031,  0.000042193, -0.000000445,
VCV (3),   -0.000001140, -0.000000445,  0.000000130,
Cor (1),    1.000000000,  0.057694532, -0.015819258,
Cor (2),    0.057694532,  1.000000000, -0.190491662,
Cor (3),   -0.015819258, -0.190491662,  1.000000000,
St.dev,     0.200207760,  0.006495650,  0.000359945,
Skewness,  -0.126664828, -0.455052843, -0.025008842,
Kurtosis,   0.199768346,  0.493315664, -0.010585711,
AutoCor,    0.588176707, -0.070290017,  0.268532153,
Markow Autoregressive (lag 1) bivariate joint 3 asset model cond. params
uProb.,   0.494083253,  0.505916747,
Prob (1),   0.193032510,  0.806967490,
Prob (2),   0.788092359,  0.211907641,
Mean,      0.034939180,  0.005718585,  0.000005426,
Cor (1),    1.000000000, -0.244285896, -0.045705818,
Cor (2),   -0.244285896,  1.000000000,  0.215297107,
Cor (3),   -0.045705818,  0.215297107,  1.000000000,
VCV (1),    0.011454478, -0.000113035, -0.000001613,
VCV (2),   -0.000113035,  0.000018692,  0.000000307,
VCV (3),   -0.000001613,  0.000000307,  0.000000109,
St.dev,     0.107025595,  0.004323408,  0.000329800,
Mean,     -0.033853054,  0.001039404,  0.000211327,
Cor (1),    1.000000000,  0.071549687,  0.088222357,
Cor (2),    0.071549687,  1.000000000, -0.300348435,
Cor (3),    0.088222357, -0.300348435,  1.000000000,
VCV (1),    0.035749494,  0.000099709,  0.000005297,
VCV (2),    0.000099709,  0.000054323, -0.000000703,
VCV (3),    0.000005297, -0.000000703,  0.000000101,
St.dev,     0.189075365,  0.007370413,  0.000317580,
AutoCor,    0.624158064,  0.007922929,  0.345461154,

No.; 12; Score; 99.160303385907;
Markow Autoregressive (lag 1) bivariate joint 3 asset model uncond. params
uMean,      0.087377557,  0.001153633,  0.000090420,
VCV (1),    0.050444871,  0.000118392, -0.000017121,
VCV (2),    0.000118392,  0.000061213,  0.000000030,
VCV (3),   -0.000017121,  0.000000030,  0.000000148,
Cor (1),    1.000000000,  0.067373687, -0.197934589,
Cor (2),    0.067373687,  1.000000000,  0.009880440,
Cor (3),   -0.197934589,  0.009880440,  1.000000000,
St.dev,     0.224599356,  0.007823872,  0.000385132,
Skewness,  -0.227002432, -0.018741563, -0.019661383,
Kurtosis,   0.242949120,  0.000010077, -0.000013614,
AutoCor,    0.594600284,  0.405589533,  0.476968701,
Markow Autoregressive (lag 1) bivariate joint 3 asset model cond. params
uProb.,   0.538731405,  0.461268595,
Prob (1),   0.363211828,  0.636788172,
Prob (2),   0.743726738,  0.256273262,
Mean,      0.148675321,  0.002644799,  0.000165380,
Cor (1),    1.000000000, -0.844652107, -0.283486580,
Cor (2),   -0.844652107,  1.000000000,  0.216249255,
Cor (3),   -0.283486580,  0.216249255,  1.000000000,
VCV (1),    0.010406260, -0.000581432, -0.000009125,
VCV (2),   -0.000581432,  0.000045535,  0.000000460,
VCV (3),   -0.000009125,  0.000000460,  0.000000100,
St.dev,     0.102011078,  0.006747983,  0.000315526,
Mean,      0.015785797, -0.000587952,  0.000002870,
Cor (1),    1.000000000,  0.493314824, -0.312705378,
Cor (2),    0.493314824,  1.000000000, -0.304926072,
Cor (3),   -0.312705378, -0.304926072,  1.000000000,
VCV (1),    0.040498335,  0.000696663, -0.000020778,
VCV (2),    0.000696663,  0.000049245, -0.000000707,
VCV (3),   -0.000020778, -0.000000707,  0.000000109,
St.dev,     0.201241980,  0.007017461,  0.000330179,
AutoCor,    0.687512556,  0.440418046,  0.516664767,

No.; 13; Score; 106.41593534097;
Markow Autoregressive (lag 1) bivariate joint 3 asset model uncond. params
uMean,      0.012699979, -0.001002226,  0.000050381,
VCV (1),    0.105364107,  0.001051444, -0.000007118,
VCV (2),    0.001051444,  0.000107907,  0.000000294,
VCV (3),   -0.000007118,  0.000000294,  0.000000047,
Cor (1),    1.000000000,  0.311828354, -0.100652367,
Cor (2),    0.311828354,  1.000000000,  0.129958277,
Cor (3),   -0.100652367,  0.129958277,  1.000000000,
St.dev,     0.324598378,  0.010387818,  0.000217855,
Skewness,   0.018739170,  0.028084990, -0.008921798,
Kurtosis,  -0.084881573, -0.036007817,  0.035186860,
AutoCor,    0.598463502,  0.251539973, -0.167605815,
Markow Autoregressive (lag 1) bivariate joint 3 asset model cond. params
uProb.,   0.492007624,  0.507992376,
Prob (1),   0.206141267,  0.793858733,
Prob (2),   0.768878762,  0.231121238,
Mean,      0.163033167,  0.002925941,  0.000044300,
Cor (1),    1.000000000, -0.198253182, -0.289675545,
Cor (2),   -0.198253182,  1.000000000,  0.422426013,
Cor (3),   -0.289675545,  0.422426013,  1.000000000,
VCV (1),    0.017210244, -0.000235767, -0.000008616,
VCV (2),   -0.000235767,  0.000082175,  0.000000868,
VCV (3),   -0.000008616,  0.000000868,  0.000000051,
St.dev,     0.131187819,  0.009065027,  0.000226715,
Mean,     -0.132902748, -0.004806788,  0.000056271,
Cor (1),    1.000000000,  0.826566777, -0.244077448,
Cor (2),    0.826566777,  1.000000000, -0.099554978,
Cor (3),   -0.244077448, -0.099554978,  1.000000000,
VCV (1),    0.013677495,  0.000846287, -0.000005777,
VCV (2),    0.000846287,  0.000076643, -0.000000176,
VCV (3),   -0.000005777, -0.000000176,  0.000000041,
St.dev,     0.116950825,  0.008754604,  0.000202390,
AutoCor,    0.902954450,  0.382446855, -0.167307401,

No.; 14; Score; 113.67156729604;
Markow Autoregressive (lag 1) bivariate joint 3 asset model uncond. params
uMean,     -0.034638584,  0.000674413,  0.000117987,
VCV (1),    0.042837029,  0.000209093,  0.000017284,
VCV (2),    0.000209093,  0.000053861,  0.000000196,
VCV (3),    0.000017284,  0.000000196,  0.000000089,
Cor (1),    1.000000000,  0.137655347,  0.279726188,
Cor (2),    0.137655347,  1.000000000,  0.089360908,
Cor (3),    0.279726188,  0.089360908,  1.000000000,
St.dev,     0.206971083,  0.007338995,  0.000298538,
Skewness,  -0.076552142,  0.328864124, -0.035157731,
Kurtosis,  -0.002887119,  0.179262592,  0.056599987,
AutoCor,    0.623727831,  0.314661450,  0.692268095,
Markow Autoregressive (lag 1) bivariate joint 3 asset model cond. params
uProb.,   0.507604002,  0.492395998,
Prob (1),   0.228743381,  0.771256619,
Prob (2),   0.795077434,  0.204922566,
Mean,      0.034979416,  0.003558450,  0.000145692,
Cor (1),    1.000000000, -0.667772225,  0.613364006,
Cor (2),   -0.667772225,  1.000000000, -0.142527600,
Cor (3),    0.613364006, -0.142527600,  1.000000000,
VCV (1),    0.010593858, -0.000492633,  0.000011051,
VCV (2),   -0.000492633,  0.000051373, -0.000000179,
VCV (3),    0.000011051, -0.000000179,  0.000000031,
St.dev,     0.102926467,  0.007167502,  0.000175051,
Mean,     -0.106406787, -0.002298699,  0.000089427,
Cor (1),    1.000000000,  0.878934941,  0.077675482,
Cor (2),    0.878934941,  1.000000000,  0.329497756,
Cor (3),    0.077675482,  0.329497756,  1.000000000,
VCV (1),    0.019070308,  0.000510523,  0.000002606,
VCV (2),    0.000510523,  0.000017691,  0.000000337,
VCV (3),    0.000002606,  0.000000337,  0.000000059,
St.dev,     0.138095286,  0.004206103,  0.000242921,
AutoCor,    0.780859724,  0.481470292,  0.703542209,

No.; 15; Score; 120.92719925111;
Markow Autoregressive (lag 1) bivariate joint 3 asset model uncond. params
uMean,     -0.068884326, -0.000515538,  0.000125503,
VCV (1),    0.030144130,  0.000244300,  0.000015468,
VCV (2),    0.000244300,  0.000038828,  0.000000591,
VCV (3),    0.000015468,  0.000000591,  0.000000058,
Cor (1),    1.000000000,  0.225813213,  0.369255503,
Cor (2),    0.225813213,  1.000000000,  0.393426362,
Cor (3),    0.369255503,  0.393426362,  1.000000000,
St.dev,     0.173620651,  0.006231208,  0.000241264,
Skewness,   0.088912900, -0.289223279, -0.078023029,
Kurtosis,  -0.113586752,  0.059345682,  0.048218660,
AutoCor,   -0.027601102,  0.112173018, -0.300180047,
Markow Autoregressive (lag 1) bivariate joint 3 asset model cond. params
uProb.,   0.560586957,  0.439413043,
Prob (1),   0.247781154,  0.752218846,
Prob (2),   0.959653064,  0.040346936,
Mean,      0.005344982,  0.002130063,  0.000170055,
Cor (1),    1.000000000, -0.641258553,  0.592856194,
Cor (2),   -0.641258553,  1.000000000,  0.291249255,
Cor (3),    0.592856194,  0.291249255,  1.000000000,
VCV (1),    0.024555832, -0.000440548,  0.000019635,
VCV (2),   -0.000440548,  0.000019221,  0.000000270,
VCV (3),    0.000019635,  0.000000270,  0.000000045,
St.dev,     0.156703007,  0.004384123,  0.000211352,
Mean,     -0.163583340, -0.003890699,  0.000068665,
Cor (1),    1.000000000,  0.665214238,  0.054128118,
Cor (2),    0.665214238,  1.000000000,  0.527984084,
Cor (3),    0.054128118,  0.527984084,  1.000000000,
VCV (1),    0.019562416,  0.000548761,  0.000001849,
VCV (2),    0.000548761,  0.000034787,  0.000000761,
VCV (3),    0.000001849,  0.000000761,  0.000000060,
St.dev,     0.139865707,  0.005898075,  0.000244295,
AutoCor,    0.180493513,  0.358276933, -0.281455350,

No.; 16; Score; 128.18283120617;
Markow Autoregressive (lag 1) bivariate joint 3 asset model uncond. params
uMean,     -0.012946949,  0.002689493,  0.000157385,
VCV (1),    0.041466981,  0.000120902, -0.000018935,
VCV (2),    0.000120902,  0.000066035,  0.000000174,
VCV (3),   -0.000018935,  0.000000174,  0.000000158,
Cor (1),    1.000000000,  0.073062431, -0.234211730,
Cor (2),    0.073062431,  1.000000000,  0.054042299,
Cor (3),   -0.234211730,  0.054042299,  1.000000000,
St.dev,     0.203634429,  0.008126221,  0.000397022,
Skewness,  -0.147810248,  0.478807870,  0.021133590,
Kurtosis,  -0.069207259,  0.583665492,  0.034443184,
AutoCor,   -0.039831913, -0.336555922,  0.696887390,
Markow Autoregressive (lag 1) bivariate joint 3 asset model cond. params
uProb.,   0.513075681,  0.486924319,
Prob (1),   0.170333435,  0.829666565,
Prob (2),   0.874225668,  0.125774332,
Mean,      0.082177233,  0.005461339,  0.000129929,
Cor (1),    1.000000000, -0.229344490, -0.323330330,
Cor (2),   -0.229344490,  1.000000000, -0.058958264,
Cor (3),   -0.323330330, -0.058958264,  1.000000000,
VCV (1),    0.027071471, -0.000346616, -0.000012875,
VCV (2),   -0.000346616,  0.000084374, -0.000000131,
VCV (3),   -0.000012875, -0.000000131,  0.000000059,
St.dev,     0.164534102,  0.009185543,  0.000242015,
Mean,     -0.113179989, -0.000231221,  0.000186315,
Cor (1),    1.000000000,  0.033390507, -0.267258600,
Cor (2),    0.033390507,  1.000000000,  0.534136428,
Cor (3),   -0.267258600,  0.534136428,  1.000000000,
VCV (1),    0.035407962,  0.000028382, -0.000015962,
VCV (2),    0.000028382,  0.000020405,  0.000000766,
VCV (3),   -0.000015962,  0.000000766,  0.000000101,
St.dev,     0.188170036,  0.004517175,  0.000317407,
AutoCor,    0.158447614, -0.285228927,  0.703981662,

No.; 17; Score; 135.43846316124;
Markow Autoregressive (lag 1) bivariate joint 3 asset model uncond. params
uMean,     -0.027583008, -0.000841244,  0.000091211,
VCV (1),    0.025488821,  0.000149224,  0.000005578,
VCV (2),    0.000149224,  0.000071553, -0.000000157,
VCV (3),    0.000005578, -0.000000157,  0.000000090,
Cor (1),    1.000000000,  0.110496190,  0.116499626,
Cor (2),    0.110496190,  1.000000000, -0.062013330,
Cor (3),    0.116499626, -0.062013330,  1.000000000,
St.dev,     0.159652188,  0.008458930,  0.000299919,
Skewness,   0.036426620,  0.221899555, -0.125525972,
Kurtosis,  -0.096100693,  0.338387579,  0.287771729,
AutoCor,    0.242846707, -0.039378798, -0.322998055,
Markow Autoregressive (lag 1) bivariate joint 3 asset model cond. params
uProb.,   0.426731812,  0.573268188,
Prob (1),   0.022348288,  0.977651712,
Prob (2),   0.727748541,  0.272251459,
Mean,      0.060335333,  0.001365640,  0.000043628,
Cor (1),    1.000000000, -0.376781014,  0.610397697,
Cor (2),   -0.376781014,  1.000000000, -0.259458753,
Cor (3),    0.610397697, -0.259458753,  1.000000000,
VCV (1),    0.014527501, -0.000442087,  0.000024772,
VCV (2),   -0.000442087,  0.000094765, -0.000000850,
VCV (3),    0.000024772, -0.000000850,  0.000000113,
St.dev,     0.120530085,  0.009734721,  0.000336708,
Mean,     -0.093028037, -0.002484014,  0.000126632,
Cor (1),    1.000000000,  0.407145390, -0.028379206,
Cor (2),    0.407145390,  1.000000000,  0.307049025,
Cor (3),   -0.028379206,  0.307049025,  1.000000000,
VCV (1),    0.014327369,  0.000337462, -0.000000791,
VCV (2),    0.000337462,  0.000047950,  0.000000495,
VCV (3),   -0.000000791,  0.000000495,  0.000000054,
St.dev,     0.119696989,  0.006924560,  0.000232878,
AutoCor,    0.519311872, -0.003832442, -0.315696073,

No.; 18; Score; 142.69409511631;
Markow Autoregressive (lag 1) bivariate joint 3 asset model uncond. params
uMean,      0.074541443,  0.002548872,  0.000051323,
VCV (1),    0.021737337,  0.000432733,  0.000010671,
VCV (2),    0.000432733,  0.000090688, -0.000000959,
VCV (3),    0.000010671, -0.000000959,  0.000000200,
Cor (1),    1.000000000,  0.308206682,  0.161832915,
Cor (2),    0.308206682,  1.000000000, -0.225116692,
Cor (3),    0.161832915, -0.225116692,  1.000000000,
St.dev,     0.147435873,  0.009523015,  0.000447216,
Skewness,   0.087966802, -0.232104908,  0.012443364,
Kurtosis,  -0.151635363,  0.271667283,  0.012944361,
AutoCor,   -0.051369372,  0.466544940,  0.704776229,
Markow Autoregressive (lag 1) bivariate joint 3 asset model cond. params
uProb.,   0.502668947,  0.497331053,
Prob (1),   0.257460728,  0.742539272,
Prob (2),   0.750509005,  0.249490995,
Mean,      0.152544764,  0.005027800,  0.000082772,
Cor (1),    1.000000000, -0.715599373,  0.323398186,
Cor (2),   -0.715599373,  1.000000000, -0.563633557,
Cor (3),    0.323398186, -0.563633557,  1.000000000,
VCV (1),    0.016574871, -0.000501842,  0.000013999,
VCV (2),   -0.000501842,  0.000029672, -0.000001032,
VCV (3),    0.000013999, -0.000001032,  0.000000113,
St.dev,     0.128743431,  0.005447184,  0.000336221,
Mean,     -0.004299093,  0.000043337,  0.000019537,
Cor (1),    1.000000000,  0.841325077,  0.025673529,
Cor (2),    0.841325077,  1.000000000, -0.089337693,
Cor (3),    0.025673529, -0.089337693,  1.000000000,
VCV (1),    0.014116239,  0.000952868,  0.000000883,
VCV (2),    0.000952868,  0.000090870, -0.000000246,
VCV (3),    0.000000883, -0.000000246,  0.000000084,
St.dev,     0.118811779,  0.009532560,  0.000289346,
AutoCor,    0.122888532,  0.537097734,  0.710793185,

No.; 19; Score; 149.94972707137;
Markow Autoregressive (lag 1) bivariate joint 3 asset model uncond. params
uMean,      0.077757655,  0.001642707,  0.000102474,
VCV (1),    0.021767334,  0.000303097, -0.000009555,
VCV (2),    0.000303097,  0.000048881,  0.000000405,
VCV (3),   -0.000009555,  0.000000405,  0.000000059,
Cor (1),    1.000000000,  0.293838389, -0.267746184,
Cor (2),    0.293838389,  1.000000000,  0.239769634,
Cor (3),   -0.267746184,  0.239769634,  1.000000000,
St.dev,     0.147537567,  0.006991501,  0.000241879,
Skewness,   0.139229797, -0.368575545,  0.146187807,
Kurtosis,  -0.135619660,  0.546598688,  0.265533855,
AutoCor,   -0.140888814,  0.066273499, -0.429871036,
Markow Autoregressive (lag 1) bivariate joint 3 asset model cond. params
uProb.,   0.531433020,  0.468566980,
Prob (1),   0.180728401,  0.819271599,
Prob (2),   0.929190487,  0.070809513,
Mean,      0.149835483,  0.003539187,  0.000064830,
Cor (1),    1.000000000, -0.553697518,  0.040463615,
Cor (2),   -0.553697518,  1.000000000,  0.607509021,
Cor (3),    0.040463615,  0.607509021,  1.000000000,
VCV (1),    0.017828006, -0.000364235,  0.000000914,
VCV (2),   -0.000364235,  0.000024273,  0.000000506,
VCV (3),    0.000000914,  0.000000506,  0.000000029,
St.dev,     0.133521556,  0.004926718,  0.000169111,
Mean,     -0.003990611, -0.000508218,  0.000145169,
Cor (1),    1.000000000,  0.769620976, -0.510202936,
Cor (2),    0.769620976,  1.000000000,  0.248601760,
Cor (3),   -0.510202936,  0.248601760,  1.000000000,
VCV (1),    0.013417574,  0.000725339, -0.000015353,
VCV (2),    0.000725339,  0.000066199,  0.000000525,
VCV (3),   -0.000015353,  0.000000525,  0.000000067,
St.dev,     0.115834252,  0.008136299,  0.000259779,
AutoCor,    0.084619489,  0.140454667, -0.420871854,

No.; 20; Score; 157.20535902644;
Markow Autoregressive (lag 1) bivariate joint 3 asset model uncond. params
uMean,      0.012648236,  0.003383706,  0.000053084,
VCV (1),    0.054403030,  0.000020961, -0.000016581,
VCV (2),    0.000020961,  0.000060849, -0.000000114,
VCV (3),   -0.000016581, -0.000000114,  0.000000071,
Cor (1),    1.000000000,  0.011520687, -0.267381707,
Cor (2),    0.011520687,  1.000000000, -0.054957259,
Cor (3),   -0.267381707, -0.054957259,  1.000000000,
St.dev,     0.233244572,  0.007800572,  0.000265869,
Skewness,  -0.178701894,  0.295531749, -0.199057056,
Kurtosis,  -0.657810129,  0.375754658,  0.118314692,
AutoCor,   -0.132859680,  0.382462693,  0.066285410,
Markow Autoregressive (lag 1) bivariate joint 3 asset model cond. params
uProb.,   0.535050662,  0.464949338,
Prob (1),   0.287484128,  0.712515872,
Prob (2),   0.819943288,  0.180056712,
Mean,      0.179718045,  0.005372339, -0.000021464,
Cor (1),    1.000000000, -0.803819588,  0.337790276,
Cor (2),   -0.803819588,  1.000000000,  0.031715564,
Cor (3),    0.337790276,  0.031715564,  1.000000000,
VCV (1),    0.015112827, -0.000811801,  0.000011613,
VCV (2),   -0.000811801,  0.000067490,  0.000000073,
VCV (3),    0.000011613,  0.000000073,  0.000000078,
St.dev,     0.122934237,  0.008215201,  0.000279666,
Mean,     -0.179611016,  0.001095242,  0.000138871,
Cor (1),    1.000000000,  0.506828007, -0.574765925,
Cor (2),    0.506828007,  1.000000000,  0.033782424,
Cor (3),   -0.574765925,  0.033782424,  1.000000000,
VCV (1),    0.021120186,  0.000314183, -0.000017931,
VCV (2),    0.000314183,  0.000018195,  0.000000031,
VCV (3),   -0.000017931,  0.000000031,  0.000000046,
St.dev,     0.145327858,  0.004265537,  0.000214664,
AutoCor,    0.443176618,  0.456421464,  0.125844455,

No.; 21; Score; 164.4609909815;
Markow Autoregressive (lag 1) bivariate joint 3 asset model uncond. params
uMean,      0.071245015,  0.000577952,  0.000148612,
VCV (1),    0.036476753,  0.000009777, -0.000003869,
VCV (2),    0.000009777,  0.000112603,  0.000000557,
VCV (3),   -0.000003869,  0.000000557,  0.000000055,
Cor (1),    1.000000000,  0.004823985, -0.086191265,
Cor (2),    0.004823985,  1.000000000,  0.223237960,
Cor (3),   -0.086191265,  0.223237960,  1.000000000,
St.dev,     0.190988883,  0.010611449,  0.000235011,
Skewness,  -0.039639131, -0.071052084, -0.152572937,
Kurtosis,  -0.072171309,  0.135277219,  0.219550025,
AutoCor,    0.155640038,  0.704930564, -0.447685653,
Markow Autoregressive (lag 1) bivariate joint 3 asset model cond. params
uProb.,   0.492975583,  0.507024417,
Prob (1),   0.013297396,  0.986702604,
Prob (2),   0.959362655,  0.040637345,
Mean,      0.156259966, -0.000646244,  0.000103867,
Cor (1),    1.000000000, -0.210887459,  0.633139397,
Cor (2),   -0.210887459,  1.000000000,  0.562648181,
Cor (3),    0.633139397,  0.562648181,  1.000000000,
VCV (1),    0.022914892, -0.000299638,  0.000023721,
VCV (2),   -0.000299638,  0.000088100,  0.000001307,
VCV (3),    0.000023721,  0.000001307,  0.000000061,
St.dev,     0.151376655,  0.009386158,  0.000247497,
Mean,     -0.011414308,  0.001768227,  0.000192117,
Cor (1),    1.000000000,  0.656315312, -0.906186823,
Cor (2),    0.656315312,  1.000000000,  0.046819533,
Cor (3),   -0.906186823,  0.046819533,  1.000000000,
VCV (1),    0.025628728,  0.000443643, -0.000023459,
VCV (2),    0.000443643,  0.000017828,  0.000000032,
VCV (3),   -0.000023459,  0.000000032,  0.000000026,
St.dev,     0.160089750,  0.004222379,  0.000161708,
AutoCor,    0.418530622,  0.726575273, -0.429477811,

No.; 22; Score; 171.71662293657;
Markow Autoregressive (lag 1) bivariate joint 3 asset model uncond. params
uMean,     -0.031907618,  0.000396284,  0.000230070,
VCV (1),    0.041016031,  0.000364512, -0.000015283,
VCV (2),    0.000364512,  0.000054603,  0.000000451,
VCV (3),   -0.000015283,  0.000000451,  0.000000070,
Cor (1),    1.000000000,  0.243570807, -0.284886591,
Cor (2),    0.243570807,  1.000000000,  0.230206992,
Cor (3),   -0.284886591,  0.230206992,  1.000000000,
St.dev,     0.202524150,  0.007389402,  0.000264890,
Skewness,  -0.289811411, -0.337587365,  0.064624137,
Kurtosis,  -0.004717237,  0.231190084,  0.611547756,
AutoCor,   -0.091297597, -0.070689392,  0.358504658,
Markow Autoregressive (lag 1) bivariate joint 3 asset model cond. params
uProb.,   0.548661641,  0.451338359,
Prob (1),   0.326047710,  0.673952290,
Prob (2),   0.819278403,  0.180721597,
Mean,      0.063540868,  0.003034448,  0.000218526,
Cor (1),    1.000000000, -0.828465584,  0.062143303,
Cor (2),   -0.828465584,  1.000000000, -0.354270764,
Cor (3),    0.062143303, -0.354270764,  1.000000000,
VCV (1),    0.023571254, -0.000724924,  0.000001668,
VCV (2),   -0.000724924,  0.000032483, -0.000000353,
VCV (3),    0.000001668, -0.000000353,  0.000000031,
