Round No; 2; best result RLS; 1923.499456006

;;;
Statistical description of data for: Meginajums1
Calib/Tail/Per/Cur, 4176, 9999, 23, 0,
Title,    PE MARKET w  ,EQUITY LM SNP,REX BOND     ,
Mean,       0.000104436,  0.000075211,  0.000042226,
VCV (1),    0.033533792, -0.000018247, -0.000000770,
VCV (2),   -0.000018247,  0.000044333, -0.000000146,
VCV (3),   -0.000000770, -0.000000146,  0.000000045,
St.dev,     0.183122341,  0.006658326,  0.000210996,
Skewness,  -0.359429482, -0.013261914,  0.151860187,
Kurtosis,  20.092276212,  7.412958555, 34.388660560,
AutoCor,   -0.271804758, -0.019537378, -0.152000145,
No.; 1; Score; 1923.499456006;
Markow Autoregressive (lag 1) bivariate joint 3 asset model uncond. params
uMean,     -0.009401367, -0.005383430,  0.000153687,
VCV (1),    0.036128455,  0.001291107,  0.000015196,
VCV (2),    0.001291107,  0.000703184,  0.000061131,
VCV (3),    0.000015196,  0.000061131,  0.000035533,
Cor (1),    1.000000000,  0.256154983,  0.013411703,
Cor (2),    0.256154983,  1.000000000,  0.386737250,
Cor (3),    0.013411703,  0.386737250,  1.000000000,
St.dev,     0.190074866,  0.026517625,  0.005960918,
Skewness,  -1.592881764,  0.219392228,  0.065645227,
Kurtosis,   2.165585332,  0.401638209,  0.709152243,
AutoCor,    0.008218683,  0.050575286,  0.406689415,
Markow Autoregressive (lag 1) bivariate joint 3 asset model cond. params
uProb.,   0.699659981,  0.300340019,
Prob (1),   0.610541753,  0.389458247,
Prob (2),   0.907266205,  0.092733795,
Mean,      0.083046178, -0.002112808,  0.000331303,
Cor (1),    1.000000000,  0.978487689, -0.363396674,
Cor (2),    0.978487689,  1.000000000,  0.453270219,
Cor (3),   -0.363396674,  0.453270219,  1.000000000,
VCV (1),    0.000131716,  0.000329225, -0.000026810,
VCV (2),    0.000329225,  0.000859482,  0.000085421,
VCV (3),   -0.000026810,  0.000085421,  0.000041322,
St.dev,     0.011476763,  0.029316922,  0.006428200,
Mean,     -0.224763436, -0.013002538, -0.000260078,
Cor (1),    1.000000000,  0.338728849, -0.007437823,
Cor (2),    0.338728849,  1.000000000, -0.222279817,
Cor (3),   -0.007437823, -0.222279817,  1.000000000,
VCV (1),    0.045791348,  0.001139298, -0.000002325,
VCV (2),    0.001139298,  0.000247051, -0.000005104,
VCV (3),   -0.000002325, -0.000005104,  0.000002134,
St.dev,     0.213989130,  0.015717863,  0.001460859,
AutoCor,    0.382558310,  0.063334953,  0.408147283,

No.; 2; Score; 5392.1902030937;
Markow Autoregressive (lag 1) bivariate joint 3 asset model uncond. params
uMean,      0.016717921,  0.011296131,  0.000333868,
VCV (1),    0.046216631, -0.003716664, -0.000186051,
VCV (2),   -0.003716664,  0.000589625, -0.000021875,
VCV (3),   -0.000186051, -0.000021875,  0.000019986,
Cor (1),    1.000000000, -0.711977593, -0.193585532,
Cor (2),   -0.711977593,  1.000000000, -0.201514495,
Cor (3),   -0.193585532, -0.201514495,  1.000000000,
St.dev,     0.214980536,  0.024282192,  0.004470535,
Skewness,   1.764355758, -0.304657637,  0.000507298,
Kurtosis,  24.918404705, 12.173073087,  0.002452812,
AutoCor,    0.460865010,  0.737713207,  0.727124065,
Markow Autoregressive (lag 1) bivariate joint 3 asset model cond. params
uProb.,   0.058662487,  0.941337513,
Prob (1),   0.301698860,  0.698301140,
Prob (2),   0.043516890,  0.956483110,
Mean,      0.203708842,  0.005480578,  0.000457838,
Cor (1),    1.000000000, -0.805697388, -0.770729576,
Cor (2),   -0.805697388,  1.000000000, -0.943558842,
Cor (3),   -0.770729576, -0.943558842,  1.000000000,
VCV (1),    0.496710702, -0.034553042, -0.001809938,
VCV (2),   -0.034553042,  0.003702756, -0.000191312,
VCV (3),   -0.001809938, -0.000191312,  0.000011102,
St.dev,     0.704777059,  0.060850278,  0.003332038,
Mean,      0.005064978,  0.011658546,  0.000326142,
Cor (1),    1.000000000, -0.700070644, -0.080693421,
Cor (2),   -0.700070644,  1.000000000,  0.054487194,
Cor (3),   -0.080693421,  0.054487194,  1.000000000,
VCV (1),    0.005454369, -0.000373301, -0.000018187,
VCV (2),   -0.000373301,  0.000052130,  0.000001201,
VCV (3),   -0.000018187,  0.000001201,  0.000009313,
St.dev,     0.073853700,  0.007220140,  0.003051718,
AutoCor,    0.470893824,  0.739433465,  0.727146539,

No.; 3; Score; 6196.503907576;
Markow Autoregressive (lag 1) bivariate joint 3 asset model uncond. params
uMean,     -0.003243533, -0.005178070,  0.000049666,
VCV (1),    0.028254768,  0.002861198, -0.000026143,
VCV (2),    0.002861198,  0.001832514, -0.000046406,
VCV (3),   -0.000026143, -0.000046406,  0.000012391,
Cor (1),    1.000000000,  0.397629314, -0.044184254,
Cor (2),    0.397629314,  1.000000000, -0.307968535,
Cor (3),   -0.044184254, -0.307968535,  1.000000000,
St.dev,     0.168091547,  0.042807874,  0.003520036,
Skewness,   0.850626080, -0.065107337,  0.123713992,
Kurtosis,  -0.575191771,  0.029160670,  0.702171541,
AutoCor,    0.198346759,  0.225163288,  0.284511338,
Markow Autoregressive (lag 1) bivariate joint 3 asset model cond. params
uProb.,   0.641300442,  0.358699558,
Prob (1),   0.712897779,  0.287102221,
Prob (2),   0.513295256,  0.486704744,
Mean,     -0.116586762, -0.011110391,  0.000273453,
Cor (1),    1.000000000,  0.806256783, -0.054666419,
Cor (2),    0.806256783,  1.000000000, -0.473795645,
Cor (3),   -0.054666419, -0.473795645,  1.000000000,
VCV (1),    0.001842659,  0.001487479, -0.000009309,
VCV (2),    0.001487479,  0.001847182, -0.000080779,
VCV (3),   -0.000009309, -0.000080779,  0.000015737,
St.dev,     0.042926206,  0.042978859,  0.003966927,
Mean,      0.199396980,  0.005428021, -0.000350430,
Cor (1),    1.000000000,  0.455154309,  0.350827763,
Cor (2),    0.455154309,  1.000000000,  0.433837793,
Cor (3),    0.350827763,  0.433837793,  1.000000000,
VCV (1),    0.010896118,  0.001764154,  0.000067238,
VCV (2),    0.001764154,  0.001378744,  0.000029577,
VCV (3),    0.000067238,  0.000029577,  0.000003371,
St.dev,     0.104384470,  0.037131446,  0.001836064,
AutoCor,    0.192891267,  0.226072112,  0.285129362,

No.; 4; Score; 7663.1502516471;
Markow Autoregressive (lag 1) bivariate joint 3 asset model uncond. params
uMean,      0.002173293, -0.000596215, -0.000133633,
VCV (1),    0.043628705,  0.002014901, -0.000019646,
VCV (2),    0.002014901,  0.001760878,  0.000014491,
VCV (3),   -0.000019646,  0.000014491,  0.000001940,
Cor (1),    1.000000000,  0.229880894, -0.067521067,
Cor (2),    0.229880894,  1.000000000,  0.247899259,
Cor (3),   -0.067521067,  0.247899259,  1.000000000,
St.dev,     0.208874854,  0.041962813,  0.001393018,
Skewness,   0.163922420, -0.074413626, -0.312767591,
Kurtosis,  -0.175844925,  0.918305378,  3.282141778,
AutoCor,    0.346770895,  0.074745840,  0.228236818,
Markow Autoregressive (lag 1) bivariate joint 3 asset model cond. params
uProb.,   0.573162194,  0.426837806,
Prob (1),   0.428733896,  0.571266104,
Prob (2),   0.767101998,  0.232898002,
Mean,      0.100143526,  0.001028479, -0.000013431,
Cor (1),    1.000000000, -0.020081120,  0.750910044,
Cor (2),   -0.020081120,  1.000000000, -0.865483888,
Cor (3),    0.750910044, -0.865483888,  1.000000000,
VCV (1),    0.023928606, -0.000093492,  0.000023023,
VCV (2),   -0.000093492,  0.000905858, -0.000005163,
VCV (3),    0.000023023, -0.000005163,  0.000000039,
St.dev,     0.154688738,  0.030097476,  0.000198208,
Mean,     -0.129382144, -0.002777870, -0.000295042,
Cor (1),    1.000000000,  0.738615065, -0.474295289,
Cor (2),    0.738615065,  1.000000000,  0.360881097,
Cor (3),   -0.474295289,  0.360881097,  1.000000000,
VCV (1),    0.010935792,  0.004143117, -0.000101668,
VCV (2),    0.004143117,  0.002877185,  0.000039679,
VCV (3),   -0.000101668,  0.000039679,  0.000004202,
St.dev,     0.104574339,  0.053639398,  0.002049794,
AutoCor,    0.634030867,  0.075579086,  0.233959101,

No.; 5; Score; 14018.656864839;
Markow Autoregressive (lag 1) bivariate joint 3 asset model uncond. params
uMean,      0.005178721, -0.000245931,  0.000172661,
VCV (1),    0.018377164,  0.002057804, -0.000016033,
VCV (2),    0.002057804,  0.001748759, -0.000010522,
VCV (3),   -0.000016033, -0.000010522,  0.000001520,
Cor (1),    1.000000000,  0.362994290, -0.095930632,
Cor (2),    0.362994290,  1.000000000, -0.204100306,
Cor (3),   -0.095930632, -0.204100306,  1.000000000,
St.dev,     0.135562400,  0.041818170,  0.001232847,
Skewness,  -0.050718894,  0.055624575,  0.001304915,
Kurtosis,  -1.361011472,  0.017719821,  1.129144073,
AutoCor,   -0.084618170,  0.044329546,  0.581025439,
Markow Autoregressive (lag 1) bivariate joint 3 asset model cond. params
uProb.,   0.524771490,  0.475228510,
Prob (1),   0.408445562,  0.591554438,
Prob (2),   0.653224496,  0.346775504,
Mean,      0.122406307,  0.008139882,  0.000173542,
Cor (1),    1.000000000,  0.533001396, -0.346973786,
Cor (2),    0.533001396,  1.000000000, -0.369200175,
Cor (3),   -0.346973786, -0.369200175,  1.000000000,
VCV (1),    0.001915062,  0.000993576, -0.000021008,
VCV (2),    0.000993576,  0.001814525, -0.000021759,
VCV (3),   -0.000021008, -0.000021759,  0.000001914,
St.dev,     0.043761425,  0.042597241,  0.001383543,
Mean,     -0.124269940, -0.009505971,  0.000171689,
Cor (1),    1.000000000,  0.568076025,  0.924623948,
Cor (2),    0.568076025,  1.000000000,  0.971266983,
Cor (3),    0.924623948,  0.971266983,  1.000000000,
VCV (1),    0.001559177,  0.000869050,  0.000002534,
VCV (2),    0.000869050,  0.001501003,  0.000002612,
VCV (3),    0.000002534,  0.000002612,  0.000000005,
St.dev,     0.039486418,  0.038742783,  0.000069410,
AutoCor,    0.674367656,  0.057763838,  0.581025905,

No.; 6; Score; 19184.566739347;
Markow Autoregressive (lag 1) bivariate joint 3 asset model uncond. params
uMean,      0.005137495, -0.010703182, -0.000343918,
VCV (1),    0.063555936, -0.000081326, -0.000040719,
VCV (2),   -0.000081326,  0.000147358, -0.000003859,
VCV (3),   -0.000040719, -0.000003859,  0.000000448,
Cor (1),    1.000000000, -0.026574427, -0.241385097,
Cor (2),   -0.026574427,  1.000000000, -0.475053973,
Cor (3),   -0.241385097, -0.475053973,  1.000000000,
St.dev,     0.252103026,  0.012139100,  0.000669121,
Skewness,  -2.570669252,  0.352394459,  0.036785545,
Kurtosis,  51.669431413,  1.378353977,  0.033591428,
AutoCor,    0.490003298,  0.478471679,  0.046277891,
Markow Autoregressive (lag 1) bivariate joint 3 asset model cond. params
uProb.,   0.959405475,  0.040594525,
Prob (1),   0.975897653,  0.024102347,
Prob (2),   0.569631589,  0.430368411,
Mean,      0.016501260, -0.011234764, -0.000370394,
Cor (1),    1.000000000,  0.318332970, -0.624610315,
Cor (2),    0.318332970,  1.000000000, -0.626363144,
Cor (3),   -0.624610315, -0.626363144,  1.000000000,
VCV (1),    0.000554518,  0.000072984, -0.000009646,
VCV (2),    0.000072984,  0.000094794, -0.000004000,
VCV (3),   -0.000009646, -0.000004000,  0.000000430,
St.dev,     0.023548200,  0.009736202,  0.000655835,
Mean,     -0.263432185,  0.001860146,  0.000281817,
Cor (1),    1.000000000, -0.026434201, -0.833981816,
Cor (2),   -0.026434201,  1.000000000, -0.520033890,
Cor (3),   -0.833981816, -0.520033890,  1.000000000,
VCV (1),    1.113283949, -0.000571846, -0.000586637,
VCV (2),   -0.000571846,  0.000420358, -0.000007108,
VCV (3),   -0.000586637, -0.000007108,  0.000000444,
St.dev,     1.055122718,  0.020502631,  0.000666669,
AutoCor,    0.494227202,  0.481899478,  0.032445406,

No.; 7; Score; 22641.506679882;
Markow Autoregressive (lag 1) bivariate joint 3 asset model uncond. params
uMean,     -0.002944269,  0.002046213,  0.000288803,
VCV (1),    0.062818090,  0.000687349, -0.000093228,
VCV (2),    0.000687349,  0.001565684,  0.000065551,
VCV (3),   -0.000093228,  0.000065551,  0.000016017,
Cor (1),    1.000000000,  0.069307962, -0.092942157,
Cor (2),    0.069307962,  1.000000000,  0.413939082,
Cor (3),   -0.092942157,  0.413939082,  1.000000000,
St.dev,     0.250635374,  0.039568724,  0.004002138,
Skewness,  -0.378625783, -0.132811841, -0.105798070,
Kurtosis,  -0.368505996,  0.330751639,  2.984768216,
AutoCor,   -0.024418520,  0.590571814,  0.225945282,
Markow Autoregressive (lag 1) bivariate joint 3 asset model cond. params
uProb.,   0.423270449,  0.576729551,
Prob (1),   0.343479351,  0.656520649,
Prob (2),   0.481830331,  0.518169669,
Mean,      0.188395790, -0.004631879,  0.000123377,
Cor (1),    1.000000000,  0.346322293,  0.226663877,
Cor (2),    0.346322293,  1.000000000,  0.514256950,
Cor (3),    0.226663877,  0.514256950,  1.000000000,
VCV (1),    0.018409741,  0.001852158,  0.000179134,
VCV (2),    0.001852158,  0.001553629,  0.000118066,
VCV (3),    0.000179134,  0.000118066,  0.000033927,
St.dev,     0.135682502,  0.039416100,  0.005824671,
Mean,     -0.143371603,  0.006947365,  0.000410212,
Cor (1),    1.000000000,  0.264181134, -0.957434685,
Cor (2),    0.264181134,  1.000000000,  0.368376928,
Cor (3),   -0.957434685,  0.368376928,  1.000000000,
VCV (1),    0.048590877,  0.001354780, -0.000251170,
VCV (2),    0.001354780,  0.000541227,  0.000010199,
VCV (3),   -0.000251170,  0.000010199,  0.000001416,
St.dev,     0.220433385,  0.023264281,  0.001190095,
AutoCor,    0.060738733,  0.606135166,  0.226402653,

No.; 8; Score; 26471.696501602;
Markow Autoregressive (lag 1) bivariate joint 3 asset model uncond. params
uMean,      0.000459724,  0.007621953,  0.000139387,
VCV (1),    0.040195656,  0.000657700,  0.000040555,
VCV (2),    0.000657700,  0.007411286,  0.000038805,
VCV (3),    0.000040555,  0.000038805,  0.000002140,
Cor (1),    1.000000000,  0.038105852,  0.138266388,
Cor (2),    0.038105852,  1.000000000,  0.308106044,
Cor (3),    0.138266388,  0.308106044,  1.000000000,
St.dev,     0.200488544,  0.086088824,  0.001462974,
Skewness,  -0.169406923, -0.102789925,  0.033285823,
Kurtosis,  -1.089776748,  1.087623623,  0.458753376,
AutoCor,   -0.177204743,  0.563488247,  0.758802594,
Markow Autoregressive (lag 1) bivariate joint 3 asset model cond. params
uProb.,   0.667839182,  0.332160818,
Prob (1),   0.570429191,  0.429570809,
Prob (2),   0.863690726,  0.136309274,
Mean,     -0.113162510,  0.011262976,  0.000104010,
Cor (1),    1.000000000,  0.430131343,  0.437233352,
Cor (2),    0.430131343,  1.000000000, -0.768283551,
Cor (3),    0.437233352, -0.768283551,  1.000000000,
VCV (1),    0.020565221,  0.002581576,  0.000036138,
VCV (2),    0.002581576,  0.001751597, -0.000018532,
VCV (3),    0.000036138, -0.000018532,  0.000000332,
St.dev,     0.143405792,  0.041852088,  0.000576350,
Mean,      0.228907440,  0.000301350,  0.000210515,
Cor (1),    1.000000000, -0.192478592,  0.410953777,
Cor (2),   -0.192478592,  1.000000000,  0.676578872,
Cor (3),    0.410953777,  0.676578872,  1.000000000,
VCV (1),    0.001468701, -0.000793565,  0.000022551,
VCV (2),   -0.000793565,  0.011573546,  0.000104222,
VCV (3),    0.000022551,  0.000104222,  0.000002050,
St.dev,     0.038323633,  0.107580418,  0.001431878,
AutoCor,    0.034360232,  0.566580645,  0.760040937,

No.; 9; Score; 28738.187657943;
Markow Autoregressive (lag 1) bivariate joint 3 asset model uncond. params
uMean,     -0.000498669,  0.007982048,  0.000209960,
VCV (1),    0.021580231, -0.000439611,  0.000024785,
VCV (2),   -0.000439611,  0.006921944, -0.000136357,
VCV (3),    0.000024785, -0.000136357,  0.000010615,
Cor (1),    1.000000000, -0.035968813,  0.051783924,
Cor (2),   -0.035968813,  1.000000000, -0.503042297,
Cor (3),    0.051783924, -0.503042297,  1.000000000,
St.dev,     0.146902114,  0.083198220,  0.003258055,
Skewness,   2.009891324,  0.034465430,  0.007751455,
Kurtosis,   4.559815070,  0.071202552,  0.296243514,
AutoCor,   -0.064940496,  0.459385814,  0.042845322,
Markow Autoregressive (lag 1) bivariate joint 3 asset model cond. params
uProb.,   0.229931847,  0.770068153,
Prob (1),   0.091767703,  0.908232297,
Prob (2),   0.271185775,  0.728814225,
Mean,      0.183177932, -0.003293494,  0.000258995,
Cor (1),    1.000000000, -0.689887684,  0.528963867,
Cor (2),   -0.689887684,  1.000000000,  0.046132486,
Cor (3),    0.528963867,  0.046132486,  1.000000000,
VCV (1),    0.042338279, -0.008200512,  0.000444779,
VCV (2),   -0.008200512,  0.003337275,  0.000010891,
VCV (3),    0.000444779,  0.000010891,  0.000016699,
St.dev,     0.205762677,  0.057769151,  0.004086497,
Mean,     -0.055341997,  0.011348770,  0.000195319,
Cor (1),    1.000000000,  0.721741515, -0.736113656,
Cor (2),    0.721741515,  1.000000000, -0.768029344,
Cor (3),   -0.736113656, -0.768029344,  1.000000000,
VCV (1),    0.002282339,  0.002676928, -0.000104155,
VCV (2),    0.002676928,  0.006027398, -0.000176600,
VCV (3),   -0.000104155, -0.000176600,  0.000008772,
St.dev,     0.047773831,  0.077636320,  0.002961741,
AutoCor,    0.035277030,  0.462908489,  0.042860355,

No.; 10; Score; 39226.30650958;
Markow Autoregressive (lag 1) bivariate joint 3 asset model uncond. params
uMean,     -0.015490788, -0.002555638, -0.000178992,
VCV (1),    0.072056462,  0.004350239, -0.000921040,
VCV (2),    0.004350239,  0.003207065,  0.000123055,
VCV (3),   -0.000921040,  0.000123055,  0.000028209,
Cor (1),    1.000000000,  0.286169144, -0.646025144,
Cor (2),    0.286169144,  1.000000000,  0.409122199,
Cor (3),   -0.646025144,  0.409122199,  1.000000000,
St.dev,     0.268433347,  0.056630951,  0.005311197,
Skewness,  -0.306142147, -0.167692063, -0.003287702,
Kurtosis,   1.689975743,  0.591270802,  0.006036436,
AutoCor,    0.350368499,  0.621149346,  0.399529112,
Markow Autoregressive (lag 1) bivariate joint 3 asset model cond. params
uProb.,   0.574420678,  0.425579322,
Prob (1),   0.380163457,  0.619836543,
Prob (2),   0.836617072,  0.163382928,
Mean,      0.016301530, -0.009118477, -0.000291530,
Cor (1),    1.000000000,  0.961771916, -0.589849067,
Cor (2),    0.961771916,  1.000000000,  0.526549634,
Cor (3),   -0.589849067,  0.526549634,  1.000000000,
VCV (1),    0.012541102,  0.006113609, -0.000329228,
VCV (2),    0.006113609,  0.003221925,  0.000148965,
VCV (3),   -0.000329228,  0.000148965,  0.000024841,
St.dev,     0.111987062,  0.056762004,  0.004984119,
Mean,     -0.058402095,  0.006302476, -0.000027094,
Cor (1),    1.000000000,  0.070558474, -0.831648009,
Cor (2),    0.070558474,  1.000000000,  0.827344920,
Cor (3),   -0.831648009,  0.827344920,  1.000000000,
VCV (1),    0.126937225,  0.000078766, -0.001393320,
VCV (2),    0.000078766,  0.000009817,  0.000012190,
VCV (3),   -0.001393320,  0.000012190,  0.000022112,
St.dev,     0.356282507,  0.003133239,  0.004702369,
AutoCor,    0.365938913,  0.641043652,  0.400048145,

No.; 11; Score; 71464.283322857;
Markow Autoregressive (lag 1) bivariate joint 3 asset model uncond. params
uMean,      0.009412061, -0.005538013, -0.000338484,
VCV (1),    0.043010750, -0.002833558,  0.000076881,
VCV (2),   -0.002833558,  0.019065427, -0.000041195,
VCV (3),    0.000076881, -0.000041195,  0.000001022,
Cor (1),    1.000000000, -0.098951031,  0.366753385,
Cor (2),   -0.098951031,  1.000000000, -0.295162491,
Cor (3),    0.366753385, -0.295162491,  1.000000000,
St.dev,     0.207390333,  0.138077612,  0.001010785,
Skewness,   0.505121417,  0.062820961,  0.009784965,
Kurtosis,   0.078981474,  1.395918818,  0.146579744,
AutoCor,    0.073368029,  0.753316024,  0.327663269,
Markow Autoregressive (lag 1) bivariate joint 3 asset model cond. params
uProb.,   0.741571809,  0.258428191,
Prob (1),   0.682830494,  0.317169506,
Prob (2),   0.910132767,  0.089867233,
Mean,      0.060948866, -0.008559439, -0.000347344,
Cor (1),    1.000000000, -0.385499251,  0.518633868,
Cor (2),   -0.385499251,  1.000000000,  0.056002287,
Cor (3),    0.518633868,  0.056002287,  1.000000000,
VCV (1),    0.046576067, -0.002658718,  0.000098601,
VCV (2),   -0.002658718,  0.001021256,  0.000001577,
VCV (3),    0.000098601,  0.000001577,  0.000000776,
St.dev,     0.215814891,  0.031957096,  0.000880929,
Mean,     -0.138475215,  0.003132110, -0.000313061,
Cor (1),    1.000000000, -0.145989992,  0.199958809,
Cor (2),   -0.145989992,  1.000000000, -0.644492879,
Cor (3),    0.199958809, -0.644492879,  1.000000000,
VCV (1),    0.000675111, -0.000643559,  0.000005926,
VCV (2),   -0.000643559,  0.028784321, -0.000124721,
VCV (3),    0.000005926, -0.000124721,  0.000001301,
St.dev,     0.025982900,  0.169659426,  0.001140630,
AutoCor,    0.138122410,  0.754665260,  0.327785646,

No.; 12; Score; 81111.086521436;
Markow Autoregressive (lag 1) bivariate joint 3 asset model uncond. params
uMean,      0.003358114, -0.003832503,  0.000224461,
VCV (1),    0.036023213,  0.000164758, -0.000125546,
VCV (2),    0.000164758,  0.022158181,  0.000025893,
VCV (3),   -0.000125546,  0.000025893,  0.000008984,
Cor (1),    1.000000000,  0.005831606, -0.220684596,
Cor (2),    0.005831606,  1.000000000,  0.058033213,
Cor (3),   -0.220684596,  0.058033213,  1.000000000,
St.dev,     0.189797820,  0.148856243,  0.002997363,
Skewness,   0.242205375,  0.050198172, -0.182916826,
Kurtosis,  -1.699889887,  0.834042945,  2.814195662,
AutoCor,    0.689912898,  0.796019210,  0.068366974,
Markow Autoregressive (lag 1) bivariate joint 3 asset model cond. params
uProb.,   0.488620889,  0.511379111,
Prob (1),   0.867223027,  0.132776973,
Prob (2),   0.126867917,  0.873132083,
Mean,      0.190716876, -0.009349313,  0.000031401,
Cor (1),    1.000000000,  0.529091973, -0.618988219,
Cor (2),    0.529091973,  1.000000000,  0.449854942,
Cor (3),   -0.618988219,  0.449854942,  1.000000000,
VCV (1),    0.005044512,  0.001896447, -0.000185387,
VCV (2),    0.001896447,  0.002546829,  0.000095732,
VCV (3),   -0.000185387,  0.000095732,  0.000017782,
St.dev,     0.071024731,  0.050466119,  0.004216838,
Mean,     -0.175662504,  0.001438790,  0.000408930,
Cor (1),    1.000000000,  0.636763318, -0.180154229,
Cor (2),    0.636763318,  1.000000000, -0.595322827,
Cor (3),   -0.180154229, -0.595322827,  1.000000000,
VCV (1),    0.000033452,  0.000426563, -0.000000686,
VCV (2),    0.000426563,  0.013414823, -0.000045372,
VCV (3),   -0.000000686, -0.000045372,  0.000000433,
St.dev,     0.005783789,  0.115822378,  0.000658030,
AutoCor,    0.008286459,  0.796092360,  0.065692582,

