Round No; 4; best result RLS; 22.411642476846

;;;
Statistical description of data for: Meginajums1
Calib/Tail/Per/Cur, 4176, 9999, 23, 0,
Title,    PE MARKET w  ,EQUITY LM SNP,REX BOND     ,
Mean,       0.000104436,  0.000075211,  0.000042226,
VCV (1),    0.033533792, -0.000018247, -0.000000770,
VCV (2),   -0.000018247,  0.000044333, -0.000000146,
VCV (3),   -0.000000770, -0.000000146,  0.000000045,
St.dev,     0.183122341,  0.006658326,  0.000210996,
Skewness,  -0.359429482, -0.013261914,  0.151860187,
Kurtosis,  20.092276212,  7.412958555, 34.388660560,
AutoCor,   -0.271804758, -0.019537378, -0.152000145,
No.; 1; Score; 22.411642476846;
Markow Autoregressive (lag 1) bivariate joint 3 asset model uncond. params
uMean,     -0.000047431, -0.000075435,  0.000088049,
VCV (1),    0.033642838, -0.000260984, -0.000012434,
VCV (2),   -0.000260984,  0.000037048,  0.000000435,
VCV (3),   -0.000012434,  0.000000435,  0.000000083,
Cor (1),    1.000000000, -0.233767960, -0.235697501,
Cor (2),   -0.233767960,  1.000000000,  0.248560297,
Cor (3),   -0.235697501,  0.248560297,  1.000000000,
St.dev,     0.183419842,  0.006086714,  0.000287606,
Skewness,  -0.441349020, -0.147793853, -0.238803218,
Kurtosis,   0.473268380,  0.257289784,  0.008439934,
AutoCor,    0.480825540,  0.111559163,  0.616943212,
Markow Autoregressive (lag 1) bivariate joint 3 asset model cond. params
uProb.,   0.292614382,  0.707385618,
Prob (1),   0.327079143,  0.672920857,
Prob (2),   0.278357823,  0.721642177,
Mean,     -0.130379237,  0.001430697, -0.000155489,
Cor (1),    1.000000000,  0.834906194, -0.893232898,
Cor (2),    0.834906194,  1.000000000,  0.405551426,
Cor (3),   -0.893232898,  0.405551426,  1.000000000,
VCV (1),    0.030482410,  0.000607765, -0.000023364,
VCV (2),    0.000607765,  0.000017384,  0.000000253,
VCV (3),   -0.000023364,  0.000000253,  0.000000022,
St.dev,     0.174592124,  0.004169400,  0.000149814,
Mean,      0.053865116, -0.000698455,  0.000188790,
Cor (1),    1.000000000, -0.686995697, -0.663149782,
Cor (2),   -0.686995697,  1.000000000,  0.872640900,
Cor (3),   -0.663149782,  0.872640900,  1.000000000,
VCV (1),    0.011700995, -0.000488446, -0.000008059,
VCV (2),   -0.000488446,  0.000043202,  0.000000644,
VCV (3),   -0.000008059,  0.000000644,  0.000000013,
St.dev,     0.108171138,  0.006572805,  0.000112347,
AutoCor,    0.594897994,  0.113192072,  0.856545491,

No.; 2; Score; 23.2989262086;
Markow Autoregressive (lag 1) bivariate joint 3 asset model uncond. params
uMean,     -0.002748796,  0.001037969,  0.000177466,
VCV (1),    0.034000063, -0.000171746, -0.000003347,
VCV (2),   -0.000171746,  0.000041217,  0.000000514,
VCV (3),   -0.000003347,  0.000000514,  0.000000049,
Cor (1),    1.000000000, -0.145080869, -0.081733991,
Cor (2),   -0.145080869,  1.000000000,  0.360484925,
Cor (3),   -0.081733991,  0.360484925,  1.000000000,
St.dev,     0.184391059,  0.006420027,  0.000222056,
Skewness,  -0.311122518, -0.598248803, -0.032569311,
Kurtosis,   0.364449165,  2.389775215,  0.000988477,
AutoCor,    0.633023882,  0.114046227,  0.136693545,
Markow Autoregressive (lag 1) bivariate joint 3 asset model cond. params
uProb.,   0.767114313,  0.232885687,
Prob (1),   0.818227170,  0.181772830,
Prob (2),   0.598751007,  0.401248993,
Mean,      0.038211594,  0.001868910,  0.000211750,
Cor (1),    1.000000000, -0.602949470, -0.757865073,
Cor (2),   -0.602949470,  1.000000000,  0.899565155,
Cor (3),   -0.757865073,  0.899565155,  1.000000000,
VCV (1),    0.010845608, -0.000279310, -0.000016653,
VCV (2),   -0.000279310,  0.000019786,  0.000000844,
VCV (3),   -0.000016653,  0.000000844,  0.000000045,
St.dev,     0.104142248,  0.004448147,  0.000210998,
Mean,     -0.137670361, -0.001699111,  0.000064540,
Cor (1),    1.000000000, -0.131378070,  0.717454048,
Cor (2),   -0.131378070,  1.000000000, -0.471420482,
Cor (3),    0.717454048, -0.471420482,  1.000000000,
VCV (1),    0.024333598, -0.000205038,  0.000023788,
VCV (2),   -0.000205038,  0.000100096, -0.000001002,
VCV (3),    0.000023788, -0.000001002,  0.000000045,
St.dev,     0.155992300,  0.010004809,  0.000212553,
AutoCor,    0.713289279,  0.107888802,  0.129640051,

No.; 3; Score; 23.833476400558;
Markow Autoregressive (lag 1) bivariate joint 3 asset model uncond. params
uMean,     -0.049969689, -0.002521811,  0.000183794,
VCV (1),    0.033266882,  0.000940821, -0.000064187,
VCV (2),    0.000940821,  0.000061435,  0.000000185,
VCV (3),   -0.000064187,  0.000000185,  0.000000178,
Cor (1),    1.000000000,  0.658101140, -0.834644159,
Cor (2),    0.658101140,  1.000000000,  0.056075932,
Cor (3),   -0.834644159,  0.056075932,  1.000000000,
St.dev,     0.182392109,  0.007838058,  0.000421635,
Skewness,  -0.098404795,  0.033727736,  0.051460503,
Kurtosis,   0.804228843,  0.028325382,  0.009052024,
AutoCor,    0.490347515,  0.243120920,  0.258858390,
Markow Autoregressive (lag 1) bivariate joint 3 asset model cond. params
uProb.,   0.037921914,  0.962078086,
Prob (1),   0.212426014,  0.787573986,
Prob (2),   0.031043544,  0.968956456,
Mean,     -0.111476826, -0.006014338, -0.000084785,
Cor (1),    1.000000000, -0.389292549, -0.094093114,
Cor (2),   -0.389292549,  1.000000000, -0.233580917,
Cor (3),   -0.094093114, -0.233580917,  1.000000000,
VCV (1),    0.102444174, -0.000475632, -0.000004293,
VCV (2),   -0.000475632,  0.000014571, -0.000000127,
VCV (3),   -0.000004293, -0.000000127,  0.000000020,
St.dev,     0.320069015,  0.003817258,  0.000142548,
Mean,     -0.047545282, -0.002384147,  0.000194381,
Cor (1),    1.000000000,  0.763962109, -0.960552394,
Cor (2),    0.763962109,  1.000000000,  0.047352921,
Cor (3),   -0.960552394,  0.047352921,  1.000000000,
VCV (1),    0.022061389,  0.000871762, -0.000058604,
VCV (2),    0.000871762,  0.000059023,  0.000000149,
VCV (3),   -0.000058604,  0.000000149,  0.000000169,
St.dev,     0.148530769,  0.007682624,  0.000410761,
AutoCor,    0.491738683,  0.243607899,  0.260117663,

No.; 4; Score; 26.586345300094;
Markow Autoregressive (lag 1) bivariate joint 3 asset model uncond. params
uMean,      0.004643296, -0.002707809,  0.000024513,
VCV (1),    0.033790256,  0.000430151, -0.000058185,
VCV (2),    0.000430151,  0.000022499,  0.000000349,
VCV (3),   -0.000058185,  0.000000349,  0.000000175,
Cor (1),    1.000000000,  0.493336526, -0.755617494,
Cor (2),    0.493336526,  1.000000000,  0.175835945,
Cor (3),   -0.755617494,  0.175835945,  1.000000000,
St.dev,     0.183821260,  0.004743313,  0.000418900,
Skewness,  -0.009198980,  0.207154198,  0.022906589,
Kurtosis,  -0.009419975,  0.234626685,  0.010592882,
AutoCor,    0.374007720,  0.266973595,  0.748810675,
Markow Autoregressive (lag 1) bivariate joint 3 asset model cond. params
uProb.,   0.052551802,  0.947448198,
Prob (1),   0.246116294,  0.753883706,
Prob (2),   0.041815423,  0.958184577,
Mean,      0.110931855,  0.005122440, -0.000166816,
Cor (1),    1.000000000,  0.239017980, -0.411658108,
Cor (2),    0.239017980,  1.000000000, -0.866617583,
Cor (3),   -0.411658108, -0.866617583,  1.000000000,
VCV (1),    0.021854566,  0.000138307, -0.000008078,
VCV (2),    0.000138307,  0.000015321, -0.000000450,
VCV (3),   -0.000008078, -0.000000450,  0.000000018,
St.dev,     0.147832900,  0.003914195,  0.000132744,
Mean,     -0.001252177, -0.003142127,  0.000035125,
Cor (1),    1.000000000,  0.496581145, -0.900846319,
Cor (2),    0.496581145,  1.000000000,  0.328357998,
Cor (3),   -0.900846319,  0.328357998,  1.000000000,
VCV (1),    0.028810296,  0.000355094, -0.000042618,
VCV (2),    0.000355094,  0.000017748,  0.000000386,
VCV (3),   -0.000042618,  0.000000386,  0.000000078,
St.dev,     0.169735959,  0.004212880,  0.000278722,
AutoCor,    0.377214302,  0.278133731,  0.755184946,

No.; 5; Score; 29.675847203511;
Markow Autoregressive (lag 1) bivariate joint 3 asset model uncond. params
uMean,      0.055428356,  0.005165968,  0.000010950,
VCV (1),    0.034517546, -0.000064812, -0.000030221,
VCV (2),   -0.000064812,  0.000053539,  0.000002308,
VCV (3),   -0.000030221,  0.000002308,  0.000000324,
Cor (1),    1.000000000, -0.047675519, -0.285892016,
Cor (2),   -0.047675519,  1.000000000,  0.554486735,
Cor (3),   -0.285892016,  0.554486735,  1.000000000,
St.dev,     0.185788981,  0.007317069,  0.000568963,
Skewness,   0.190583454,  0.252854914, -0.020355949,
Kurtosis,   0.150660621,  0.717155190,  0.005840889,
AutoCor,    0.049971463,  0.103605999,  0.728607741,
Markow Autoregressive (lag 1) bivariate joint 3 asset model cond. params
uProb.,   0.502428204,  0.497571796,
Prob (1),   0.294235292,  0.705764708,
Prob (2),   0.712653124,  0.287346876,
Mean,      0.004766261,  0.006419305, -0.000081616,
Cor (1),    1.000000000, -0.563622143, -0.808044186,
Cor (2),   -0.563622143,  1.000000000,  0.906149752,
Cor (3),   -0.808044186,  0.906149752,  1.000000000,
VCV (1),    0.023697381, -0.000763630, -0.000048123,
VCV (2),   -0.000763630,  0.000077462,  0.000003085,
VCV (3),   -0.000048123,  0.000003085,  0.000000150,
St.dev,     0.153939536,  0.008801255,  0.000386872,
Mean,      0.106584923,  0.003900399,  0.000104420,
Cor (1),    1.000000000,  0.776857639, -0.249578282,
Cor (2),    0.776857639,  1.000000000,  0.776810341,
Cor (3),   -0.249578282,  0.776810341,  1.000000000,
VCV (1),    0.039737803,  0.000769701, -0.000016962,
VCV (2),    0.000769701,  0.000024703,  0.000001316,
VCV (3),   -0.000016962,  0.000001316,  0.000000116,
St.dev,     0.199343431,  0.004970252,  0.000340930,
AutoCor,    0.087994698,  0.119543889,  0.760106818,

No.; 6; Score; 41.671518092479;
Markow Autoregressive (lag 1) bivariate joint 3 asset model uncond. params
uMean,     -0.000087361, -0.001069538,  0.000095323,
VCV (1),    0.033915758,  0.000383013, -0.000012160,
VCV (2),    0.000383013,  0.000120004, -0.000000678,
VCV (3),   -0.000012160, -0.000000678,  0.000000037,
Cor (1),    1.000000000,  0.189851845, -0.342820796,
Cor (2),    0.189851845,  1.000000000, -0.321116530,
Cor (3),   -0.342820796, -0.321116530,  1.000000000,
St.dev,     0.184162314,  0.010954637,  0.000192606,
Skewness,   0.048358353,  0.000835677, -0.371214103,
Kurtosis,  -0.022546112, -0.028754682, -0.009868753,
AutoCor,    0.057754165,  0.463878956,  0.249375506,
Markow Autoregressive (lag 1) bivariate joint 3 asset model cond. params
uProb.,   0.674220852,  0.325779148,
Prob (1),   0.653487280,  0.346512720,
Prob (2),   0.717130308,  0.282869692,
Mean,     -0.047886331, -0.003607241,  0.000178848,
Cor (1),    1.000000000,  0.497166391,  0.259455338,
Cor (2),    0.497166391,  1.000000000, -0.684047776,
Cor (3),    0.259455338, -0.684047776,  1.000000000,
VCV (1),    0.028809089,  0.000750037,  0.000005471,
VCV (2),    0.000750037,  0.000079001, -0.000000755,
VCV (3),    0.000005471, -0.000000755,  0.000000015,
St.dev,     0.169732405,  0.008888253,  0.000124231,
Mean,      0.098835676,  0.004182402, -0.000077537,
Cor (1),    1.000000000, -0.799174595, -0.867729787,
Cor (2),   -0.799174595,  1.000000000,  0.770188285,
Cor (3),   -0.867729787,  0.770188285,  1.000000000,
VCV (1),    0.029433135, -0.001163759, -0.000022870,
VCV (2),   -0.001163759,  0.000072045,  0.000001004,
VCV (3),   -0.000022870,  0.000001004,  0.000000024,
St.dev,     0.171560878,  0.008487954,  0.000153628,
AutoCor,    0.077420803,  0.529786259,  0.448829266,

