Round No; 1; best result RLS; 117.36132887749

;;;
Statistical description of data for: Meginajums1
Calib/Tail/Per/Cur, 4176, 9999, 23, 0,
Title,    PE MARKET w  ,EQUITY LM SNP,REX BOND     ,
Mean,       0.000104436,  0.000075211,  0.000042226,
VCV (1),    0.033533792, -0.000018247, -0.000000770,
VCV (2),   -0.000018247,  0.000044333, -0.000000146,
VCV (3),   -0.000000770, -0.000000146,  0.000000045,
St.dev,     0.183122341,  0.006658326,  0.000210996,
Skewness,  -0.359429482, -0.013261914,  0.151860187,
Kurtosis,  20.092276212,  7.412958555, 34.388660560,
AutoCor,   -0.271804758, -0.019537378, -0.152000145,
No.; 1; Score; 117.36132887749;
Markow Autoregressive (lag 1) bivariate joint 3 asset model uncond. params
uMean,      0.002181188,  0.004639818,  0.000149789,
VCV (1),    0.036373903, -0.000190992,  0.000029225,
VCV (2),   -0.000190992,  0.000158535,  0.000000078,
VCV (3),    0.000029225,  0.000000078,  0.000000049,
Cor (1),    1.000000000, -0.079534956,  0.692775198,
Cor (2),   -0.079534956,  1.000000000,  0.028125028,
Cor (3),    0.692775198,  0.028125028,  1.000000000,
St.dev,     0.190719434,  0.012591052,  0.000221191,
Skewness,  -0.791747339,  0.027751839, -0.351507609,
Kurtosis,   2.021164636,  0.035080550,  0.456453254,
AutoCor,    0.410765418,  0.226229866,  0.063907207,
Markow Autoregressive (lag 1) bivariate joint 3 asset model cond. params
uProb.,   0.827945900,  0.172054100,
Prob (1),   0.797130255,  0.202869745,
Prob (2),   0.976234649,  0.023765351,
Mean,      0.036832021,  0.005098134,  0.000191747,
Cor (1),    1.000000000, -0.528190734,  0.808203145,
Cor (2),   -0.528190734,  1.000000000,  0.159829868,
Cor (3),    0.808203145,  0.159829868,  1.000000000,
VCV (1),    0.012338213, -0.000737462,  0.000017002,
VCV (2),   -0.000737462,  0.000157996,  0.000000380,
VCV (3),    0.000017002,  0.000000380,  0.000000036,
St.dev,     0.111077507,  0.012569634,  0.000189388,
Mean,     -0.164562963,  0.002434342, -0.000052120,
Cor (1),    1.000000000,  0.795647743,  0.614690735,
Cor (2),    0.795647743,  1.000000000, -0.756910893,
Cor (3),    0.614690735, -0.756910893,  1.000000000,
VCV (1),    0.069970607,  0.002180227,  0.000039636,
VCV (2),    0.002180227,  0.000107312, -0.000001911,
VCV (3),    0.000039636, -0.000001911,  0.000000059,
St.dev,     0.264519578,  0.010359127,  0.000243765,
AutoCor,    0.522157593,  0.228830834,  0.114798625,

No.; 2; Score; 154.8524052003;
Markow Autoregressive (lag 1) bivariate joint 3 asset model uncond. params
uMean,     -0.005224268,  0.005208855,  0.000049108,
VCV (1),    0.038001169,  0.000328535,  0.000019138,
VCV (2),    0.000328535,  0.000084699, -0.000000211,
VCV (3),    0.000019138, -0.000000211,  0.000000076,
Cor (1),    1.000000000,  0.183123500,  0.355229364,
Cor (2),    0.183123500,  1.000000000, -0.082813290,
Cor (3),    0.355229364, -0.082813290,  1.000000000,
St.dev,     0.194938886,  0.009203209,  0.000276372,
Skewness,  -0.271855037, -0.188423288,  0.402115557,
Kurtosis,  -0.576303906,  1.435009240, -0.322958456,
AutoCor,   -0.029800093,  0.015778482,  0.031429850,
Markow Autoregressive (lag 1) bivariate joint 3 asset model cond. params
uProb.,   0.516956661,  0.483043339,
Prob (1),   0.460941021,  0.539058979,
Prob (2),   0.576905026,  0.423094974,
Mean,     -0.144802261,  0.004401439, -0.000135893,
Cor (1),    1.000000000, -0.028992320, -0.266899944,
Cor (2),   -0.028992320,  1.000000000,  0.092114766,
Cor (3),   -0.266899944,  0.092114766,  1.000000000,
VCV (1),    0.022008121, -0.000051009, -0.000006274,
VCV (2),   -0.000051009,  0.000140653,  0.000000173,
VCV (3),   -0.000006274,  0.000000173,  0.000000025,
St.dev,     0.148351343,  0.011859730,  0.000158453,
Mean,      0.144153163,  0.006072958,  0.000247097,
Cor (1),    1.000000000,  0.925345002, -0.426393736,
Cor (2),    0.925345002,  1.000000000, -0.853544839,
Cor (3),   -0.426393736, -0.853544839,  1.000000000,
VCV (1),    0.011754206,  0.000484495, -0.000010655,
VCV (2),    0.000484495,  0.000023323, -0.000000950,
VCV (3),   -0.000010655, -0.000000950,  0.000000053,
St.dev,     0.108416814,  0.004829354,  0.000230490,
AutoCor,    0.074943772,  0.016872695,  0.167236966,

No.; 3; Score; 303.98628655939;
Markow Autoregressive (lag 1) bivariate joint 3 asset model uncond. params
uMean,     -0.001753714,  0.000831311, -0.000070908,
VCV (1),    0.038322048, -0.001691608,  0.000000168,
VCV (2),   -0.001691608,  0.000230159,  0.000005612,
VCV (3),    0.000000168,  0.000005612,  0.000000323,
Cor (1),    1.000000000, -0.569588395,  0.001513396,
Cor (2),   -0.569588395,  1.000000000,  0.651209287,
Cor (3),    0.001513396,  0.651209287,  1.000000000,
St.dev,     0.195760181,  0.015171001,  0.000568027,
Skewness,   0.428948694, -0.062769760,  0.035900267,
Kurtosis,   0.557450116,  0.026875598,  0.069194017,
AutoCor,    0.309024868,  0.784062698,  0.847318527,
Markow Autoregressive (lag 1) bivariate joint 3 asset model cond. params
uProb.,   0.385898543,  0.614101457,
Prob (1),   0.305840116,  0.694159884,
Prob (2),   0.436206891,  0.563793109,
Mean,      0.085809468, -0.004630326, -0.000153694,
Cor (1),    1.000000000, -0.935808721,  0.019051457,
Cor (2),   -0.935808721,  1.000000000,  0.495403295,
Cor (3),    0.019051457,  0.495403295,  1.000000000,
VCV (1),    0.047741511, -0.001740863,  0.000000784,
VCV (2),   -0.001740863,  0.000072487,  0.000000794,
VCV (3),    0.000000784,  0.000000794,  0.000000035,
St.dev,     0.218498308,  0.008513916,  0.000188252,
Mean,     -0.056778016,  0.004263378, -0.000018886,
Cor (1),    1.000000000, -0.528975956,  0.108419190,
Cor (2),   -0.528975956,  1.000000000,  0.800322949,
Cor (3),    0.108419190,  0.800322949,  1.000000000,
VCV (1),    0.016998589, -0.000441845,  0.000004736,
VCV (2),   -0.000441845,  0.000041045,  0.000001718,
VCV (3),    0.000004736,  0.000001718,  0.000000112,
St.dev,     0.130378636,  0.006406602,  0.000335014,
AutoCor,    0.372212478,  0.865139004,  0.860544966,

No.; 4; Score; 311.85027684132;
Markow Autoregressive (lag 1) bivariate joint 3 asset model uncond. params
uMean,     -0.000501991,  0.001696883, -0.000025297,
VCV (1),    0.027885851, -0.000108291, -0.000022927,
VCV (2),   -0.000108291,  0.000071372,  0.000000144,
VCV (3),   -0.000022927,  0.000000144,  0.000000163,
Cor (1),    1.000000000, -0.076760499, -0.339878681,
Cor (2),   -0.076760499,  1.000000000,  0.042110766,
Cor (3),   -0.339878681,  0.042110766,  1.000000000,
St.dev,     0.166990573,  0.008448189,  0.000403949,
Skewness,  -0.061847235, -0.287840317, -0.098080148,
Kurtosis,   0.264582595,  0.497197996,  0.216046154,
AutoCor,    0.457388900,  0.331860959,  0.643310017,
Markow Autoregressive (lag 1) bivariate joint 3 asset model cond. params
uProb.,   0.619987872,  0.380012128,
Prob (1),   0.565842881,  0.434157119,
Prob (2),   0.708325151,  0.291674849,
Mean,     -0.009734552,  0.003333663, -0.000067146,
Cor (1),    1.000000000, -0.552862900, -0.326546278,
Cor (2),   -0.552862900,  1.000000000, -0.364444062,
Cor (3),   -0.326546278, -0.364444062,  1.000000000,
VCV (1),    0.028449768, -0.000564814, -0.000019469,
VCV (2),   -0.000564814,  0.000036686, -0.000000780,
VCV (3),   -0.000019469, -0.000000780,  0.000000125,
St.dev,     0.168670591,  0.006056876,  0.000353479,
Mean,      0.014560885, -0.000973516,  0.000042980,
Cor (1),    1.000000000,  0.724782085, -0.575042766,
Cor (2),    0.724782085,  1.000000000,  0.977606561,
Cor (3),   -0.575042766,  0.977606561,  1.000000000,
VCV (1),    0.011123202,  0.000738164, -0.000011467,
VCV (2),    0.000738164,  0.000093253,  0.000001785,
VCV (3),   -0.000011467,  0.000001785,  0.000000036,
St.dev,     0.105466592,  0.009656742,  0.000189072,
AutoCor,    0.460395499,  0.362805038,  0.657315092,

No.; 5; Score; 551.88934887291;
Markow Autoregressive (lag 1) bivariate joint 3 asset model uncond. params
uMean,     -0.006350981, -0.004045737, -0.000065066,
VCV (1),    0.025822549, -0.000801314, -0.000006344,
VCV (2),   -0.000801314,  0.000143570, -0.000001211,
VCV (3),   -0.000006344, -0.000001211,  0.000000079,
Cor (1),    1.000000000, -0.416171080, -0.140071976,
Cor (2),   -0.416171080,  1.000000000, -0.358615813,
Cor (3),   -0.140071976, -0.358615813,  1.000000000,
St.dev,     0.160693959,  0.011982050,  0.000281853,
Skewness,   0.109641462,  0.042912821, -0.056019107,
Kurtosis,   0.043059636,  0.013303688, -0.009489578,
AutoCor,    0.224695502,  0.163430618,  0.258132205,
Markow Autoregressive (lag 1) bivariate joint 3 asset model cond. params
uProb.,   0.513835475,  0.486164525,
Prob (1),   0.097622399,  0.902377601,
Prob (2),   0.953738083,  0.046261917,
Mean,     -0.049576895, -0.001806664, -0.000150637,
Cor (1),    1.000000000, -0.891904547,  0.236269437,
Cor (2),   -0.891904547,  1.000000000, -0.027350552,
Cor (3),    0.236269437, -0.027350552,  1.000000000,
VCV (1),    0.017931915, -0.001430541,  0.000008176,
VCV (2),   -0.001430541,  0.000143462, -0.000000085,
VCV (3),    0.000008176, -0.000000085,  0.000000067,
St.dev,     0.133910100,  0.011977570,  0.000258420,
Mean,      0.039335215, -0.006412251,  0.000025374,
Cor (1),    1.000000000,  0.094691247, -0.725277141,
Cor (2),    0.094691247,  1.000000000, -0.702540048,
Cor (3),   -0.725277141, -0.702540048,  1.000000000,
VCV (1),    0.025257746,  0.000165622, -0.000027225,
VCV (2),    0.000165622,  0.000121121, -0.000001826,
VCV (3),   -0.000027225, -0.000001826,  0.000000056,
St.dev,     0.158926858,  0.011005497,  0.000236190,
AutoCor,    0.314197377,  0.202501574,  0.378396883,

No.; 6; Score; 596.50219188135;
Markow Autoregressive (lag 1) bivariate joint 3 asset model uncond. params
uMean,      0.003332699,  0.001050781,  0.000083891,
VCV (1),    0.042558784, -0.000103000, -0.000058748,
VCV (2),   -0.000103000,  0.000062809, -0.000000358,
VCV (3),   -0.000058748, -0.000000358,  0.000000149,
Cor (1),    1.000000000, -0.062998695, -0.736716974,
Cor (2),   -0.062998695,  1.000000000, -0.116780486,
Cor (3),   -0.736716974, -0.116780486,  1.000000000,
St.dev,     0.206297804,  0.007925182,  0.000386542,
Skewness,   0.039747043,  0.371957012,  0.002272768,
Kurtosis,  -0.066541083,  1.682071554, -0.001485741,
AutoCor,    0.647493461,  0.213066916,  0.664047286,
Markow Autoregressive (lag 1) bivariate joint 3 asset model cond. params
uProb.,   0.631258206,  0.368741794,
Prob (1),   0.618940673,  0.381059327,
Prob (2),   0.652344898,  0.347655102,
Mean,      0.068773792,  0.000033408,  0.000033732,
Cor (1),    1.000000000, -0.526839970, -0.898536572,
Cor (2),   -0.526839970,  1.000000000,  0.280844690,
Cor (3),   -0.898536572,  0.280844690,  1.000000000,
VCV (1),    0.015383889, -0.000312222, -0.000030957,
VCV (2),   -0.000312222,  0.000022830,  0.000000373,
VCV (3),   -0.000030957,  0.000000373,  0.000000077,
St.dev,     0.124031806,  0.004778065,  0.000277774,
Mean,     -0.108697527,  0.002792447,  0.000169760,
Cor (1),    1.000000000,  0.521776147, -0.484187120,
Cor (2),    0.521776147,  1.000000000, -0.551089402,
Cor (3),   -0.484187120, -0.551089402,  1.000000000,
VCV (1),    0.009696033,  0.000559096, -0.000013223,
VCV (2),    0.000559096,  0.000118416, -0.000001663,
VCV (3),   -0.000013223, -0.000001663,  0.000000077,
St.dev,     0.098468436,  0.010881907,  0.000277340,
AutoCor,    0.789199050,  0.220222099,  0.684748961,

No.; 7; Score; 633.78406810368;
Markow Autoregressive (lag 1) bivariate joint 3 asset model uncond. params
uMean,     -0.005228020, -0.002824348,  0.000108924,
VCV (1),    0.025605724,  0.000640428, -0.000041218,
VCV (2),    0.000640428,  0.000180660,  0.000002480,
VCV (3),   -0.000041218,  0.000002480,  0.000000195,
Cor (1),    1.000000000,  0.297762932, -0.583902872,
Cor (2),    0.297762932,  1.000000000,  0.418287900,
Cor (3),   -0.583902872,  0.418287900,  1.000000000,
St.dev,     0.160017888,  0.013440995,  0.000441137,
Skewness,   0.539568964, -0.054994399,  0.201465538,
Kurtosis,   0.145771129,  0.104242507,  0.159745259,
AutoCor,    0.295821417,  0.628191493,  0.686772971,
Markow Autoregressive (lag 1) bivariate joint 3 asset model cond. params
uProb.,   0.478152456,  0.521847544,
Prob (1),   0.704526808,  0.295473192,
Prob (2),   0.270732772,  0.729267228,
Mean,      0.088552259, -0.001348226, -0.000032707,
Cor (1),    1.000000000,  0.405646821, -0.494285695,
Cor (2),    0.405646821,  1.000000000,  0.859803733,
Cor (3),   -0.494285695,  0.859803733,  1.000000000,
VCV (1),    0.024734657,  0.000571978, -0.000017648,
VCV (2),    0.000571978,  0.000080381,  0.000001750,
VCV (3),   -0.000017648,  0.000001750,  0.000000052,
St.dev,     0.157272555,  0.008965573,  0.000227018,
Mean,     -0.091155934, -0.004176871,  0.000238697,
Cor (1),    1.000000000,  0.286768056, -0.918518465,
Cor (2),    0.286768056,  1.000000000,  0.306064232,
Cor (3),   -0.918518465,  0.306064232,  1.000000000,
VCV (1),    0.009144867,  0.000315873, -0.000030265,
VCV (2),    0.000315873,  0.000132674,  0.000001215,
VCV (3),   -0.000030265,  0.000001215,  0.000000119,
St.dev,     0.095628798,  0.011518423,  0.000344558,
AutoCor,    0.232459778,  0.630363799,  0.713158513,

No.; 8; Score; 647.37635113699;
Markow Autoregressive (lag 1) bivariate joint 3 asset model uncond. params
uMean,      0.000912336,  0.000958530, -0.000009341,
VCV (1),    0.025346580,  0.000226053,  0.000002005,
VCV (2),    0.000226053,  0.000156191,  0.000001568,
VCV (3),    0.000002005,  0.000001568,  0.000000122,
Cor (1),    1.000000000,  0.113611811,  0.036101823,
Cor (2),    0.113611811,  1.000000000,  0.359568787,
Cor (3),    0.036101823,  0.359568787,  1.000000000,
St.dev,     0.159206094,  0.012497636,  0.000348918,
Skewness,  -0.262942306,  0.000693473,  0.193086768,
Kurtosis,  -0.085429230,  0.000093194,  0.018072955,
AutoCor,    0.071752854,  0.863418954,  0.267513154,
Markow Autoregressive (lag 1) bivariate joint 3 asset model cond. params
uProb.,   0.457670241,  0.542329759,
Prob (1),   0.382644375,  0.617355625,
Prob (2),   0.520984315,  0.479015685,
Mean,     -0.095465380,  0.000197165, -0.000157900,
Cor (1),    1.000000000, -0.220634044,  0.568057085,
Cor (2),   -0.220634044,  1.000000000,  0.894933014,
Cor (3),    0.568057085,  0.894933014,  1.000000000,
VCV (1),    0.020906531, -0.000196580,  0.000021389,
VCV (2),   -0.000196580,  0.000037971,  0.000001436,
VCV (3),    0.000021389,  0.000001436,  0.000000068,
St.dev,     0.144590907,  0.006162060,  0.000260415,
Mean,      0.082245163,  0.001601042,  0.000116027,
Cor (1),    1.000000000,  0.576978890, -0.911430487,
Cor (2),    0.576978890,  1.000000000,  0.335366570,
Cor (3),   -0.911430487,  0.335366570,  1.000000000,
VCV (1),    0.013752210,  0.000425045, -0.000035582,
VCV (2),    0.000425045,  0.000039462,  0.000000701,
VCV (3),   -0.000035582,  0.000000701,  0.000000111,
St.dev,     0.117269816,  0.006281866,  0.000332904,
AutoCor,    0.165815976,  0.866566295,  0.340815734,

No.; 9; Score; 1197.6882793978;
Markow Autoregressive (lag 1) bivariate joint 3 asset model uncond. params
uMean,      0.006674109,  0.002353915,  0.000145406,
VCV (1),    0.047215661,  0.000328566, -0.000004506,
VCV (2),    0.000328566,  0.000094058,  0.000000253,
VCV (3),   -0.000004506,  0.000000253,  0.000000030,
Cor (1),    1.000000000,  0.155912936, -0.120509573,
Cor (2),    0.155912936,  1.000000000,  0.151686450,
Cor (3),   -0.120509573,  0.151686450,  1.000000000,
St.dev,     0.217291650,  0.009698338,  0.000172083,
Skewness,  -0.129830815, -0.055907203, -0.012943029,
Kurtosis,   0.141236431,  0.283005985,  0.008778843,
AutoCor,    0.240153586,  0.257339610,  0.200616036,
Markow Autoregressive (lag 1) bivariate joint 3 asset model cond. params
uProb.,   0.564383056,  0.435616944,
Prob (1),   0.300782333,  0.699217667,
Prob (2),   0.905902789,  0.094097211,
Mean,      0.045602955,  0.001837273,  0.000157663,
Cor (1),    1.000000000,  0.057701602, -0.262765273,
Cor (2),    0.057701602,  1.000000000,  0.538955417,
Cor (3),   -0.262765273,  0.538955417,  1.000000000,
VCV (1),    0.032729106,  0.000111368, -0.000007777,
VCV (2),    0.000111368,  0.000113819,  0.000000941,
VCV (3),   -0.000007777,  0.000000941,  0.000000027,
St.dev,     0.180911874,  0.010668591,  0.000163602,
Mean,     -0.043761901,  0.003023273,  0.000129524,
Cor (1),    1.000000000,  0.362629348, -0.025378263,
Cor (2),    0.362629348,  1.000000000, -0.516047291,
Cor (3),   -0.025378263, -0.516047291,  1.000000000,
VCV (1),    0.053516353,  0.000611072, -0.000001017,
VCV (2),    0.000611072,  0.000053061, -0.000000651,
VCV (3),   -0.000001017, -0.000000651,  0.000000030,
St.dev,     0.231336017,  0.007284275,  0.000173177,
AutoCor,    0.276828546,  0.260522284,  0.205947884,

No.; 10; Score; 1203.2588420541;
Markow Autoregressive (lag 1) bivariate joint 3 asset model uncond. params
uMean,     -0.000903052,  0.000731226,  0.000036884,
VCV (1),    0.047269531,  0.000424385, -0.000030288,
VCV (2),    0.000424385,  0.000064933,  0.000000040,
VCV (3),   -0.000030288,  0.000000040,  0.000000045,
Cor (1),    1.000000000,  0.242234894, -0.653845015,
Cor (2),    0.242234894,  1.000000000,  0.023327700,
Cor (3),   -0.653845015,  0.023327700,  1.000000000,
St.dev,     0.217415571,  0.008058109,  0.000213061,
Skewness,   0.257990897, -0.200695946,  0.421761911,
Kurtosis,  -0.068950770, -0.380289748,  0.104868603,
AutoCor,    0.365872061, -0.136475766,  0.256448307,
Markow Autoregressive (lag 1) bivariate joint 3 asset model cond. params
uProb.,   0.523949725,  0.476050275,
Prob (1),   0.359107524,  0.640892476,
Prob (2),   0.705378096,  0.294621904,
Mean,      0.107177776,  0.005947833, -0.000069367,
Cor (1),    1.000000000,  0.115594567, -0.568772872,
Cor (2),    0.115594567,  1.000000000,  0.607086264,
Cor (3),   -0.568772872,  0.607086264,  1.000000000,
VCV (1),    0.029573329,  0.000108388, -0.000011195,
VCV (2),    0.000108388,  0.000029730,  0.000000379,
VCV (3),   -0.000011195,  0.000000379,  0.000000013,
St.dev,     0.171968977,  0.005452484,  0.000114453,
Mean,     -0.119858807, -0.005010267,  0.000153826,
Cor (1),    1.000000000, -0.782623414, -0.654866385,
Cor (2),   -0.782623414,  1.000000000,  0.734369147,
Cor (3),   -0.654866385,  0.734369147,  1.000000000,
VCV (1),    0.010871498, -0.000520116, -0.000013422,
VCV (2),   -0.000520116,  0.000040626,  0.000000920,
VCV (3),   -0.000013422,  0.000000920,  0.000000039,
St.dev,     0.104266475,  0.006373861,  0.000196577,
AutoCor,    0.631933807,  0.043147675,  0.483595872,

No.; 11; Score; 1717.2362494245;
Markow Autoregressive (lag 1) bivariate joint 3 asset model uncond. params
uMean,      0.000842477,  0.001931098,  0.000100443,
VCV (1),    0.020216726, -0.000297958, -0.000007853,
VCV (2),   -0.000297958,  0.000095231,  0.000002534,
VCV (3),   -0.000007853,  0.000002534,  0.000000140,
Cor (1),    1.000000000, -0.214738273, -0.147787293,
Cor (2),   -0.214738273,  1.000000000,  0.694720484,
Cor (3),   -0.147787293,  0.694720484,  1.000000000,
St.dev,     0.142185532,  0.009758657,  0.000373719,
Skewness,  -0.222003446, -0.420081452,  0.012486488,
Kurtosis,   0.222943096,  0.417583078, -0.005161270,
AutoCor,    0.474128521,  0.375106017,  0.124139694,
Markow Autoregressive (lag 1) bivariate joint 3 asset model cond. params
uProb.,   0.384429632,  0.615570368,
Prob (1),   0.281291968,  0.718708032,
Prob (2),   0.448840097,  0.551159903,
Mean,     -0.052967135, -0.003117331, -0.000001189,
Cor (1),    1.000000000, -0.338001983,  0.039790733,
Cor (2),   -0.338001983,  1.000000000,  0.677306074,
Cor (3),    0.039790733,  0.677306074,  1.000000000,
VCV (1),    0.019353000, -0.000470950,  0.000001964,
VCV (2),   -0.000470950,  0.000100314,  0.000002407,
VCV (3),    0.000001964,  0.000002407,  0.000000126,
St.dev,     0.139115060,  0.010015701,  0.000354877,
Mean,      0.034447099,  0.005083891,  0.000163912,
Cor (1),    1.000000000, -0.465877517, -0.518591486,
Cor (2),   -0.465877517,  1.000000000,  0.843916430,
Cor (3),   -0.518591486,  0.843916430,  1.000000000,
VCV (1),    0.009189869, -0.000268026, -0.000018173,
VCV (2),   -0.000268026,  0.000036016,  0.000001851,
VCV (3),   -0.000018173,  0.000001851,  0.000000134,
St.dev,     0.095863802,  0.006001372,  0.000365545,
AutoCor,    0.537159975,  0.484004286,  0.138263754,

No.; 12; Score; 2009.3102395266;
Markow Autoregressive (lag 1) bivariate joint 3 asset model uncond. params
uMean,      0.005740200, -0.000727103,  0.000159090,
VCV (1),    0.051737902,  0.001265959, -0.000014795,
VCV (2),    0.001265959,  0.000158226, -0.000001633,
VCV (3),   -0.000014795, -0.000001633,  0.000000100,
Cor (1),    1.000000000,  0.442462362, -0.205387581,
Cor (2),    0.442462362,  1.000000000, -0.410041107,
Cor (3),   -0.205387581, -0.410041107,  1.000000000,
St.dev,     0.227459672,  0.012578795,  0.000316689,
Skewness,   0.504625998,  0.166514209, -0.068115242,
Kurtosis,   0.509085854,  0.004336627,  0.015666884,
AutoCor,   -0.103473563,  0.112793367,  0.039575785,
Markow Autoregressive (lag 1) bivariate joint 3 asset model cond. params
uProb.,   0.528065296,  0.471934704,
Prob (1),   0.190258813,  0.809741187,
Prob (2),   0.906049537,  0.093950463,
Mean,      0.087938650,  0.003916128,  0.000085421,
Cor (1),    1.000000000,  0.387759974, -0.151900531,
Cor (2),    0.387759974,  1.000000000, -0.475154461,
Cor (3),   -0.151900531, -0.475154461,  1.000000000,
VCV (1),    0.065968005,  0.001212056, -0.000012491,
VCV (2),    0.001212056,  0.000148111, -0.000001851,
VCV (3),   -0.000012491, -0.000001851,  0.000000102,
St.dev,     0.256842374,  0.012170072,  0.000320155,
Mean,     -0.086234704, -0.005922587,  0.000241521,
Cor (1),    1.000000000,  0.300636041, -0.074176063,
Cor (2),    0.300636041,  1.000000000, -0.180088037,
Cor (3),   -0.074176063, -0.180088037,  1.000000000,
VCV (1),    0.019795572,  0.000420748, -0.000003014,
VCV (2),    0.000420748,  0.000098945, -0.000000517,
VCV (3),   -0.000003014, -0.000000517,  0.000000083,
St.dev,     0.140696738,  0.009947101,  0.000288790,
AutoCor,    0.001313152,  0.261848455,  0.088260527,

No.; 13; Score; 3090.9877805805;
Markow Autoregressive (lag 1) bivariate joint 3 asset model uncond. params
uMean,     -0.005772906, -0.000594632, -0.000088821,
VCV (1),    0.056728144,  0.000437641,  0.000003612,
VCV (2),    0.000437641,  0.000122779,  0.000000789,
VCV (3),    0.000003612,  0.000000789,  0.000000032,
Cor (1),    1.000000000,  0.165827553,  0.085227044,
Cor (2),    0.165827553,  1.000000000,  0.400000516,
Cor (3),    0.085227044,  0.400000516,  1.000000000,
St.dev,     0.238176708,  0.011080567,  0.000177956,
Skewness,   0.293387000,  1.114289480,  0.077268232,
Kurtosis,   0.449082876,  1.336957820,  0.036359129,
AutoCor,    0.586189470, -0.100741634,  0.389432606,
Markow Autoregressive (lag 1) bivariate joint 3 asset model cond. params
uProb.,   0.426777285,  0.573222715,
Prob (1),   0.208952864,  0.791047136,
Prob (2),   0.588952498,  0.411047502,
Mean,      0.072618254,  0.006657145, -0.000039497,
Cor (1),    1.000000000,  0.036655823,  0.513610338,
Cor (2),    0.036655823,  1.000000000,  0.480696097,
Cor (3),    0.513610338,  0.480696097,  1.000000000,
VCV (1),    0.054574869,  0.000112533,  0.000020147,
VCV (2),    0.000112533,  0.000172695,  0.000001061,
VCV (3),    0.000020147,  0.000001061,  0.000000028,
St.dev,     0.233612646,  0.013141346,  0.000167913,
Mean,     -0.064136899, -0.005993744, -0.000125544,
Cor (1),    1.000000000, -0.147303006, -0.999142505,
Cor (2),   -0.147303006,  1.000000000,  0.181920757,
Cor (3),   -0.999142505,  0.181920757,  1.000000000,
VCV (1),    0.009391983, -0.000059171, -0.000014095,
VCV (2),   -0.000059171,  0.000017180,  0.000000110,
VCV (3),   -0.000014095,  0.000000110,  0.000000021,
St.dev,     0.096912243,  0.004144929,  0.000145563,
AutoCor,    0.670950373,  0.030005491,  0.436111084,

No.; 14; Score; 3923.9029547238;
Markow Autoregressive (lag 1) bivariate joint 3 asset model uncond. params
uMean,     -0.002425935, -0.001096561,  0.000026737,
VCV (1),    0.060295032, -0.000209629, -0.000011425,
VCV (2),   -0.000209629,  0.000089436, -0.000002758,
VCV (3),   -0.000011425, -0.000002758,  0.000000134,
Cor (1),    1.000000000, -0.090272137, -0.127077606,
Cor (2),   -0.090272137,  1.000000000, -0.796382650,
Cor (3),   -0.127077606, -0.796382650,  1.000000000,
St.dev,     0.245550468,  0.009457061,  0.000366136,
Skewness,   0.026936860, -0.291933513,  0.412208930,
Kurtosis,  -0.271280437,  0.592221866,  0.311623195,
AutoCor,    0.216565757,  0.240529494,  0.151101719,
Markow Autoregressive (lag 1) bivariate joint 3 asset model cond. params
uProb.,   0.435568963,  0.564431037,
Prob (1),   0.284335520,  0.715664480,
Prob (2),   0.552275151,  0.447724849,
Mean,      0.167249917,  0.001216400, -0.000129264,
Cor (1),    1.000000000, -0.276638867,  0.811217285,
Cor (2),   -0.276638867,  1.000000000, -0.404390255,
Cor (3),    0.811217285, -0.404390255,  1.000000000,
VCV (1),    0.027332610, -0.000258376,  0.000030320,
VCV (2),   -0.000258376,  0.000031915, -0.000000516,
VCV (3),    0.000030320, -0.000000516,  0.000000051,
St.dev,     0.165325769,  0.005649340,  0.000226073,
Mean,     -0.133364048, -0.002881463,  0.000147123,
Cor (1),    1.000000000, -0.317933797, -0.135887087,
Cor (2),   -0.317933797,  1.000000000, -0.882120140,
Cor (3),   -0.135887087, -0.882120140,  1.000000000,
VCV (1),    0.029554672, -0.000588389, -0.000009196,
VCV (2),   -0.000588389,  0.000115886, -0.000003738,
VCV (3),   -0.000009196, -0.000003738,  0.000000155,
St.dev,     0.171914723,  0.010765022,  0.000393655,
AutoCor,    0.499255883,  0.265136551,  0.219370629,

No.; 15; Score; 4138.7880378166;
Markow Autoregressive (lag 1) bivariate joint 3 asset model uncond. params
uMean,      0.004027693, -0.001645304, -0.000022619,
VCV (1),    0.061196376, -0.000211740, -0.000033071,
VCV (2),   -0.000211740,  0.000062073,  0.000000204,
VCV (3),   -0.000033071,  0.000000204,  0.000000090,
Cor (1),    1.000000000, -0.108639893, -0.446333212,
Cor (2),   -0.108639893,  1.000000000,  0.086371370,
Cor (3),   -0.446333212,  0.086371370,  1.000000000,
St.dev,     0.247379013,  0.007878618,  0.000299515,
Skewness,  -0.897290276,  0.814322621,  0.298045182,
Kurtosis,   1.313178880,  0.405990812,  0.206221735,
AutoCor,   -0.047070540, -0.037222325,  0.028480771,
Markow Autoregressive (lag 1) bivariate joint 3 asset model cond. params
uProb.,   0.645158717,  0.354841283,
Prob (1),   0.533248133,  0.466751867,
Prob (2),   0.848630220,  0.151369780,
Mean,      0.095097041, -0.005684030, -0.000114655,
Cor (1),    1.000000000, -0.087555930, -0.074493445,
Cor (2),   -0.087555930,  1.000000000,  0.122004917,
Cor (3),   -0.074493445,  0.122004917,  1.000000000,
VCV (1),    0.020943630, -0.000052326, -0.000002638,
VCV (2),   -0.000052326,  0.000017054,  0.000000123,
VCV (3),   -0.000002638,  0.000000123,  0.000000060,
St.dev,     0.144719142,  0.004129594,  0.000244712,
Mean,     -0.161551078,  0.005697752,  0.000144716,
Cor (1),    1.000000000,  0.605181684, -0.476325018,
Cor (2),    0.605181684,  1.000000000, -0.649495337,
Cor (3),   -0.476325018, -0.649495337,  1.000000000,
VCV (1),    0.091672015,  0.001371626, -0.000045252,
VCV (2),    0.001371626,  0.000056035, -0.000001526,
VCV (3),   -0.000045252, -0.000001526,  0.000000098,
St.dev,     0.302773868,  0.007485683,  0.000313770,
AutoCor,    0.040660460,  0.217258970,  0.099747337,

No.; 16; Score; 5980.9221546355;
Markow Autoregressive (lag 1) bivariate joint 3 asset model uncond. params
uMean,      0.001961703,  0.001575163,  0.000240140,
VCV (1),    0.067784947, -0.000738485, -0.000005776,
VCV (2),   -0.000738485,  0.000048762, -0.000000375,
VCV (3),   -0.000005776, -0.000000375,  0.000000052,
Cor (1),    1.000000000, -0.406194912, -0.096867372,
Cor (2),   -0.406194912,  1.000000000, -0.234159294,
Cor (3),   -0.096867372, -0.234159294,  1.000000000,
St.dev,     0.260355424,  0.006982979,  0.000229037,
Skewness,  -0.153292502, -0.176779552,  0.014206638,
Kurtosis,  -0.292559307,  0.299318519,  0.049902022,
AutoCor,    0.211242653,  0.105034638,  0.095701973,
Markow Autoregressive (lag 1) bivariate joint 3 asset model cond. params
uProb.,   0.503013701,  0.496986299,
Prob (1),   0.307239292,  0.692760708,
Prob (2),   0.701162443,  0.298837557,
Mean,      0.165170365,  0.000286402,  0.000248498,
Cor (1),    1.000000000, -0.778893770, -0.983319130,
Cor (2),   -0.778893770,  1.000000000, -0.520232448,
Cor (3),   -0.983319130, -0.520232448,  1.000000000,
VCV (1),    0.019451687, -0.000854339, -0.000033213,
VCV (2),   -0.000854339,  0.000061851, -0.000000991,
VCV (3),   -0.000033213, -0.000000991,  0.000000059,
St.dev,     0.139469305,  0.007864543,  0.000242180,
Mean,     -0.163226337,  0.002879554,  0.000231680,
Cor (1),    1.000000000, -0.114864576,  0.529943878,
Cor (2),   -0.114864576,  1.000000000,  0.237962872,
Cor (3),    0.529943878,  0.237962872,  1.000000000,
VCV (1),    0.031802324, -0.000113501,  0.000020063,
VCV (2),   -0.000113501,  0.000030702,  0.000000280,
VCV (3),    0.000020063,  0.000000280,  0.000000045,
St.dev,     0.178332060,  0.005540938,  0.000212294,
AutoCor,    0.610885295,  0.122850167,  0.096362849,

No.; 17; Score; 7564.5535408442;
Markow Autoregressive (lag 1) bivariate joint 3 asset model uncond. params
uMean,     -0.003228765,  0.001623683, -0.000009022,
VCV (1),    0.072638449, -0.000629148, -0.000071239,
VCV (2),   -0.000629148,  0.000098167,  0.000001014,
VCV (3),   -0.000071239,  0.000001014,  0.000013095,
Cor (1),    1.000000000, -0.235606588, -0.073044041,
Cor (2),   -0.235606588,  1.000000000,  0.028271316,
Cor (3),   -0.073044041,  0.028271316,  1.000000000,
St.dev,     0.269515211,  0.009907913,  0.003618699,
Skewness,   0.174113358,  0.338363930, -0.000238020,
Kurtosis,   0.174425159,  0.646532109,  0.002678887,
AutoCor,    0.662099548,  0.028426258,  0.996121638,
Markow Autoregressive (lag 1) bivariate joint 3 asset model cond. params
uProb.,   0.566144942,  0.433855058,
Prob (1),   0.468009881,  0.531990119,
Prob (2),   0.694203075,  0.305796925,
Mean,      0.059275343, -0.000520591, -0.000082330,
Cor (1),    1.000000000, -0.644661084, -0.341927143,
Cor (2),   -0.644661084,  1.000000000,  0.968449845,
Cor (3),   -0.341927143,  0.968449845,  1.000000000,
VCV (1),    0.047682719, -0.001026992, -0.000027234,
VCV (2),   -0.001026992,  0.000053224,  0.000002577,
VCV (3),   -0.000027234,  0.000002577,  0.000000133,
St.dev,     0.218363732,  0.007295503,  0.000364752,
Mean,     -0.084791451,  0.004421784,  0.000086639,
Cor (1),    1.000000000,  0.265311325, -0.374905119,
Cor (2),    0.265311325,  1.000000000, -0.924718241,
Cor (3),   -0.374905119, -0.924718241,  1.000000000,
VCV (1),    0.010687266,  0.000327475, -0.000005557,
VCV (2),    0.000327475,  0.000142553, -0.000001583,
VCV (3),   -0.000005557, -0.000001583,  0.000000021,
St.dev,     0.103379235,  0.011939570,  0.000143372,
AutoCor,    0.729148542,  0.045001525,  0.996776569,

No.; 18; Score; 11145.462491866;
Markow Autoregressive (lag 1) bivariate joint 3 asset model uncond. params
uMean,      0.003696249,  0.004786293,  0.000091315,
VCV (1),    0.083282378,  0.000791446, -0.000007185,
VCV (2),    0.000791446,  0.000086658,  0.000000216,
VCV (3),   -0.000007185,  0.000000216,  0.000000101,
Cor (1),    1.000000000,  0.294605624, -0.078149228,
Cor (2),    0.294605624,  1.000000000,  0.072961246,
Cor (3),   -0.078149228,  0.072961246,  1.000000000,
St.dev,     0.288586865,  0.009309019,  0.000318589,
Skewness,  -0.368482902,  0.089753951, -0.118730427,
Kurtosis,   0.117455458,  0.208042028,  0.036139424,
AutoCor,    0.234203208,  0.037099063,  0.063237771,
Markow Autoregressive (lag 1) bivariate joint 3 asset model cond. params
uProb.,   0.370361640,  0.629638360,
Prob (1),   0.263678311,  0.736321689,
Prob (2),   0.433114189,  0.566885811,
Mean,      0.155373488,  0.003431565, -0.000053318,
Cor (1),    1.000000000, -0.508798626, -0.852493944,
Cor (2),   -0.508798626,  1.000000000,  0.792916732,
Cor (3),   -0.852493944,  0.792916732,  1.000000000,
VCV (1),    0.026092146, -0.000608937, -0.000043670,
VCV (2),   -0.000608937,  0.000054896,  0.000001863,
VCV (3),   -0.000043670,  0.000001863,  0.000000101,
St.dev,     0.161530636,  0.007409200,  0.000317133,
Mean,     -0.085522316,  0.005583162,  0.000176390,
Cor (1),    1.000000000,  0.604853080,  0.416188774,
Cor (2),    0.604853080,  1.000000000, -0.322948551,
Cor (3),    0.416188774, -0.322948551,  1.000000000,
VCV (1),    0.084610899,  0.001789154,  0.000034500,
VCV (2),    0.001789154,  0.000103412, -0.000000936,
VCV (3),    0.000034500, -0.000000936,  0.000000081,
St.dev,     0.290879526,  0.010169150,  0.000284979,
AutoCor,    0.312514600,  0.039704431,  0.095336069,

No.; 19; Score; 11195.936342211;
Markow Autoregressive (lag 1) bivariate joint 3 asset model uncond. params
uMean,      0.001320530, -0.003151483,  0.000140065,
VCV (1),    0.083317958,  0.001229529,  0.000012671,
VCV (2),    0.001229529,  0.000127632, -0.000000157,
VCV (3),    0.000012671, -0.000000157,  0.000000101,
Cor (1),    1.000000000,  0.377041688,  0.138201920,
Cor (2),    0.377041688,  1.000000000, -0.043839869,
Cor (3),    0.138201920, -0.043839869,  1.000000000,
St.dev,     0.288648502,  0.011297439,  0.000317645,
Skewness,   0.031353907,  0.009610078,  0.205676499,
Kurtosis,  -0.011432005,  0.021786231,  0.184280052,
AutoCor,    0.549559822,  0.456925584,  0.151816037,
Markow Autoregressive (lag 1) bivariate joint 3 asset model cond. params
uProb.,   0.463250686,  0.536749314,
Prob (1),   0.104141798,  0.895858202,
Prob (2),   0.773185761,  0.226814239,
Mean,      0.095810810, -0.003613614,  0.000050230,
Cor (1),    1.000000000, -0.159307726, -0.354456732,
Cor (2),   -0.159307726,  1.000000000, -0.198802984,
Cor (3),   -0.354456732, -0.198802984,  1.000000000,
VCV (1),    0.044775609, -0.000315198, -0.000018389,
VCV (2),   -0.000315198,  0.000087428, -0.000000456,
VCV (3),   -0.000018389, -0.000000456,  0.000000060,
St.dev,     0.211602480,  0.009350299,  0.000245167,
Mean,     -0.080230924, -0.002752633,  0.000217600,
Cor (1),    1.000000000,  0.919083102,  0.719608138,
Cor (2),    0.919083102,  1.000000000,  0.019082725,
Cor (3),    0.719608138,  0.019082725,  1.000000000,
VCV (1),    0.038279373,  0.001903540,  0.000047789,
VCV (2),    0.001903540,  0.000112060,  0.000000069,
VCV (3),    0.000047789,  0.000000069,  0.000000115,
St.dev,     0.195651152,  0.010585829,  0.000339427,
AutoCor,    0.673750743,  0.458554014,  0.212684583,

No.; 20; Score; 42138.155108831;
Markow Autoregressive (lag 1) bivariate joint 3 asset model uncond. params
uMean,      0.001972317,  0.002100095,  0.000108078,
VCV (1),    0.150725070,  0.001922174,  0.000028104,
VCV (2),    0.001922174,  0.000110849,  0.000000085,
VCV (3),    0.000028104,  0.000000085,  0.000000043,
Cor (1),    1.000000000,  0.470254769,  0.350691180,
Cor (2),    0.470254769,  1.000000000,  0.039176446,
Cor (3),    0.350691180,  0.039176446,  1.000000000,
St.dev,     0.388233267,  0.010528506,  0.000206420,
Skewness,   0.090292704,  0.085569421,  0.323147672,
Kurtosis,   0.081328188, -0.030384061, -0.260549670,
AutoCor,    0.800077925,  0.367508031,  0.183106190,
Markow Autoregressive (lag 1) bivariate joint 3 asset model cond. params
uProb.,   0.538003987,  0.461996013,
Prob (1),   0.507636824,  0.492363176,
Prob (2),   0.573367181,  0.426632819,
Mean,      0.094035425,  0.005797663,  0.000227847,
Cor (1),    1.000000000,  0.678970481,  0.770092676,
Cor (2),    0.678970481,  1.000000000, -0.766362459,
Cor (3),    0.770092676, -0.766362459,  1.000000000,
VCV (1),    0.054212727,  0.001458575,  0.000031307,
VCV (2),    0.001458575,  0.000085125, -0.000001235,
VCV (3),    0.000031307, -0.000001235,  0.000000030,
St.dev,     0.232836266,  0.009226294,  0.000174601,
Mean,     -0.105237092, -0.002205801, -0.000031394,
Cor (1),    1.000000000,  0.343305277, -0.886393500,
Cor (2),    0.343305277,  1.000000000,  0.671131567,
Cor (3),   -0.886393500,  0.671131567,  1.000000000,
VCV (1),    0.015867922,  0.000352746, -0.000013189,
VCV (2),    0.000352746,  0.000066534,  0.000000647,
VCV (3),   -0.000013189,  0.000000647,  0.000000014,
St.dev,     0.125967940,  0.008156835,  0.000118120,
AutoCor,    0.860747071,  0.440170787,  0.343563717,

