Round No; 1; best result RLS; 15.075266316143

;;;
Statistical description of data for: Meginajums1
Calib/Tail/Per/Cur, 4176, 9999, 23, 0,
Title,    PE MARKET w  ,EQUITY LM SNP,REX BOND     ,
Mean,       0.000104436,  0.000075211,  0.000042226,
VCV (1),    0.033533792, -0.000018247, -0.000000770,
VCV (2),   -0.000018247,  0.000044333, -0.000000146,
VCV (3),   -0.000000770, -0.000000146,  0.000000045,
St.dev,     0.183122341,  0.006658326,  0.000210996,
Skewness,  -0.359429482, -0.013261914,  0.151860187,
Kurtosis,  20.092276212,  7.412958555, 34.388660560,
AutoCor,   -0.271804758, -0.019537378, -0.152000145,
No.; 1; Score; 15.075266316143;
Markow Autoregressive (lag 1) bivariate joint 3 asset model uncond. params
uMean,     -0.077250829,  0.002487364, -0.000045788,
VCV (1),    0.061770357,  0.000181105,  0.000022908,
VCV (2),    0.000181105,  0.000104286,  0.000000779,
VCV (3),    0.000022908,  0.000000779,  0.000000109,
Cor (1),    1.000000000,  0.071355546,  0.278880254,
Cor (2),    0.071355546,  1.000000000,  0.230697163,
Cor (3),    0.278880254,  0.230697163,  1.000000000,
St.dev,     0.248536430,  0.010212066,  0.000330511,
Skewness,  -0.032287652, -0.494211659, -0.294275598,
Kurtosis,   0.278170286,  0.971211788,  0.848054575,
AutoCor,    0.496991927, -0.614599446, -0.452359349,
Markow Autoregressive (lag 1) bivariate joint 3 asset model cond. params
uProb.,   0.658259484,  0.341740516,
Prob (1),   0.642648453,  0.357351547,
Prob (2),   0.688329401,  0.311670599,
Mean,     -0.083771497,  0.005046733,  0.000000526,
Cor (1),    1.000000000,  0.817976074,  0.806984497,
Cor (2),    0.817976074,  1.000000000,  0.218337402,
Cor (3),    0.806984497,  0.218337402,  1.000000000,
VCV (1),    0.059724329,  0.000730547,  0.000040716,
VCV (2),    0.000730547,  0.000013356,  0.000000165,
VCV (3),    0.000040716,  0.000000165,  0.000000043,
St.dev,     0.244385616,  0.003654532,  0.000206454,
Mean,     -0.064690739, -0.002442484, -0.000134998,
Cor (1),    1.000000000, -0.369670410,  0.110576300,
Cor (2),   -0.369670410,  1.000000000,  0.181757813,
Cor (3),    0.110576300,  0.181757813,  1.000000000,
VCV (1),    0.020755607, -0.000567959,  0.000006332,
VCV (2),   -0.000567959,  0.000113728,  0.000000770,
VCV (3),    0.000006332,  0.000000770,  0.000000158,
St.dev,     0.144068065,  0.010664355,  0.000397488,
AutoCor,    0.497712403, -0.692905273, -0.468345647,

No.; 2; Score; 25.643024766795;
Markow Autoregressive (lag 1) bivariate joint 3 asset model uncond. params
uMean,      0.000134037,  0.000064462,  0.000071365,
VCV (1),    0.033793615,  0.000030147,  0.000020453,
VCV (2),    0.000030147,  0.000094852,  0.000000568,
VCV (3),    0.000020453,  0.000000568,  0.000000025,
Cor (1),    1.000000000,  0.016838646,  0.705620547,
Cor (2),    0.016838646,  1.000000000,  0.369623628,
Cor (3),    0.705620547,  0.369623628,  1.000000000,
St.dev,     0.183830396,  0.009739191,  0.000157676,
Skewness,   0.726893281, -0.223451404, -0.100388369,
Kurtosis,   1.134572024,  0.404450744, -0.126919005,
AutoCor,   -0.154241474, -0.531220287, -0.285991487,
Markow Autoregressive (lag 1) bivariate joint 3 asset model cond. params
uProb.,   0.425611432,  0.574388568,
Prob (1),   0.171989655,  0.828010345,
Prob (2),   0.613540534,  0.386459466,
Mean,      0.086699509,  0.002380483,  0.000161540,
Cor (1),    1.000000000,  0.610251925,  0.621230157,
Cor (2),    0.610251925,  1.000000000,  0.364249072,
Cor (3),    0.621230157,  0.364249072,  1.000000000,
VCV (1),    0.050886987,  0.000602674,  0.000017194,
VCV (2),    0.000602674,  0.000019166,  0.000000196,
VCV (3),    0.000017194,  0.000000196,  0.000000015,
St.dev,     0.225581443,  0.004377945,  0.000122696,
Mean,     -0.064009395, -0.001651667,  0.000004547,
Cor (1),    1.000000000, -0.616320801,  0.827336356,
Cor (2),   -0.616320801,  1.000000000,  0.345371094,
Cor (3),    0.827336356,  0.345371094,  1.000000000,
VCV (1),    0.010990936, -0.000641937,  0.000012208,
VCV (2),   -0.000641937,  0.000098704,  0.000000483,
VCV (3),    0.000012208,  0.000000483,  0.000000020,
St.dev,     0.104837667,  0.009935007,  0.000140744,
AutoCor,   -0.097752128, -0.535142050, -0.236231467,

No.; 3; Score; 35.420776437457;
Markow Autoregressive (lag 1) bivariate joint 3 asset model uncond. params
uMean,      0.000436553,  0.000374238, -0.000007007,
VCV (1),    0.034983322,  0.000435810,  0.000049168,
VCV (2),    0.000435810,  0.000038069, -0.000000563,
VCV (3),    0.000049168, -0.000000563,  0.000000242,
Cor (1),    1.000000000,  0.377642261,  0.534185573,
Cor (2),    0.377642261,  1.000000000, -0.185569502,
Cor (3),    0.534185573, -0.185569502,  1.000000000,
St.dev,     0.187038289,  0.006170012,  0.000492106,
Skewness,   0.197228051, -0.007781715, -0.015617428,
Kurtosis,  -0.031969391,  0.375303412, -0.008504619,
AutoCor,    0.134486942,  0.234039389, -0.592871859,
Markow Autoregressive (lag 1) bivariate joint 3 asset model cond. params
uProb.,   0.320064094,  0.679935906,
Prob (1),   0.618800494,  0.381199506,
Prob (2),   0.179440846,  0.820559154,
Mean,      0.144241157,  0.000440264,  0.000159622,
Cor (1),    1.000000000, -0.116770020,  0.270695435,
Cor (2),   -0.116770020,  1.000000000,  0.441355917,
Cor (3),    0.270695435,  0.441355917,  1.000000000,
VCV (1),    0.027947527, -0.000080131,  0.000015765,
VCV (2),   -0.000080131,  0.000016850,  0.000000631,
VCV (3),    0.000015765,  0.000000631,  0.000000121,
St.dev,     0.167175139,  0.004104866,  0.000348371,
Mean,     -0.067256136,  0.000343157, -0.000085444,
Cor (1),    1.000000000,  0.644829603,  0.854662765,
Cor (2),    0.644829603,  1.000000000, -0.508498609,
Cor (3),    0.854662765, -0.508498609,  1.000000000,
VCV (1),    0.023967776,  0.000669588,  0.000048918,
VCV (2),    0.000669588,  0.000044988, -0.000001261,
VCV (3),    0.000048918, -0.000001261,  0.000000137,
St.dev,     0.154815296,  0.006707318,  0.000369707,
AutoCor,    0.016945141,  0.234028321, -0.651759372,

No.; 4; Score; 52.386550448597;
Markow Autoregressive (lag 1) bivariate joint 3 asset model uncond. params
uMean,     -0.063575588, -0.001277275, -0.000009976,
VCV (1),    0.058803383,  0.000562262,  0.000019251,
VCV (2),    0.000562262,  0.000129369, -0.000000056,
VCV (3),    0.000019251, -0.000000056,  0.000000173,
Cor (1),    1.000000000,  0.203855160,  0.190883568,
Cor (2),    0.203855160,  1.000000000, -0.011758380,
Cor (3),    0.190883568, -0.011758380,  1.000000000,
St.dev,     0.242494089,  0.011374066,  0.000415895,
Skewness,  -0.267349206,  0.051480565,  0.002363114,
Kurtosis,   0.224761156,  0.610601045,  0.020022606,
AutoCor,    0.507572016, -0.412276011,  0.895764434,
Markow Autoregressive (lag 1) bivariate joint 3 asset model cond. params
uProb.,   0.560552656,  0.439447344,
Prob (1),   0.541516384,  0.458483616,
Prob (2),   0.584835048,  0.415164952,
Mean,     -0.130920135, -0.001666212, -0.000015928,
Cor (1),    1.000000000,  0.593903808,  0.278273560,
Cor (2),    0.593903808,  1.000000000,  0.243874512,
Cor (3),    0.278273560,  0.243874512,  1.000000000,
VCV (1),    0.051354061,  0.001006293,  0.000010241,
VCV (2),    0.001006293,  0.000055904,  0.000000296,
VCV (3),    0.000010241,  0.000000296,  0.000000026,
St.dev,     0.226614344,  0.007476893,  0.000162403,
Mean,      0.022328139, -0.000781154, -0.000002384,
Cor (1),    1.000000000,  0.120515137,  0.295146612,
Cor (2),    0.120515137,  1.000000000, -0.203496093,
Cor (3),    0.295146612, -0.203496093,  1.000000000,
VCV (1),    0.016260664,  0.000201865,  0.000007889,
VCV (2),    0.000201865,  0.000172545, -0.000000560,
VCV (3),    0.000007889, -0.000000560,  0.000000044,
St.dev,     0.127517310,  0.013135625,  0.000209624,
AutoCor,    0.567683106, -0.412827148,  0.896009822,

No.; 5; Score; 77.081846012029;
Markow Autoregressive (lag 1) bivariate joint 3 asset model uncond. params
uMean,     -0.000188316,  0.000126817, -0.000019116,
VCV (1),    0.035737603,  0.000177094,  0.000023610,
VCV (2),    0.000177094,  0.000102246,  0.000000259,
VCV (3),    0.000023610,  0.000000259,  0.000000044,
Cor (1),    1.000000000,  0.092644413,  0.592934829,
Cor (2),    0.092644413,  1.000000000,  0.121634984,
Cor (3),    0.592934829,  0.121634984,  1.000000000,
St.dev,     0.189043919,  0.010111666,  0.000210633,
Skewness,  -0.077933000,  0.082134981, -0.183347567,
Kurtosis,   0.133368390, -0.086900425, -0.024840948,
AutoCor,    0.403230030, -0.540760840, -0.237513294,
Markow Autoregressive (lag 1) bivariate joint 3 asset model cond. params
uProb.,   0.432402247,  0.567597753,
Prob (1),   0.198314648,  0.801685352,
Prob (2),   0.610732770,  0.389267230,
Mean,      0.026448168,  0.005720234,  0.000081415,
Cor (1),    1.000000000,  0.275741353,  0.940106648,
Cor (2),    0.275741353,  1.000000000,  0.440544433,
Cor (3),    0.940106648,  0.440544433,  1.000000000,
VCV (1),    0.019787307,  0.000292301,  0.000021646,
VCV (2),    0.000292301,  0.000056790,  0.000000543,
VCV (3),    0.000021646,  0.000000543,  0.000000027,
St.dev,     0.140667364,  0.007535906,  0.000163681,
Mean,     -0.020480284, -0.004134310, -0.000095702,
Cor (1),    1.000000000, -0.063137207,  0.636058188,
Cor (2),   -0.063137207,  1.000000000, -0.477343750,
Cor (3),    0.636058188, -0.477343750,  1.000000000,
VCV (1),    0.036217738, -0.000083634,  0.000024685,
VCV (2),   -0.000083634,  0.000048447, -0.000000678,
VCV (3),    0.000024685, -0.000000678,  0.000000042,
St.dev,     0.190309585,  0.006960401,  0.000203926,
AutoCor,    0.415755588, -0.579772370, -0.200787053,

No.; 6; Score; 89.697834581051;
Markow Autoregressive (lag 1) bivariate joint 3 asset model uncond. params
uMean,     -0.119053491,  0.000100732,  0.000008931,
VCV (1),    0.023429969,  0.000684165,  0.000013601,
VCV (2),    0.000684165,  0.000055016, -0.000001664,
VCV (3),    0.000013601, -0.000001664,  0.000000327,
Cor (1),    1.000000000,  0.602601769,  0.155270559,
Cor (2),    0.602601769,  1.000000000, -0.392042704,
Cor (3),    0.155270559, -0.392042704,  1.000000000,
St.dev,     0.153068512,  0.007417281,  0.000572256,
Skewness,   0.014424817, -0.008177992, -0.002816893,
Kurtosis,   0.012483049,  0.002344375,  0.022199560,
AutoCor,   -0.455407830,  0.438873393,  0.877914956,
Markow Autoregressive (lag 1) bivariate joint 3 asset model cond. params
uProb.,   0.053387826,  0.946612174,
Prob (1),   0.295987449,  0.704012551,
Prob (2),   0.039705489,  0.960294511,
Mean,     -0.048631322,  0.002150296,  0.000049349,
Cor (1),    1.000000000,  0.505720214,  0.684181763,
Cor (2),    0.505720214,  1.000000000,  0.144802246,
Cor (3),    0.684181763,  0.144802246,  1.000000000,
VCV (1),    0.020794385,  0.000423899,  0.000011077,
VCV (2),    0.000423899,  0.000033788,  0.000000095,
VCV (3),    0.000011077,  0.000000095,  0.000000013,
St.dev,     0.144202585,  0.005812717,  0.000112279,
Mean,     -0.123025219, -0.000014861,  0.000006652,
Cor (1),    1.000000000,  0.930671387,  0.514824346,
Cor (2),    0.930671387,  1.000000000, -0.580205078,
Cor (3),    0.514824346, -0.580205078,  1.000000000,
VCV (1),    0.018017735,  0.000835936,  0.000019359,
VCV (2),    0.000835936,  0.000044777, -0.000001088,
VCV (3),    0.000019359, -0.000001088,  0.000000078,
St.dev,     0.134230157,  0.006691549,  0.000280132,
AutoCor,   -0.464006348,  0.439663086,  0.878089900,

No.; 7; Score; 127.0091187135;
Markow Autoregressive (lag 1) bivariate joint 3 asset model uncond. params
uMean,     -0.136090175, -0.002643502,  0.000123269,
VCV (1),    0.024417473,  0.000540414,  0.000026602,
VCV (2),    0.000540414,  0.000145254, -0.000001861,
VCV (3),    0.000026602, -0.000001861,  0.000000231,
Cor (1),    1.000000000,  0.286953492,  0.353833009,
Cor (2),    0.286953492,  1.000000000, -0.320946647,
Cor (3),    0.353833009, -0.320946647,  1.000000000,
St.dev,     0.156260912,  0.012052153,  0.000481127,
Skewness,   0.070770326, -0.325860538, -0.052588625,
Kurtosis,   0.632918363,  0.391998677,  0.071486403,
AutoCor,   -0.092553775, -0.188444842,  0.767046629,
Markow Autoregressive (lag 1) bivariate joint 3 asset model cond. params
uProb.,   0.329413910,  0.670586090,
Prob (1),   0.160842589,  0.839157411,
Prob (2),   0.412221678,  0.587778322,
Mean,     -0.124607422,  0.001984489,  0.000217569,
Cor (1),    1.000000000,  0.523249511,  0.525880981,
Cor (2),    0.523249511,  1.000000000, -0.004221192,
Cor (3),    0.525880981, -0.004221192,  1.000000000,
VCV (1),    0.040114497,  0.000680644,  0.000020021,
VCV (2),    0.000680644,  0.000042181, -0.000000005,
VCV (3),    0.000020021, -0.000000005,  0.000000036,
St.dev,     0.200286037,  0.006494724,  0.000190088,
Mean,     -0.141730880, -0.004916923,  0.000076946,
Cor (1),    1.000000000,  0.249567871,  0.747734503,
Cor (2),    0.249567871,  1.000000000, -0.805351562,
Cor (3),    0.747734503, -0.805351562,  1.000000000,
VCV (1),    0.016301737,  0.000419631,  0.000031858,
VCV (2),    0.000419631,  0.000173430, -0.000003539,
VCV (3),    0.000031858, -0.000003539,  0.000000111,
St.dev,     0.127678258,  0.013169274,  0.000333702,
AutoCor,   -0.092131348, -0.183530273,  0.786634822,

No.; 8; Score; 164.32040284596;
Markow Autoregressive (lag 1) bivariate joint 3 asset model uncond. params
uMean,     -0.059076465,  0.004562102, -0.000021512,
VCV (1),    0.089132176, -0.000086897,  0.000015759,
VCV (2),   -0.000086897,  0.000052035, -0.000000222,
VCV (3),    0.000015759, -0.000000222,  0.000000064,
Cor (1),    1.000000000, -0.040349689,  0.208071280,
Cor (2),   -0.040349689,  1.000000000, -0.121341195,
Cor (3),    0.208071280, -0.121341195,  1.000000000,
St.dev,     0.298550124,  0.007213534,  0.000253694,
Skewness,  -0.083806257,  0.048988344, -0.000994067,
Kurtosis,   0.026100729, -0.008058860,  0.004665714,
AutoCor,   -0.134672222,  0.453588002,  0.223871142,
Markow Autoregressive (lag 1) bivariate joint 3 asset model cond. params
uProb.,   0.572567401,  0.427432599,
Prob (1),   0.550178979,  0.449821021,
Prob (2),   0.602557815,  0.397442185,
Mean,     -0.120914574,  0.006331907, -0.000023356,
Cor (1),    1.000000000,  0.231403808, -0.046579956,
Cor (2),    0.231403808,  1.000000000,  0.396364746,
Cor (3),   -0.046579956,  0.396364746,  1.000000000,
VCV (1),    0.091787035,  0.000437564, -0.000003551,
VCV (2),    0.000437564,  0.000038955,  0.000000623,
VCV (3),   -0.000003551,  0.000000623,  0.000000063,
St.dev,     0.302963753,  0.006241380,  0.000251649,
Mean,      0.023758782,  0.002191360, -0.000019043,
Cor (1),    1.000000000, -0.292375488,  0.665703253,
Cor (2),   -0.292375488,  1.000000000, -0.942949219,
Cor (3),    0.665703253, -0.942949219,  1.000000000,
VCV (1),    0.069756566, -0.000436740,  0.000042412,
VCV (2),   -0.000436740,  0.000031987, -0.000001286,
VCV (3),    0.000042412, -0.000001286,  0.000000058,
St.dev,     0.264114684,  0.005655737,  0.000241219,
AutoCor,   -0.139689941,  0.497963867,  0.223890681,

No.; 9; Score; 201.63168697841;
Markow Autoregressive (lag 1) bivariate joint 3 asset model uncond. params
uMean,     -0.022220183,  0.001999882,  0.000045506,
VCV (1),    0.156447388,  0.000025242,  0.000009514,
VCV (2),    0.000025242,  0.000107157,  0.000000095,
VCV (3),    0.000009514,  0.000000095,  0.000000076,
Cor (1),    1.000000000,  0.006164923,  0.087236656,
Cor (2),    0.006164923,  1.000000000,  0.033229366,
Cor (3),    0.087236656,  0.033229366,  1.000000000,
St.dev,     0.395534307,  0.010351648,  0.000275715,
Skewness,   0.001063847, -0.094339117,  0.324350877,
Kurtosis,   0.002590917,  0.765172602, -0.318223070,
AutoCor,   -0.816381175,  0.069361617,  0.073003090,
Markow Autoregressive (lag 1) bivariate joint 3 asset model cond. params
uProb.,   0.458043980,  0.541956020,
Prob (1),   0.456308469,  0.543691531,
Prob (2),   0.459510780,  0.540489220,
Mean,     -0.029183515,  0.002700389,  0.000250764,
Cor (1),    1.000000000,  0.931208496,  0.336476685,
Cor (2),    0.931208496,  1.000000000, -0.175168457,
Cor (3),    0.336476685, -0.175168457,  1.000000000,
VCV (1),    0.048371417,  0.001408259,  0.000016631,
VCV (2),    0.001408259,  0.000047281, -0.000000271,
VCV (3),    0.000016631, -0.000000271,  0.000000051,
St.dev,     0.219935028,  0.006876083,  0.000224736,
Mean,     -0.016334996,  0.001407836, -0.000127972,
Cor (1),    1.000000000, -0.385783691,  0.194902471,
Cor (2),   -0.385783691,  1.000000000,  0.082636719,
Cor (3),    0.194902471,  0.082636719,  1.000000000,
VCV (1),    0.055270700, -0.001132952,  0.000007991,
VCV (2),   -0.001132952,  0.000156041,  0.000000180,
VCV (3),    0.000007991,  0.000000180,  0.000000030,
St.dev,     0.235097215,  0.012491656,  0.000174397,
AutoCor,   -0.816594238,  0.069643555,  0.140150447,

No.; 10; Score; 207.2061884318;
Markow Autoregressive (lag 1) bivariate joint 3 asset model uncond. params
uMean,      0.000484737,  0.000021588,  0.000091830,
VCV (1),    0.036500421,  0.001143284,  0.000001119,
VCV (2),    0.001143284,  0.000284241, -0.000005308,
VCV (3),    0.000001119, -0.000005308,  0.000000162,
Cor (1),    1.000000000,  0.354945406,  0.014571482,
Cor (2),    0.354945406,  1.000000000, -0.783321552,
Cor (3),    0.014571482, -0.783321552,  1.000000000,
St.dev,     0.191050834,  0.016859462,  0.000401900,
Skewness,  -0.546722474, -0.108460865,  0.011842886,
Kurtosis,   1.078952201,  0.086677767,  0.315757535,
AutoCor,    0.168177608,  0.679440908,  0.453458294,
Markow Autoregressive (lag 1) bivariate joint 3 asset model cond. params
uProb.,   0.300737287,  0.699262713,
Prob (1),   0.070227497,  0.929772503,
Prob (2),   0.399874402,  0.600125598,
Mean,     -0.096624505,  0.005555567,  0.000084230,
Cor (1),    1.000000000,  0.123876439,  0.427592128,
Cor (2),    0.123876439,  1.000000000, -0.279595265,
Cor (3),    0.427592128, -0.279595265,  1.000000000,
VCV (1),    0.059860762,  0.000178938,  0.000022080,
VCV (2),    0.000178938,  0.000034857, -0.000000348,
VCV (3),    0.000022080, -0.000000348,  0.000000045,
St.dev,     0.244664592,  0.005903961,  0.000211061,
Mean,      0.042249255, -0.002358452,  0.000095099,
Cor (1),    1.000000000,  0.894416993, -0.154941279,
Cor (2),    0.894416993,  1.000000000, -0.938552042,
Cor (3),   -0.154941279, -0.938552042,  1.000000000,
VCV (1),    0.018190477,  0.001558651, -0.000008470,
VCV (2),    0.001558651,  0.000166945, -0.000004915,
VCV (3),   -0.000008470, -0.000004915,  0.000000164,
St.dev,     0.134872075,  0.012920723,  0.000405317,
AutoCor,    0.230407715,  0.728471680,  0.453578764,

No.; 11; Score; 208.96763604714;
Markow Autoregressive (lag 1) bivariate joint 3 asset model uncond. params
uMean,     -0.000015392,  0.000451120,  0.000110569,
VCV (1),    0.038585922,  0.000803472,  0.000004902,
VCV (2),    0.000803472,  0.000114894, -0.000000993,
VCV (3),    0.000004902, -0.000000993,  0.000000045,
Cor (1),    1.000000000,  0.381599812,  0.117208071,
Cor (2),    0.381599812,  1.000000000, -0.435212757,
Cor (3),    0.117208071, -0.435212757,  1.000000000,
St.dev,     0.196432996,  0.010718847,  0.000212927,
Skewness,  -0.383242381,  0.672208604,  0.333580014,
Kurtosis,   1.039218220,  1.066738948,  0.134571559,
AutoCor,    0.055184899, -0.261967876,  0.208877414,
Markow Autoregressive (lag 1) bivariate joint 3 asset model cond. params
uProb.,   0.460143192,  0.539856808,
Prob (1),   0.620937618,  0.379062382,
Prob (2),   0.323091183,  0.676908817,
Mean,     -0.046494298, -0.003771833,  0.000214055,
Cor (1),    1.000000000,  0.860880175,  0.625556997,
Cor (2),    0.860880175,  1.000000000,  0.265769043,
Cor (3),    0.625556997,  0.265769043,  1.000000000,
VCV (1),    0.060998206,  0.000763972,  0.000033306,
VCV (2),    0.000763972,  0.000012911,  0.000000206,
VCV (3),    0.000033306,  0.000000206,  0.000000046,
St.dev,     0.246978148,  0.003593158,  0.000215575,
Mean,      0.039600581,  0.004050524,  0.000022363,
Cor (1),    1.000000000,  0.350681153, -0.591816279,
Cor (2),    0.350681153,  1.000000000, -0.717714424,
Cor (3),   -0.591816279, -0.717714424,  1.000000000,
VCV (1),    0.015946240,  0.000544858, -0.000011847,
VCV (2),    0.000544858,  0.000151385, -0.000001400,
VCV (3),   -0.000011847, -0.000001400,  0.000000025,
St.dev,     0.126278423,  0.012303880,  0.000158526,
AutoCor,    0.043024903, -0.347321862,  0.186449275,

No.; 12; Score; 238.94297111087;
Markow Autoregressive (lag 1) bivariate joint 3 asset model uncond. params
uMean,      0.048141602,  0.000439804,  0.000008633,
VCV (1),    0.087035136,  0.002047473,  0.000044794,
VCV (2),    0.002047473,  0.000066900,  0.000000511,
VCV (3),    0.000044794,  0.000000511,  0.000000102,
Cor (1),    1.000000000,  0.848513225,  0.474297088,
Cor (2),    0.848513225,  1.000000000,  0.195207968,
Cor (3),    0.474297088,  0.195207968,  1.000000000,
St.dev,     0.295017179,  0.008179226,  0.000320130,
Skewness,   0.052350427, -0.323331395, -0.644676689,
Kurtosis,  -0.042637093, -0.141254010,  0.915673245,
AutoCor,   -0.042260851,  0.036266742,  0.102023371,
Markow Autoregressive (lag 1) bivariate joint 3 asset model cond. params
uProb.,   0.608279696,  0.391720304,
Prob (1),   0.659638773,  0.340361227,
Prob (2),   0.528527171,  0.471472829,
Mean,      0.134732440,  0.004615308,  0.000114245,
Cor (1),    1.000000000,  0.959382324,  0.349269653,
Cor (2),    0.959382324,  1.000000000, -0.104025879,
Cor (3),    0.349269653, -0.104025879,  1.000000000,
VCV (1),    0.079743725,  0.001577684,  0.000020569,
VCV (2),    0.001577684,  0.000033913, -0.000000126,
VCV (3),    0.000020569, -0.000000126,  0.000000043,
St.dev,     0.282389314,  0.005823446,  0.000208548,
Mean,     -0.086320277, -0.006044092, -0.000155366,
Cor (1),    1.000000000,  0.734138184,  0.466484503,
Cor (2),    0.734138184,  1.000000000, -0.092314453,
Cor (3),    0.466484503, -0.092314453,  1.000000000,
VCV (1),    0.067717114,  0.001336310,  0.000046678,
VCV (2),    0.001336310,  0.000048928, -0.000000248,
VCV (3),    0.000046678, -0.000000248,  0.000000148,
St.dev,     0.260225123,  0.006994880,  0.000384530,
AutoCor,   -0.069035644, -0.028208008,  0.096107478,

No.; 13; Score; 274.47526652704;
Markow Autoregressive (lag 1) bivariate joint 3 asset model uncond. params
uMean,      0.000634702,  0.000046718,  0.000131250,
VCV (1),    0.039503949,  0.000593867,  0.000016582,
VCV (2),    0.000593867,  0.000066457, -0.000000979,
VCV (3),    0.000016582, -0.000000979,  0.000000053,
Cor (1),    1.000000000,  0.366521151,  0.362939500,
Cor (2),    0.366521151,  1.000000000, -0.522469676,
Cor (3),    0.362939500, -0.522469676,  1.000000000,
St.dev,     0.198756003,  0.008152112,  0.000229864,
Skewness,  -0.416955359,  0.003297516, -0.006069429,
Kurtosis,   0.251032788,  0.000078897,  0.001933930,
AutoCor,    0.003993317,  0.750937291, -0.127502465,
Markow Autoregressive (lag 1) bivariate joint 3 asset model cond. params
uProb.,   0.564699696,  0.435300304,
Prob (1),   0.459752267,  0.540247733,
Prob (2),   0.700844285,  0.299155715,
Mean,      0.080717618,  0.000823638,  0.000147685,
Cor (1),    1.000000000,  0.561687011, -0.153445194,
Cor (2),    0.561687011,  1.000000000, -0.883538687,
Cor (3),   -0.153445194, -0.883538687,  1.000000000,
VCV (1),    0.021154012,  0.000433872, -0.000005016,
VCV (2),    0.000433872,  0.000028206, -0.000001055,
VCV (3),   -0.000005016, -0.000001055,  0.000000051,
St.dev,     0.145444187,  0.005310934,  0.000224753,
Mean,     -0.103254033, -0.000961154,  0.000109928,
Cor (1),    1.000000000,  0.513550216,  0.849110081,
Cor (2),    0.513550216,  1.000000000, -0.961035527,
Cor (3),    0.849110081, -0.961035527,  1.000000000,
VCV (1),    0.043851252,  0.000553618,  0.000040977,
VCV (2),    0.000553618,  0.000026502, -0.000001140,
VCV (3),    0.000040977, -0.000001140,  0.000000053,
St.dev,     0.209406906,  0.005147974,  0.000230456,
AutoCor,    0.069380187,  0.762765347, -0.126744084,

No.; 14; Score; 276.25425524332;
Markow Autoregressive (lag 1) bivariate joint 3 asset model uncond. params
uMean,     -0.002779312,  0.000243257,  0.000100586,
VCV (1),    0.018889930,  0.000016059,  0.000005174,
VCV (2),    0.000016059,  0.000065736,  0.000000023,
VCV (3),    0.000005174,  0.000000023,  0.000000064,
Cor (1),    1.000000000,  0.014411612,  0.149190097,
Cor (2),    0.014411612,  1.000000000,  0.011261712,
Cor (3),    0.149190097,  0.011261712,  1.000000000,
St.dev,     0.137440640,  0.008107779,  0.000252334,
Skewness,  -0.070689137,  0.012708034,  0.022602734,
Kurtosis,   3.314883148,  0.027778498,  0.015394142,
AutoCor,    0.114755443,  0.494174649,  0.441029530,
Markow Autoregressive (lag 1) bivariate joint 3 asset model cond. params
uProb.,   0.071830629,  0.928169371,
Prob (1),   0.182072613,  0.817927387,
Prob (2),   0.063299049,  0.936700951,
Mean,     -0.013866690, -0.001025738,  0.000253092,
Cor (1),    1.000000000,  0.353718261,  0.413136841,
Cor (2),    0.353718261,  1.000000000, -0.287424317,
Cor (3),    0.413136841, -0.287424317,  1.000000000,
VCV (1),    0.089778617,  0.000548068,  0.000028323,
VCV (2),    0.000548068,  0.000026741, -0.000000340,
VCV (3),    0.000028323, -0.000000340,  0.000000052,
St.dev,     0.299630801,  0.005171187,  0.000228800,
Mean,     -0.001921265,  0.000341464,  0.000088783,
Cor (1),    1.000000000, -0.033146973,  0.127177862,
Cor (2),   -0.033146973,  1.000000000,  0.036640625,
Cor (3),    0.127177862,  0.036640625,  1.000000000,
VCV (1),    0.013125770, -0.000027202,  0.000003228,
VCV (2),   -0.000027202,  0.000051307,  0.000000058,
VCV (3),    0.000003228,  0.000000058,  0.000000049,
St.dev,     0.114567753,  0.007162882,  0.000221554,
AutoCor,    0.114753418,  0.494887696,  0.450404353,

No.; 15; Score; 276.74360088342;
Markow Autoregressive (lag 1) bivariate joint 3 asset model uncond. params
uMean,     -0.000139815,  0.000041582, -0.000019358,
VCV (1),    0.039120788,  0.000490188,  0.000024350,
VCV (2),    0.000490188,  0.000145848, -0.000001173,
VCV (3),    0.000024350, -0.000001173,  0.000000067,
Cor (1),    1.000000000,  0.205214879,  0.475287669,
Cor (2),    0.205214879,  1.000000000, -0.374960830,
Cor (3),    0.475287669, -0.374960830,  1.000000000,
St.dev,     0.197789757,  0.012076739,  0.000259027,
Skewness,  -0.229965800,  0.004103784,  0.000695922,
Kurtosis,   0.235585245, -0.020459769, -0.000093131,
AutoCor,   -0.175100441,  0.621854703,  0.465697344,
Markow Autoregressive (lag 1) bivariate joint 3 asset model cond. params
uProb.,   0.515863452,  0.484136548,
Prob (1),   0.289076683,  0.710923317,
Prob (2),   0.757512231,  0.242487769,
Mean,     -0.050964231,  0.003760576, -0.000041433,
Cor (1),    1.000000000,  0.523308105,  0.530734815,
Cor (2),    0.523308105,  1.000000000, -0.575744629,
Cor (3),    0.530734815, -0.575744629,  1.000000000,
VCV (1),    0.046647657,  0.000872582,  0.000026014,
VCV (2),    0.000872582,  0.000059603, -0.000001009,
VCV (3),    0.000026014, -0.000001009,  0.000000052,
St.dev,     0.215980686,  0.007720293,  0.000226946,
Mean,      0.054015276, -0.003921128,  0.000004163,
Cor (1),    1.000000000,  0.568311502,  0.672724737,
Cor (2),    0.568311502,  1.000000000, -0.219269161,
Cor (3),    0.672724737, -0.219269161,  1.000000000,
VCV (1),    0.023659286,  0.000661330,  0.000023567,
VCV (2),    0.000661330,  0.000057235, -0.000000378,
VCV (3),    0.000023567, -0.000000378,  0.000000052,
St.dev,     0.153815753,  0.007565381,  0.000227753,
AutoCor,   -0.152900506,  0.744407456,  0.472982478,

No.; 16; Score; 313.56553937577;
Markow Autoregressive (lag 1) bivariate joint 3 asset model uncond. params
uMean,      0.027771398,  0.003338790,  0.000028457,
VCV (1),    0.028170776,  0.000528024,  0.000009505,
VCV (2),    0.000528024,  0.000066011,  0.000000139,
VCV (3),    0.000009505,  0.000000139,  0.000000104,
Cor (1),    1.000000000,  0.387210076,  0.175681703,
Cor (2),    0.387210076,  1.000000000,  0.053025073,
Cor (3),    0.175681703,  0.053025073,  1.000000000,
St.dev,     0.167841522,  0.008124701,  0.000322348,
Skewness,  -0.025232489, -0.366031822, -0.174892658,
Kurtosis,  -0.028331965,  0.416694989,  0.499047506,
AutoCor,   -0.222191114,  0.307908795, -0.257840409,
Markow Autoregressive (lag 1) bivariate joint 3 asset model cond. params
uProb.,   0.358370501,  0.641629499,
Prob (1),   0.194719386,  0.805280614,
Prob (2),   0.449774858,  0.550225142,
Mean,     -0.052869602,  0.006555585,  0.000089024,
Cor (1),    1.000000000,  0.600837402,  0.804445435,
Cor (2),    0.600837402,  1.000000000, -0.621750489,
Cor (3),    0.804445435, -0.621750489,  1.000000000,
VCV (1),    0.023304779,  0.000332365,  0.000023247,
VCV (2),    0.000332365,  0.000013130, -0.000000426,
VCV (3),    0.000023247, -0.000000426,  0.000000036,
St.dev,     0.152659028,  0.003623565,  0.000189300,
Mean,      0.072811964,  0.001542108, -0.000005372,
Cor (1),    1.000000000,  0.717097168,  0.091484503,
Cor (2),    0.717097168,  1.000000000,  0.093818360,
Cor (3),    0.091484503,  0.093818360,  1.000000000,
VCV (1),    0.023421511,  0.000945607,  0.000005013,
VCV (2),    0.000945607,  0.000074242,  0.000000289,
VCV (3),    0.000005013,  0.000000289,  0.000000128,
St.dev,     0.153040881,  0.008616383,  0.000358019,
AutoCor,   -0.217326660,  0.361928711, -0.257896428,

No.; 17; Score; 350.87682350823;
Markow Autoregressive (lag 1) bivariate joint 3 asset model uncond. params
uMean,      0.031518002, -0.003895893, -0.000077456,
VCV (1),    0.095982102,  0.000337841, -0.000004653,
VCV (2),    0.000337841,  0.000083878, -0.000001952,
VCV (3),   -0.000004653, -0.000001952,  0.000000161,
Cor (1),    1.000000000,  0.119067271, -0.037482685,
Cor (2),    0.119067271,  1.000000000, -0.532046992,
Cor (3),   -0.037482685, -0.532046992,  1.000000000,
St.dev,     0.309809784,  0.009158515,  0.000400647,
Skewness,  -0.012211048,  0.046937753, -0.098811986,
Kurtosis,   0.049147580, -0.062437247,  0.306904323,
AutoCor,    0.692327917, -0.307651652, -0.385455200,
Markow Autoregressive (lag 1) bivariate joint 3 asset model cond. params
uProb.,   0.203589809,  0.796410191,
Prob (1),   0.042478334,  0.957521666,
Prob (2),   0.244775438,  0.755224562,
Mean,      0.009229258,  0.003677030,  0.000002514,
Cor (1),    1.000000000,  0.008698730,  0.783595825,
Cor (2),    0.008698730,  1.000000000,  0.094948730,
Cor (3),    0.783595825,  0.094948730,  1.000000000,
VCV (1),    0.072927011,  0.000017180,  0.000034544,
VCV (2),    0.000017180,  0.000053484,  0.000000113,
VCV (3),    0.000034544,  0.000000113,  0.000000027,
St.dev,     0.270050015,  0.007313279,  0.000163245,
Mean,      0.037215770, -0.005831793, -0.000097899,
Cor (1),    1.000000000,  0.348981934, -0.183710810,
Cor (2),    0.348981934,  1.000000000, -0.725224609,
Cor (3),   -0.183710810, -0.725224609,  1.000000000,
VCV (1),    0.043828403,  0.000583464, -0.000015516,
VCV (2),    0.000583464,  0.000063777, -0.000002337,
VCV (3),   -0.000015516, -0.000002337,  0.000000163,
St.dev,     0.209352342,  0.007986070,  0.000403430,
AutoCor,    0.693513184, -0.329965820, -0.387339788,

No.; 18; Score; 388.18810764068;
Markow Autoregressive (lag 1) bivariate joint 3 asset model uncond. params
uMean,     -0.033507882,  0.002681324,  0.000018035,
VCV (1),    0.058926249,  0.000613445,  0.000050025,
VCV (2),    0.000613445,  0.000195984, -0.000000021,
VCV (3),    0.000050025, -0.000000021,  0.000000137,
Cor (1),    1.000000000,  0.180513980,  0.557236437,
Cor (2),    0.180513980,  1.000000000, -0.004082144,
Cor (3),    0.557236437, -0.004082144,  1.000000000,
St.dev,     0.242747294,  0.013999422,  0.000369821,
Skewness,  -0.001474217, -0.090613392, -0.299233582,
Kurtosis,   0.170762167,  0.069491419,  0.335191249,
AutoCor,    0.521048228,  0.594679343,  0.154918148,
Markow Autoregressive (lag 1) bivariate joint 3 asset model cond. params
uProb.,   0.330034799,  0.669965201,
Prob (1),   0.085468490,  0.914531510,
Prob (2),   0.450511791,  0.549488209,
Mean,     -0.034244415,  0.006478859,  0.000158010,
Cor (1),    1.000000000,  0.817097168, -0.094187378,
Cor (2),    0.817097168,  1.000000000,  0.180935058,
Cor (3),   -0.094187378,  0.180935058,  1.000000000,
VCV (1),    0.064221082,  0.001606641, -0.000005051,
VCV (2),    0.001606641,  0.000060202,  0.000000297,
VCV (3),   -0.000005051,  0.000000297,  0.000000045,
St.dev,     0.253418787,  0.007759010,  0.000211608,
Mean,     -0.033145055,  0.000810602, -0.000050919,
Cor (1),    1.000000000, -0.082268066,  0.965410284,
Cor (2),   -0.082268066,  1.000000000, -0.109013672,
Cor (3),    0.965410284, -0.109013672,  1.000000000,
VCV (1),    0.032438482, -0.000175378,  0.000069661,
VCV (2),   -0.000175378,  0.000140096, -0.000000517,
VCV (3),    0.000069661, -0.000000517,  0.000000161,
St.dev,     0.180106863,  0.011836227,  0.000400633,
AutoCor,    0.521052246,  0.630776367,  0.194398494,

No.; 19; Score; 425.49939177314;
Markow Autoregressive (lag 1) bivariate joint 3 asset model uncond. params
uMean,      0.077527340,  0.001877254,  0.000039087,
VCV (1),    0.052929352, -0.000082935,  0.000000749,
VCV (2),   -0.000082935,  0.000100094, -0.000001684,
VCV (3),    0.000000749, -0.000001684,  0.000000084,
Cor (1),    1.000000000, -0.036031501,  0.011199056,
Cor (2),   -0.036031501,  1.000000000, -0.579060247,
Cor (3),    0.011199056, -0.579060247,  1.000000000,
St.dev,     0.230063800,  0.010004712,  0.000290676,
Skewness,   0.037789082,  0.115902118, -0.470619372,
Kurtosis,   0.846010904,  1.598561068,  0.321902342,
AutoCor,    0.626677685, -0.169705597, -0.129915308,
Markow Autoregressive (lag 1) bivariate joint 3 asset model cond. params
uProb.,   0.423069476,  0.576930524,
Prob (1),   0.326459536,  0.673540464,
Prob (2),   0.493914605,  0.506085395,
Mean,      0.084445328,  0.001259160,  0.000175833,
Cor (1),    1.000000000,  0.254353027,  0.027492310,
Cor (2),    0.254353027,  1.000000000, -0.697434082,
Cor (3),    0.027492310, -0.697434082,  1.000000000,
VCV (1),    0.064309484,  0.000215248,  0.000001198,
VCV (2),    0.000215248,  0.000011136, -0.000000400,
VCV (3),    0.000001198, -0.000000400,  0.000000030,
St.dev,     0.253593147,  0.003337059,  0.000171845,
Mean,      0.072454303,  0.002330508, -0.000061191,
Cor (1),    1.000000000, -0.267375488, -0.026777216,
Cor (2),   -0.267375488,  1.000000000, -0.617705078,
Cor (3),   -0.026777216, -0.617705078,  1.000000000,
VCV (1),    0.008456891, -0.000310883, -0.000000776,
VCV (2),   -0.000310883,  0.000159860, -0.000002460,
VCV (3),   -0.000000776, -0.000002460,  0.000000099,
St.dev,     0.091961354,  0.012643565,  0.000314934,
AutoCor,    0.627204590, -0.169711914, -0.122642522,

No.; 20; Score; 460.66966813572;
Markow Autoregressive (lag 1) bivariate joint 3 asset model uncond. params
uMean,     -0.000073650,  0.000597455,  0.000003062,
VCV (1),    0.026325024,  0.000145809,  0.000010852,
VCV (2),    0.000145809,  0.000089965,  0.000001611,
VCV (3),    0.000010852,  0.000001611,  0.000000082,
Cor (1),    1.000000000,  0.094746351,  0.233164394,
Cor (2),    0.094746351,  1.000000000,  0.592218482,
Cor (3),    0.233164394,  0.592218482,  1.000000000,
St.dev,     0.162249880,  0.009484983,  0.000286861,
Skewness,  -0.019037055, -0.728961757, -0.172045316,
Kurtosis,  -0.118576521,  0.099643992, -0.025696125,
AutoCor,    0.264795350,  0.005759104,  0.070293236,
Markow Autoregressive (lag 1) bivariate joint 3 asset model cond. params
uProb.,   0.527031229,  0.472968771,
Prob (1),   0.731638047,  0.268361953,
Prob (2),   0.299036931,  0.700963069,
Mean,     -0.075707946,  0.006524670,  0.000126304,
Cor (1),    1.000000000,  0.483957948,  0.293849731,
Cor (2),    0.483957948,  1.000000000,  0.360343418,
Cor (3),    0.293849731,  0.360343418,  1.000000000,
VCV (1),    0.019590006,  0.000277768,  0.000009737,
VCV (2),    0.000277768,  0.000016816,  0.000000350,
VCV (3),    0.000009737,  0.000000350,  0.000000056,
St.dev,     0.139964304,  0.004100689,  0.000236753,
Mean,      0.084205986, -0.006007269, -0.000134267,
Cor (1),    1.000000000,  0.959584123,  0.916903676,
Cor (2),    0.959584123,  1.000000000,  0.529951172,
Cor (3),    0.916903676,  0.529951172,  1.000000000,
VCV (1),    0.018471229,  0.001148044,  0.000034278,
VCV (2),    0.001148044,  0.000077492,  0.000001283,
VCV (3),    0.000034278,  0.000001283,  0.000000076,
St.dev,     0.135908900,  0.008802933,  0.000275074,
AutoCor,    0.211179585, -0.323063048, -0.023517991,

No.; 21; Score; 462.81067590559;
Markow Autoregressive (lag 1) bivariate joint 3 asset model uncond. params
uMean,      0.004861195,  0.000418941,  0.000002352,
VCV (1),    0.092109126,  0.000578400,  0.000006939,
VCV (2),    0.000578400,  0.000138295, -0.000001059,
VCV (3),    0.000006939, -0.000001059,  0.000000063,
Cor (1),    1.000000000,  0.162059035,  0.090824472,
Cor (2),    0.162059035,  1.000000000, -0.357819861,
Cor (3),    0.090824472, -0.357819861,  1.000000000,
St.dev,     0.303494853,  0.011759905,  0.000251733,
Skewness,  -0.247939103,  0.122209894, -0.003803368,
Kurtosis,   0.220018558,  0.239083689,  0.002702847,
AutoCor,   -0.467184925,  0.551931138, -0.057795941,
Markow Autoregressive (lag 1) bivariate joint 3 asset model cond. params
uProb.,   0.434598624,  0.565401376,
Prob (1),   0.220886793,  0.779113207,
Prob (2),   0.598869301,  0.401130699,
Mean,     -0.104828778, -0.001584933, -0.000009890,
Cor (1),    1.000000000,  0.248786621,  0.014943481,
Cor (2),    0.248786621,  1.000000000, -0.504514160,
Cor (3),    0.014943481, -0.504514160,  1.000000000,
VCV (1),    0.092748511,  0.000491550,  0.000001162,
VCV (2),    0.000491550,  0.000042090, -0.000000836,
VCV (3),    0.000001162, -0.000000836,  0.000000065,
St.dev,     0.304546402,  0.006487653,  0.000255319,
Mean,      0.089174946,  0.001959229,  0.000011762,
Cor (1),    1.000000000,  0.234870606,  0.182744268,
Cor (2),    0.234870606,  1.000000000, -0.472929687,
Cor (3),    0.182744268, -0.472929687,  1.000000000,
VCV (1),    0.041895895,  0.000544380,  0.000009269,
VCV (2),    0.000544380,  0.000128226, -0.000001327,
VCV (3),    0.000009269, -0.000001327,  0.000000061,
St.dev,     0.204684868,  0.011323685,  0.000247795,
AutoCor,   -0.477141113,  0.573159180, -0.057212834,

No.; 22; Score; 500.12196003804;
Markow Autoregressive (lag 1) bivariate joint 3 asset model uncond. params
uMean,      0.061411925,  0.003861796, -0.000106174,
VCV (1),    0.183349882,  0.000092150,  0.000021915,
VCV (2),    0.000092150,  0.000120018, -0.000000897,
VCV (3),    0.000021915, -0.000000897,  0.000000060,
Cor (1),    1.000000000,  0.019644182,  0.208852556,
Cor (2),    0.019644182,  1.000000000, -0.333976674,
Cor (3),    0.208852556, -0.333976674,  1.000000000,
St.dev,     0.428193744,  0.010955275,  0.000245059,
Skewness,  -0.029699892,  0.018115386,  0.311702241,
Kurtosis,   0.039087330,  0.146135926,  0.166374933,
AutoCor,   -0.753331486,  0.017875359,  0.313628586,
Markow Autoregressive (lag 1) bivariate joint 3 asset model cond. params
uProb.,   0.154885479,  0.845114521,
Prob (1),   0.380420069,  0.619579931,
Prob (2),   0.113551397,  0.886448603,
Mean,     -0.053531275,  0.003164651,  0.000202095,
Cor (1),    1.000000000,  0.636726074,  0.176808716,
Cor (2),    0.636726074,  1.000000000, -0.796750489,
Cor (3),    0.176808716, -0.796750489,  1.000000000,
VCV (1),    0.102565756,  0.001547937,  0.000011193,
VCV (2),    0.001547937,  0.000057623, -0.000001196,
VCV (3),    0.000011193, -0.000001196,  0.000000039,
