Round No; 3; best result RLS; 423.54658566953

;;;
Statistical description of data for: Meginajums1
Calib/Tail/Per/Cur, 4176, 9999, 23, 0,
Title,    PE MARKET w  ,EQUITY LM SNP,REX BOND     ,
Mean,       0.000104436,  0.000075211,  0.000042226,
VCV (1),    0.033533792, -0.000018247, -0.000000770,
VCV (2),   -0.000018247,  0.000044333, -0.000000146,
VCV (3),   -0.000000770, -0.000000146,  0.000000045,
St.dev,     0.183122341,  0.006658326,  0.000210996,
Skewness,  -0.359429482, -0.013261914,  0.151860187,
Kurtosis,  20.092276212,  7.412958555, 34.388660560,
AutoCor,   -0.271804758, -0.019537378, -0.152000145,
No.; 1; Score; 423.54658566953;
Markow Autoregressive (lag 1) bivariate joint 3 asset model uncond. params
uMean,      0.002264735, -0.001616362,  0.000261202,
VCV (1),    0.032178748,  0.000670603,  0.000011316,
VCV (2),    0.000670603,  0.000254055, -0.000006480,
VCV (3),    0.000011316, -0.000006480,  0.000001321,
Cor (1),    1.000000000,  0.234540061,  0.054887899,
Cor (2),    0.234540061,  1.000000000, -0.353737316,
Cor (3),    0.054887899, -0.353737316,  1.000000000,
St.dev,     0.179384358,  0.015939099,  0.001149301,
Skewness,  -0.330223397,  0.508091268, -0.631050951,
Kurtosis,   0.011015562,  1.225725256,  2.729353596,
AutoCor,    0.369978331,  0.573232211,  0.070860649,
Markow Autoregressive (lag 1) bivariate joint 3 asset model cond. params
uProb.,   0.663126040,  0.336873960,
Prob (1),   0.496068627,  0.503931373,
Prob (2),   0.991973423,  0.008026577,
Mean,     -0.052627123, -0.005083357,  0.000446150,
Cor (1),    1.000000000,  0.816903719,  0.316501422,
Cor (2),    0.816903719,  1.000000000,  0.930743586,
Cor (3),    0.316501422,  0.930743586,  1.000000000,
VCV (1),    0.025789945,  0.000260568,  0.000030925,
VCV (2),    0.000260568,  0.000003945,  0.000001125,
VCV (3),    0.000030925,  0.000001125,  0.000000370,
St.dev,     0.160592483,  0.001986212,  0.000608436,
Mean,      0.110317671,  0.005208312, -0.000102862,
Cor (1),    1.000000000,  0.029479233,  0.329933198,
Cor (2),    0.029479233,  1.000000000, -0.512059458,
Cor (3),    0.329933198, -0.512059458,  1.000000000,
VCV (1),    0.002219076,  0.000026241,  0.000026714,
VCV (2),    0.000026241,  0.000357082, -0.000016631,
VCV (3),    0.000026714, -0.000016631,  0.000002954,
St.dev,     0.047107070,  0.018896625,  0.001718793,
AutoCor,    0.565644382,  0.683031056,  0.101303489,

No.; 2; Score; 919.99423131807;
Markow Autoregressive (lag 1) bivariate joint 3 asset model uncond. params
uMean,      0.005259016,  0.007228973, -0.000126418,
VCV (1),    0.034972569, -0.001213188,  0.000289270,
VCV (2),   -0.001213188,  0.000425919,  0.000004586,
VCV (3),    0.000289270,  0.000004586,  0.000015645,
Cor (1),    1.000000000, -0.314340874,  0.391072342,
Cor (2),   -0.314340874,  1.000000000,  0.056174984,
Cor (3),    0.391072342,  0.056174984,  1.000000000,
St.dev,     0.187009542,  0.020637798,  0.003955329,
Skewness,   0.359268021, -0.838876627,  0.000286126,
Kurtosis,  -0.272478855,  8.456552651,  0.000351482,
AutoCor,    0.393810332,  0.313799554,  0.473081213,
Markow Autoregressive (lag 1) bivariate joint 3 asset model cond. params
uProb.,   0.774465819,  0.225534181,
Prob (1),   0.831228381,  0.168771619,
Prob (2),   0.579547851,  0.420452149,
Mean,     -0.066509522,  0.009120188, -0.000145807,
Cor (1),    1.000000000,  0.074396802,  0.486830099,
Cor (2),    0.074396802,  1.000000000, -0.335385184,
Cor (3),    0.486830099, -0.335385184,  1.000000000,
VCV (1),    0.013186592,  0.000021394,  0.000194130,
VCV (2),    0.000021394,  0.000006271, -0.000002916,
VCV (3),    0.000194130, -0.000002916,  0.000012059,
St.dev,     0.114832886,  0.002504181,  0.003472555,
Mean,      0.251706269,  0.000734694, -0.000059839,
Cor (1),    1.000000000, -0.733880112,  0.812872891,
Cor (2),   -0.733880112,  1.000000000,  0.195231768,
Cor (3),    0.812872891,  0.195231768,  1.000000000,
VCV (1),    0.009074154, -0.002822223,  0.000272980,
VCV (2),   -0.002822223,  0.001629770,  0.000027786,
VCV (3),    0.000272980,  0.000027786,  0.000012428,
St.dev,     0.095258355,  0.040370413,  0.003525373,
AutoCor,    0.539243528,  0.315644049,  0.473099483,

No.; 3; Score; 1039.9756506211;
Markow Autoregressive (lag 1) bivariate joint 3 asset model uncond. params
uMean,      0.000939476,  0.008088738, -0.000002888,
VCV (1),    0.028032409, -0.000241293, -0.000132231,
VCV (2),   -0.000241293,  0.000023451,  0.000006657,
VCV (3),   -0.000132231,  0.000006657,  0.000006440,
Cor (1),    1.000000000, -0.297602440, -0.311205255,
Cor (2),   -0.297602440,  1.000000000,  0.541661555,
Cor (3),   -0.311205255,  0.541661555,  1.000000000,
St.dev,     0.167428818,  0.004842603,  0.002537800,
Skewness,   0.813582674, -0.605301969, -0.020643769,
Kurtosis,   3.149820911,  0.819197720,  0.622040293,
AutoCor,    0.450247729,  0.149333548,  0.144082701,
Markow Autoregressive (lag 1) bivariate joint 3 asset model cond. params
uProb.,   0.227930534,  0.772069466,
Prob (1),   0.356718934,  0.643281066,
Prob (2),   0.189909591,  0.810090409,
Mean,      0.090085701,  0.003640510, -0.000073517,
Cor (1),    1.000000000, -0.231907080, -0.093983374,
Cor (2),   -0.231907080,  1.000000000,  0.385936230,
Cor (3),   -0.093983374,  0.385936230,  1.000000000,
VCV (1),    0.064601690, -0.000322860, -0.000081636,
VCV (2),   -0.000322860,  0.000030002,  0.000007224,
VCV (3),   -0.000081636,  0.000007224,  0.000011679,
St.dev,     0.254168625,  0.005477452,  0.003417520,
Mean,     -0.025378295,  0.009401945,  0.000017963,
Cor (1),    1.000000000, -0.182248012, -0.751503624,
Cor (2),   -0.182248012,  1.000000000,  0.776511428,
Cor (3),   -0.751503624,  0.776511428,  1.000000000,
VCV (1),    0.006655297, -0.000054589, -0.000133176,
VCV (2),   -0.000054589,  0.000013481,  0.000006193,
VCV (3),   -0.000133176,  0.000006193,  0.000004719,
St.dev,     0.081580005,  0.003671614,  0.002172265,
AutoCor,    0.476136385,  0.143536410,  0.144077503,

No.; 4; Score; 1359.0201221679;
Markow Autoregressive (lag 1) bivariate joint 3 asset model uncond. params
uMean,      0.001831601,  0.006560558, -0.000165870,
VCV (1),    0.039438069, -0.000145250, -0.000064334,
VCV (2),   -0.000145250,  0.000268315, -0.000005065,
VCV (3),   -0.000064334, -0.000005065,  0.000001578,
Cor (1),    1.000000000, -0.044651482, -0.257911085,
Cor (2),   -0.044651482,  1.000000000, -0.246171021,
Cor (3),   -0.257911085, -0.246171021,  1.000000000,
St.dev,     0.198590204,  0.016380318,  0.001256073,
Skewness,  -1.589667909, -1.777271127, -0.009642051,
Kurtosis,   4.369053250,  8.085175568,  0.158704426,
AutoCor,    0.419674371,  0.159656517,  0.320338183,
Markow Autoregressive (lag 1) bivariate joint 3 asset model cond. params
uProb.,   0.857390567,  0.142609433,
Prob (1),   0.886674552,  0.113325448,
Prob (2),   0.681330601,  0.318669399,
Mean,      0.051043161,  0.009307429, -0.000173057,
Cor (1),    1.000000000,  0.597240479, -0.752629745,
Cor (2),    0.597240479,  1.000000000, -0.562680132,
Cor (3),   -0.752629745, -0.562680132,  1.000000000,
VCV (1),    0.008113734,  0.000461299, -0.000084672,
VCV (2),    0.000461299,  0.000073527, -0.000006026,
VCV (3),   -0.000084672, -0.000006026,  0.000001560,
St.dev,     0.090076270,  0.008574783,  0.001248964,
Mean,     -0.294036118, -0.009954066, -0.000122664,
Cor (1),    1.000000000, -0.998439381,  0.741312936,
Cor (2),   -0.998439381,  1.000000000,  0.131924945,
Cor (3),    0.741312936,  0.131924945,  1.000000000,
VCV (1),    0.073830026, -0.008940195,  0.000149028,
VCV (2),   -0.008940195,  0.001085969,  0.000003217,
VCV (3),    0.000149028,  0.000003217,  0.000000547,
St.dev,     0.271716813,  0.032954049,  0.000739861,
AutoCor,    0.545113729,  0.150360567,  0.320360818,

No.; 5; Score; 2030.9451653065;
Markow Autoregressive (lag 1) bivariate joint 3 asset model uncond. params
uMean,      0.007261204,  0.004754621,  0.000304544,
VCV (1),    0.037650186, -0.002776886,  0.000045878,
VCV (2),   -0.002776886,  0.000686341,  0.000032850,
VCV (3),    0.000045878,  0.000032850,  0.000003443,
Cor (1),    1.000000000, -0.546266410,  0.127416566,
Cor (2),   -0.546266410,  1.000000000,  0.675714482,
Cor (3),    0.127416566,  0.675714482,  1.000000000,
St.dev,     0.194036559,  0.026198108,  0.001855656,
Skewness,   0.513972907, -0.293928252, -0.006725439,
Kurtosis,  21.774865976,  0.957446455,  0.176203948,
AutoCor,    0.110623637,  0.113842627,  0.325122096,
Markow Autoregressive (lag 1) bivariate joint 3 asset model cond. params
uProb.,   0.884242042,  0.115757958,
Prob (1),   0.877645998,  0.122354002,
Prob (2),   0.934627335,  0.065372665,
Mean,      0.002785550,  0.006570330,  0.000298302,
Cor (1),    1.000000000, -0.709572545,  0.164969950,
Cor (2),   -0.709572545,  1.000000000,  0.775869285,
Cor (3),    0.164969950,  0.775869285,  1.000000000,
VCV (1),    0.000441695, -0.000343887,  0.000006376,
VCV (2),   -0.000343887,  0.000531761,  0.000032900,
VCV (3),    0.000006376,  0.000032900,  0.000003381,
St.dev,     0.021016534,  0.023059936,  0.001838874,
Mean,      0.041449446, -0.009115063,  0.000352225,
Cor (1),    1.000000000, -0.921015875,  0.671594562,
Cor (2),   -0.921015875,  1.000000000,  0.635705949,
Cor (3),    0.671594562,  0.635705949,  1.000000000,
VCV (1),    0.316540134, -0.020511447,  0.000331507,
VCV (2),   -0.020511447,  0.001566858,  0.000022077,
VCV (3),    0.000331507,  0.000022077,  0.000000770,
St.dev,     0.562618996,  0.039583554,  0.000877347,
AutoCor,    0.111307583,  0.120349266,  0.325155125,

No.; 6; Score; 2068.340601791;
Markow Autoregressive (lag 1) bivariate joint 3 asset model uncond. params
uMean,      0.011780843, -0.003473755,  0.000148797,
VCV (1),    0.032289045, -0.000192421,  0.000081560,
VCV (2),   -0.000192421,  0.000830453, -0.000000923,
VCV (3),    0.000081560, -0.000000923,  0.000011003,
Cor (1),    1.000000000, -0.037159258,  0.136832133,
Cor (2),   -0.037159258,  1.000000000, -0.009652954,
Cor (3),    0.136832133, -0.009652954,  1.000000000,
St.dev,     0.179691527,  0.028817580,  0.003317106,
Skewness,   0.087666036, -0.005115944,  0.143517156,
Kurtosis,   2.153055003,  0.036089827,  3.033118578,
AutoCor,    0.025556572,  0.968477967,  0.162661250,
Markow Autoregressive (lag 1) bivariate joint 3 asset model cond. params
uProb.,   0.570690176,  0.429309824,
Prob (1),   0.329251590,  0.670748410,
Prob (2),   0.891639339,  0.108360661,
Mean,      0.006403447, -0.002489105,  0.000011824,
Cor (1),    1.000000000, -0.910215343,  0.160421962,
Cor (2),   -0.910215343,  1.000000000, -0.953846623,
Cor (3),    0.160421962, -0.953846623,  1.000000000,
VCV (1),    0.008503623, -0.000023678,  0.000014410,
VCV (2),   -0.000023678,  0.000000080, -0.000000262,
VCV (3),    0.000014410, -0.000000262,  0.000000949,
St.dev,     0.092215093,  0.000282102,  0.000974117,
Mean,      0.018929123, -0.004782671,  0.000330879,
Cor (1),    1.000000000, -0.146455196,  0.136672009,
Cor (2),   -0.146455196,  1.000000000, -0.021637443,
Cor (3),    0.136672009, -0.021637443,  1.000000000,
VCV (1),    0.063766154, -0.000389331,  0.000167732,
VCV (2),   -0.000389331,  0.000110825, -0.000001107,
VCV (3),    0.000167732, -0.000001107,  0.000023620,
St.dev,     0.252519611,  0.010527341,  0.004860051,
AutoCor,    0.026257336,  0.970857494,  0.164308416,

No.; 7; Score; 3077.5659114867;
Markow Autoregressive (lag 1) bivariate joint 3 asset model uncond. params
uMean,      0.007436344,  0.000115443,  0.000251061,
VCV (1),    0.034869811, -0.002199636, -0.000088903,
VCV (2),   -0.002199636,  0.001164309,  0.000005729,
VCV (3),   -0.000088903,  0.000005729,  0.000000419,
Cor (1),    1.000000000, -0.345216787, -0.735605380,
Cor (2),   -0.345216787,  1.000000000,  0.259424165,
Cor (3),   -0.735605380,  0.259424165,  1.000000000,
St.dev,     0.186734599,  0.034121965,  0.000647214,
Skewness,  -2.185555742,  0.008744388, -0.977417562,
Kurtosis,  13.604529408,  0.006151036, 13.915426212,
AutoCor,    0.120337918,  0.682035862,  0.190959984,
Markow Autoregressive (lag 1) bivariate joint 3 asset model cond. params
uProb.,   0.862318035,  0.137681965,
Prob (1),   0.919515686,  0.080484314,
Prob (2),   0.504082544,  0.495917456,
Mean,      0.035307841, -0.001014379,  0.000290804,
Cor (1),    1.000000000, -0.752371591, -0.343478265,
Cor (2),   -0.752371591,  1.000000000,  0.783529216,
Cor (3),   -0.343478265,  0.783529216,  1.000000000,
VCV (1),    0.004091342, -0.001182858, -0.000004807,
VCV (2),   -0.001182858,  0.000604136,  0.000004214,
VCV (3),   -0.000004807,  0.000004214,  0.000000048,
St.dev,     0.063963603,  0.024579171,  0.000218787,
Mean,     -0.167126057,  0.007191647,  0.000002144,
Cor (1),    1.000000000, -0.559818745, -0.937108134,
Cor (2),   -0.559818745,  1.000000000,  0.279181912,
Cor (3),   -0.937108134,  0.279181912,  1.000000000,
VCV (1),    0.191156485, -0.006414397, -0.000656637,
VCV (2),   -0.006414397,  0.000686796,  0.000011726,
VCV (3),   -0.000656637,  0.000011726,  0.000002569,
St.dev,     0.437214461,  0.026206794,  0.001602659,
AutoCor,    0.072487376,  0.683879176,  0.185530414,

No.; 8; Score; 3873.4802855306;
Markow Autoregressive (lag 1) bivariate joint 3 asset model uncond. params
uMean,      0.006694823,  0.002703637,  0.000165937,
VCV (1),    0.040532682, -0.001783234, -0.000017399,
VCV (2),   -0.001783234,  0.001008121, -0.000007024,
VCV (3),   -0.000017399, -0.000007024,  0.000002435,
Cor (1),    1.000000000, -0.278964788, -0.055380049,
Cor (2),   -0.278964788,  1.000000000, -0.141758390,
Cor (3),   -0.055380049, -0.141758390,  1.000000000,
St.dev,     0.201327301,  0.031750925,  0.001560544,
Skewness,   0.247903332,  0.672274604,  0.122025268,
Kurtosis,  -0.374093812,  3.515108090,  0.185324860,
AutoCor,    0.326479240,  0.419547693,  0.817350625,
Markow Autoregressive (lag 1) bivariate joint 3 asset model cond. params
uProb.,   0.675836777,  0.324163223,
Prob (1),   0.907372738,  0.092627262,
Prob (2),   0.193115400,  0.806884600,
Mean,      0.088871765, -0.001971874,  0.000365032,
Cor (1),    1.000000000, -0.893831297, -0.232005459,
Cor (2),   -0.893831297,  1.000000000, -0.868966566,
Cor (3),   -0.232005459, -0.868966566,  1.000000000,
VCV (1),    0.032384175, -0.002045975, -0.000041068,
VCV (2),   -0.002045975,  0.000161792, -0.000010872,
VCV (3),   -0.000041068, -0.000010872,  0.000000968,
St.dev,     0.179956035,  0.012719746,  0.000983637,
Mean,     -0.164633064,  0.012451448, -0.000249147,
Cor (1),    1.000000000,  0.262930432, -0.858464300,
Cor (2),    0.262930432,  1.000000000,  0.446428280,
Cor (3),   -0.858464300,  0.446428280,  1.000000000,
VCV (1),    0.012911818,  0.001383248, -0.000057613,
VCV (2),    0.001383248,  0.002143537,  0.000012207,
VCV (3),   -0.000057613,  0.000012207,  0.000000349,
St.dev,     0.113630182,  0.046298348,  0.000590620,
AutoCor,    0.120094068,  0.405593352,  0.820971946,

No.; 9; Score; 3985.1722165801;
Markow Autoregressive (lag 1) bivariate joint 3 asset model uncond. params
uMean,      0.004267848, -0.010068550, -0.000033686,
VCV (1),    0.033742523, -0.004088917, -0.000534385,
VCV (2),   -0.004088917,  0.001438390, -0.000083526,
VCV (3),   -0.000534385, -0.000083526,  0.000014341,
Cor (1),    1.000000000, -0.586923027, -0.768207514,
Cor (2),   -0.586923027,  1.000000000, -0.581561864,
Cor (3),   -0.768207514, -0.581561864,  1.000000000,
St.dev,     0.183691381,  0.037926118,  0.003786930,
Skewness,   0.044728261,  0.096623978,  0.019973149,
Kurtosis,  -0.030265442,  0.463288616,  0.133654092,
AutoCor,    0.118533086,  0.324294384,  0.456172786,
Markow Autoregressive (lag 1) bivariate joint 3 asset model cond. params
uProb.,   0.918643475,  0.081356525,
Prob (1),   0.925705927,  0.074294073,
Prob (2),   0.838897261,  0.161102739,
Mean,     -0.013707671, -0.011033968, -0.000070383,
Cor (1),    1.000000000, -0.756280215, -0.964050858,
Cor (2),   -0.756280215,  1.000000000, -0.595763571,
Cor (3),   -0.964050858, -0.595763571,  1.000000000,
VCV (1),    0.030295615, -0.004404483, -0.000543399,
VCV (2),   -0.004404483,  0.001119553, -0.000064554,
VCV (3),   -0.000543399, -0.000064554,  0.000010487,
St.dev,     0.174056357,  0.033459718,  0.003238391,
Mean,      0.207239807,  0.000832534,  0.000380675,
Cor (1),    1.000000000, -0.101133598, -0.222478451,
Cor (2),   -0.101133598,  1.000000000, -0.590296003,
Cor (3),   -0.222478451, -0.590296003,  1.000000000,
VCV (1),    0.022277491, -0.000832748, -0.000152036,
VCV (2),   -0.000832748,  0.003043480, -0.000149101,
VCV (3),   -0.000152036, -0.000149101,  0.000020963,
St.dev,     0.149256461,  0.055167741,  0.004578514,
AutoCor,    0.122379281,  0.326044773,  0.456564839,

No.; 10; Score; 4158.4555033501;
Markow Autoregressive (lag 1) bivariate joint 3 asset model uncond. params
uMean,     -0.004034592,  0.000886070, -0.000121451,
VCV (1),    0.043970432, -0.002027390, -0.000070204,
VCV (2),   -0.002027390,  0.000610873,  0.000013491,
VCV (3),   -0.000070204,  0.000013491,  0.000002825,
Cor (1),    1.000000000, -0.391184473, -0.199175318,
Cor (2),   -0.391184473,  1.000000000,  0.324721747,
Cor (3),   -0.199175318,  0.324721747,  1.000000000,
St.dev,     0.209691277,  0.024715841,  0.001680907,
Skewness,  -0.037287077, -0.050850196,  0.117545574,
Kurtosis,   0.066848796,  0.415416648,  0.561547570,
AutoCor,    0.864989106,  0.159851493,  0.544371442,
Markow Autoregressive (lag 1) bivariate joint 3 asset model cond. params
uProb.,   0.737114639,  0.262885361,
Prob (1),   0.752400135,  0.247599865,
Prob (2),   0.694255033,  0.305744967,
Mean,      0.012537807,  0.001561328, -0.000218095,
Cor (1),    1.000000000, -0.806899719, -0.322107252,
Cor (2),   -0.806899719,  1.000000000,  0.132847176,
Cor (3),   -0.322107252,  0.132847176,  1.000000000,
VCV (1),    0.007596173, -0.001507160, -0.000031844,
VCV (2),   -0.001507160,  0.000459288,  0.000003229,
VCV (3),   -0.000031844,  0.000003229,  0.000001287,
St.dev,     0.087156029,  0.021431001,  0.001134304,
Mean,     -0.050502595, -0.001007314,  0.000149534,
Cor (1),    1.000000000, -0.635731622, -0.161839139,
Cor (2),   -0.635731622,  1.000000000,  0.629114550,
Cor (3),   -0.161839139,  0.629114550,  1.000000000,
VCV (1),    0.015955587, -0.002503119, -0.000040018,
VCV (2),   -0.002503119,  0.000971634,  0.000038388,
VCV (3),   -0.000040018,  0.000038388,  0.000003832,
St.dev,     0.126315426,  0.031171037,  0.001957570,
AutoCor,    0.879371850,  0.160064805,  0.548920450,

No.; 11; Score; 4205.6625862194;
Markow Autoregressive (lag 1) bivariate joint 3 asset model uncond. params
uMean,      0.004592032,  0.009128461, -0.000277919,
VCV (1),    0.045861460,  0.000945470,  0.000085798,
VCV (2),    0.000945470,  0.000238140,  0.000000304,
VCV (3),    0.000085798,  0.000000304,  0.000007062,
Cor (1),    1.000000000,  0.286093531,  0.150763238,
Cor (2),    0.286093531,  1.000000000,  0.007421731,
Cor (3),    0.150763238,  0.007421731,  1.000000000,
St.dev,     0.214152889,  0.015431771,  0.002657392,
Skewness,   0.013847518, -0.206174290, -0.001179901,
Kurtosis,  -0.752564329,  1.263156739,  0.222719259,
AutoCor,    0.430533003,  0.170265008,  0.582170269,
Markow Autoregressive (lag 1) bivariate joint 3 asset model cond. params
uProb.,   0.475431109,  0.524568891,
Prob (1),   0.746763664,  0.253236336,
Prob (2),   0.229515005,  0.770484995,
Mean,     -0.171371019,  0.010843626, -0.000282135,
Cor (1),    1.000000000,  0.018846335, -0.286363558,
Cor (2),    0.018846335,  1.000000000,  0.417006952,
Cor (3),   -0.286363558,  0.417006952,  1.000000000,
VCV (1),    0.015067158,  0.000019178, -0.000087955,
VCV (2),    0.000019178,  0.000068724,  0.000008650,
VCV (3),   -0.000087955,  0.000008650,  0.000006261,
St.dev,     0.122748352,  0.008290007,  0.002502227,
Mean,      0.164072150,  0.007573961, -0.000274097,
Cor (1),    1.000000000,  0.860749395,  0.905833745,
Cor (2),    0.860749395,  1.000000000, -0.210284104,
Cor (3),    0.905833745, -0.210284104,  1.000000000,
VCV (1),    0.017345588,  0.002192872,  0.000214235,
VCV (2),    0.002192872,  0.000374183, -0.000007305,
VCV (3),    0.000214235, -0.000007305,  0.000003225,
St.dev,     0.131702652,  0.019343807,  0.001795758,
AutoCor,    0.293812529,  0.166336170,  0.582170417,

No.; 12; Score; 4443.0555867933;
Markow Autoregressive (lag 1) bivariate joint 3 asset model uncond. params
uMean,     -0.004833411,  0.007101144, -0.000116969,
VCV (1),    0.039362259,  0.000928758, -0.000443710,
VCV (2),    0.000928758,  0.001287328,  0.000032990,
VCV (3),   -0.000443710,  0.000032990,  0.000020561,
Cor (1),    1.000000000,  0.130472228, -0.493213093,
Cor (2),    0.130472228,  1.000000000,  0.202775777,
Cor (3),   -0.493213093,  0.202775777,  1.000000000,
St.dev,     0.198399242,  0.035879349,  0.004534447,
Skewness,   0.358888701,  0.111469630,  0.109971435,
Kurtosis,   1.875875359,  0.597720257,  2.140980366,
AutoCor,    0.052666846,  0.639658257,  0.428597338,
Markow Autoregressive (lag 1) bivariate joint 3 asset model cond. params
uProb.,   0.460375433,  0.539624567,
Prob (1),   0.288862532,  0.711137468,
Prob (2),   0.606699991,  0.393300009,
Mean,      0.027753681,  0.003577087,  0.000099470,
Cor (1),    1.000000000,  0.881554192, -0.584305640,
Cor (2),    0.881554192,  1.000000000,  0.950869596,
Cor (3),   -0.584305640,  0.950869596,  1.000000000,
VCV (1),    0.071903670,  0.002287889, -0.000944257,
VCV (2),    0.002287889,  0.000093674,  0.000055463,
VCV (3),   -0.000944257,  0.000055463,  0.000036320,
St.dev,     0.268148596,  0.009678553,  0.006026628,
Mean,     -0.032634770,  0.010107659, -0.000301621,
Cor (1),    1.000000000, -0.035333349, -0.614409915,
Cor (2),   -0.035333349,  1.000000000, -0.674485953,
Cor (3),   -0.614409915, -0.674485953,  1.000000000,
VCV (1),    0.009652367, -0.000124863, -0.000005819,
VCV (2),   -0.000124863,  0.001293783, -0.000002339,
VCV (3),   -0.000005819, -0.000002339,  0.000000009,
St.dev,     0.098246458,  0.035969188,  0.000096406,
AutoCor,    0.061395303,  0.647604160,  0.430051048,

No.; 13; Score; 5358.1317689139;
Markow Autoregressive (lag 1) bivariate joint 3 asset model uncond. params
uMean,     -0.004471175,  0.005061432, -0.000098559,
VCV (1),    0.041479105, -0.001708910,  0.000450277,
VCV (2),   -0.001708910,  0.001333663,  0.000089935,
VCV (3),    0.000450277,  0.000089935,  0.000022418,
Cor (1),    1.000000000, -0.229763640,  0.466951174,
Cor (2),   -0.229763640,  1.000000000,  0.520129443,
Cor (3),    0.466951174,  0.520129443,  1.000000000,
St.dev,     0.203664197,  0.036519354,  0.004734715,
Skewness,   0.302472732,  0.207789251,  0.005055765,
Kurtosis,   0.346917089,  0.472143434,  0.317281538,
AutoCor,    0.184589817,  0.585161850,  0.328256827,
Markow Autoregressive (lag 1) bivariate joint 3 asset model cond. params
uProb.,   0.449871383,  0.550128617,
Prob (1),   0.280959234,  0.719040766,
Prob (2),   0.588000430,  0.411999570,
Mean,     -0.068117777,  0.012696858, -0.000071283,
Cor (1),    1.000000000, -0.449707051,  0.775728141,
Cor (2),   -0.449707051,  1.000000000,  0.823864141,
Cor (3),    0.775728141,  0.823864141,  1.000000000,
VCV (1),    0.019321005, -0.002334018,  0.000573467,
VCV (2),   -0.002334018,  0.001394181,  0.000163606,
VCV (3),    0.000573467,  0.000163606,  0.000028286,
St.dev,     0.139000019,  0.037338732,  0.005318433,
Mean,      0.047576262, -0.001182488, -0.000120865,
Cor (1),    1.000000000, -0.036007837,  0.357690747,
Cor (2),   -0.036007837,  1.000000000, -0.058902618,
Cor (3),    0.357690747, -0.058902618,  1.000000000,
VCV (1),    0.049994300, -0.000140384,  0.000290864,
VCV (2),   -0.000140384,  0.000304034, -0.000003735,
VCV (3),    0.000290864, -0.000003735,  0.000013226,
St.dev,     0.223594052,  0.017436565,  0.003636817,
AutoCor,    0.227260730,  0.618238182,  0.328274070,

No.; 14; Score; 5687.3998168854;
Markow Autoregressive (lag 1) bivariate joint 3 asset model uncond. params
uMean,      0.054323736, -0.001548422,  0.000053365,
VCV (1),    0.027815831,  0.000496939,  0.000348134,
VCV (2),    0.000496939,  0.001622228, -0.000082443,
VCV (3),    0.000348134, -0.000082443,  0.000021094,
Cor (1),    1.000000000,  0.073977753,  0.454487027,
Cor (2),    0.073977753,  1.000000000, -0.445673529,
Cor (3),    0.454487027, -0.445673529,  1.000000000,
St.dev,     0.166780787,  0.040276888,  0.004592813,
Skewness,   0.036929824, -0.035596817,  0.014157976,
Kurtosis,  -0.023881918,  0.384803467,  0.642220200,
AutoCor,    0.511652771,  0.158777815,  0.301167605,
Markow Autoregressive (lag 1) bivariate joint 3 asset model cond. params
uProb.,   0.333732138,  0.666267862,
Prob (1),   0.365890352,  0.634109648,
Prob (2),   0.317624158,  0.682375842,
Mean,      0.139567252, -0.003437181,  0.000119837,
Cor (1),    1.000000000, -0.086810516,  0.136339556,
Cor (2),   -0.086810516,  1.000000000, -0.840591684,
Cor (3),    0.136339556, -0.840591684,  1.000000000,
VCV (1),    0.016129942, -0.000539833,  0.000099243,
VCV (2),   -0.000539833,  0.002397403, -0.000235895,
VCV (3),    0.000099243, -0.000235895,  0.000032849,
St.dev,     0.127003711,  0.048963279,  0.005731429,
Mean,      0.011625442, -0.000602347,  0.000020069,
Cor (1),    1.000000000,  0.244821172,  0.852136403,
Cor (2),    0.244821172,  1.000000000,  0.003607616,
Cor (3),    0.852136403,  0.003607616,  1.000000000,
VCV (1),    0.015940125,  0.001057208,  0.000377787,
VCV (2),    0.001057208,  0.001169854,  0.000000433,
VCV (3),    0.000377787,  0.000000433,  0.000012331,
St.dev,     0.126254209,  0.034203122,  0.003511491,
AutoCor,    0.581416466,  0.158899680,  0.301194143,

No.; 15; Score; 5726.2690256365;
Markow Autoregressive (lag 1) bivariate joint 3 asset model uncond. params
uMean,      0.014363523,  0.000315699,  0.000436158,
VCV (1),    0.036463111,  0.000067614, -0.000050117,
VCV (2),    0.000067614,  0.001901249,  0.000009795,
VCV (3),   -0.000050117,  0.000009795,  0.000000256,
Cor (1),    1.000000000,  0.008120677, -0.518466726,
Cor (2),    0.008120677,  1.000000000,  0.443763599,
Cor (3),   -0.518466726,  0.443763599,  1.000000000,
St.dev,     0.190953164,  0.043603315,  0.000506222,
Skewness,   0.018867430, -0.168867805, -0.237402974,
Kurtosis,  -0.148522662,  1.739982047,  1.357772712,
AutoCor,    0.322425631,  0.627417861,  0.511219869,
Markow Autoregressive (lag 1) bivariate joint 3 asset model cond. params
uProb.,   0.854699470,  0.145300530,
Prob (1),   0.856212971,  0.143787029,
Prob (2),   0.845796618,  0.154203382,
Mean,      0.046449229,  0.001778750,  0.000462397,
Cor (1),    1.000000000, -0.017012154, -0.969039181,
Cor (2),   -0.017012154,  1.000000000, -0.017313850,
Cor (3),   -0.969039181, -0.017313850,  1.000000000,
VCV (1),    0.027814921, -0.000069434, -0.000055751,
VCV (2),   -0.000069434,  0.000598899, -0.000000146,
VCV (3),   -0.000055751, -0.000000146,  0.000000119,
St.dev,     0.166778059,  0.024472416,  0.000344963,
Mean,     -0.174373821, -0.008290384,  0.000281814,
Cor (1),    1.000000000, -0.085357506,  0.269432000,
Cor (2),   -0.085357506,  1.000000000,  0.914123796,
Cor (3),    0.269432000,  0.914123796,  1.000000000,
VCV (1),    0.014707592, -0.000678118,  0.000024621,
VCV (2),   -0.000678118,  0.004291261,  0.000045122,
VCV (3),    0.000024621,  0.000045122,  0.000000568,
St.dev,     0.121274862,  0.065507718,  0.000753508,
AutoCor,    0.384563810,  0.631531231,  0.519261431,

No.; 16; Score; 5921.0948310195;
Markow Autoregressive (lag 1) bivariate joint 3 asset model uncond. params
uMean,     -0.017529464, -0.005065258,  0.000035374,
VCV (1),    0.042948275, -0.001326308,  0.000591834,
VCV (2),   -0.001326308,  0.001323337,  0.000048489,
VCV (3),    0.000591834,  0.000048489,  0.000011460,
Cor (1),    1.000000000, -0.175928549,  0.843610559,
Cor (2),   -0.175928549,  1.000000000,  0.393749673,
Cor (3),    0.843610559,  0.393749673,  1.000000000,
St.dev,     0.207239657,  0.036377704,  0.003385205,
Skewness,   0.319118048, -0.007453953, -0.197198318,
Kurtosis,   0.781393808,  0.022608961,  1.325498526,
AutoCor,    0.645010580,  0.930053136,  0.627484750,
Markow Autoregressive (lag 1) bivariate joint 3 asset model cond. params
uProb.,   0.524105381,  0.475894619,
Prob (1),   0.531562518,  0.468437482,
Prob (2),   0.515892796,  0.484107204,
Mean,     -0.064089908, -0.007083419,  0.000384188,
Cor (1),    1.000000000, -0.334228608, -0.949714259,
Cor (2),   -0.334228608,  1.000000000,  0.508190979,
Cor (3),   -0.949714259,  0.508190979,  1.000000000,
VCV (1),    0.003435303, -0.000292943, -0.000023008,
VCV (2),   -0.000292943,  0.000223621,  0.000003141,
VCV (3),   -0.000023008,  0.000003141,  0.000000171,
St.dev,     0.058611461,  0.014953974,  0.000413341,
Mean,      0.033747811, -0.002842646, -0.000348778,
Cor (1),    1.000000000, -0.356012778,  0.982115930,
Cor (2),   -0.356012778,  1.000000000,  0.978563243,
Cor (3),    0.982115930,  0.978563243,  1.000000000,
VCV (1),    0.041798100, -0.000769587,  0.000751892,
VCV (2),   -0.000769587,  0.000111796,  0.000038745,
VCV (3),    0.000751892,  0.000038745,  0.000014023,
St.dev,     0.204445835,  0.010573382,  0.003744676,
AutoCor,    0.682054902,  0.933163074,  0.634723358,

No.; 17; Score; 6232.7812053852;
Markow Autoregressive (lag 1) bivariate joint 3 asset model uncond. params
uMean,      0.058053281, -0.006030734,  0.000187334,
VCV (1),    0.037664249,  0.001933967, -0.000111997,
VCV (2),    0.001933967,  0.001976747, -0.000059857,
VCV (3),   -0.000111997, -0.000059857,  0.000004743,
Cor (1),    1.000000000,  0.224134560, -0.264973350,
Cor (2),    0.224134560,  1.000000000, -0.618156816,
Cor (3),   -0.264973350, -0.618156816,  1.000000000,
St.dev,     0.194072793,  0.044460618,  0.002177909,
Skewness,  -1.286619395, -0.007289767,  0.004874943,
Kurtosis,   1.052582985, -0.000688552,  0.046080673,
AutoCor,    0.028193784,  0.452212273,  0.453361886,
Markow Autoregressive (lag 1) bivariate joint 3 asset model cond. params
uProb.,   0.160185010,  0.839814990,
Prob (1),   0.018793547,  0.981206453,
Prob (2),   0.187153799,  0.812846201,
Mean,     -0.327877512,  0.004664985,  0.000120676,
Cor (1),    1.000000000, -0.793843854, -0.534620719,
Cor (2),   -0.793843854,  1.000000000,  0.985964462,
Cor (3),   -0.534620719,  0.985964462,  1.000000000,
VCV (1),    0.008134739, -0.002681341, -0.000074700,
VCV (2),   -0.002681341,  0.001402460,  0.000057201,
VCV (3),   -0.000074700,  0.000057201,  0.000002400,
St.dev,     0.090192790,  0.037449427,  0.001549175,
Mean,      0.131665123, -0.008070819,  0.000200048,
Cor (1),    1.000000000,  0.996545404, -0.595208235,
Cor (2),    0.996545404,  1.000000000, -0.845353723,
Cor (3),   -0.595208235, -0.845353723,  1.000000000,
VCV (1),    0.005073672,  0.002812226, -0.000085089,
VCV (2),    0.002812226,  0.001569582, -0.000067216,
VCV (3),   -0.000085089, -0.000067216,  0.000004028,
St.dev,     0.071229714,  0.039617947,  0.002006989,
AutoCor,    0.631523288,  0.459138878,  0.453472991,

No.; 18; Score; 7391.2282245831;
Markow Autoregressive (lag 1) bivariate joint 3 asset model uncond. params
uMean,      0.006445236,  0.005656292,  0.000036041,
VCV (1),    0.035301163,  0.000427412, -0.000377231,
VCV (2),    0.000427412,  0.002426356, -0.000039293,
VCV (3),   -0.000377231, -0.000039293,  0.000005915,
Cor (1),    1.000000000,  0.046182245, -0.825510084,
Cor (2),    0.046182245,  1.000000000, -0.327977517,
Cor (3),   -0.825510084, -0.327977517,  1.000000000,
St.dev,     0.187886036,  0.049258054,  0.002432150,
Skewness,   0.035819171, -0.128797653,  0.020207806,
Kurtosis,   0.073202436,  0.582625203,  0.193509648,
AutoCor,    0.053166533,  0.168762878,  0.268157610,
Markow Autoregressive (lag 1) bivariate joint 3 asset model cond. params
uProb.,   0.813672068,  0.186327932,
Prob (1),   0.786582515,  0.213417485,
Prob (2),   0.931968949,  0.068031051,
Mean,      0.013061648,  0.008009317,  0.000005001,
Cor (1),    1.000000000,  0.016001940, -0.919950262,
Cor (2),    0.016001940,  1.000000000, -0.182727222,
Cor (3),   -0.919950262, -0.182727222,  1.000000000,
VCV (1),    0.037797837,  0.000133300, -0.000390368,
VCV (2),    0.000133300,  0.001835901, -0.000017089,
VCV (3),   -0.000390368, -0.000017089,  0.000004764,
St.dev,     0.194416659,  0.042847412,  0.002182612,
Mean,     -0.022447852, -0.004619093,  0.000171587,
Cor (1),    1.000000000,  0.131231564, -0.643483120,
Cor (2),    0.131231564,  1.000000000, -0.633980320,
Cor (3),   -0.643483120, -0.633980320,  1.000000000,
VCV (1),    0.022817984,  0.001328900, -0.000285636,
VCV (2),    0.001328900,  0.004493972, -0.000124890,
VCV (3),   -0.000285636, -0.000124890,  0.000008635,
St.dev,     0.151056227,  0.067037098,  0.002938577,
AutoCor,    0.054247623,  0.171924833,  0.268451954,

No.; 19; Score; 7435.8395449939;
Markow Autoregressive (lag 1) bivariate joint 3 asset model uncond. params
uMean,      0.078345394,  0.009262780,  0.000195304,
VCV (1),    0.047540600,  0.000244096, -0.000008480,
VCV (2),    0.000244096,  0.001013702,  0.000008082,
VCV (3),   -0.000008480,  0.000008082,  0.000001170,
Cor (1),    1.000000000,  0.035161971, -0.035952452,
Cor (2),    0.035161971,  1.000000000,  0.234673997,
Cor (3),   -0.035952452,  0.234673997,  1.000000000,
St.dev,     0.218038071,  0.031838683,  0.001081709,
Skewness,   1.280834917, -0.004698702, -0.163892265,
Kurtosis,   3.283156203,  0.479011212,  0.649901975,
AutoCor,    0.308173266,  0.046148238,  0.696630669,
Markow Autoregressive (lag 1) bivariate joint 3 asset model cond. params
uProb.,   0.808157901,  0.191842099,
Prob (1),   0.807858588,  0.192141412,
Prob (2),   0.809418790,  0.190581210,
Mean,      0.024408258,  0.009201980,  0.000269192,
Cor (1),    1.000000000, -0.104265563, -0.808500383,
Cor (2),   -0.104265563,  1.000000000,  0.327978089,
Cor (3),   -0.808500383,  0.327978089,  1.000000000,
VCV (1),    0.012819859, -0.000410465, -0.000054261,
VCV (2),   -0.000410465,  0.001208894,  0.000006759,
VCV (3),   -0.000054261,  0.000006759,  0.000000351,
St.dev,     0.113224815,  0.034769146,  0.000592747,
Mean,      0.305562064,  0.009518910, -0.000115962,
Cor (1),    1.000000000,  0.691365480,  0.679942759,
Cor (2),    0.691365480,  1.000000000,  0.757655703,
Cor (3),    0.679942759,  0.757655703,  1.000000000,
VCV (1),    0.098131215,  0.002906472,  0.000259099,
VCV (2),    0.002906472,  0.000180098,  0.000012368,
VCV (3),    0.000259099,  0.000012368,  0.000001480,
St.dev,     0.313259023,  0.013420072,  0.001216438,
AutoCor,    0.415751355,  0.046148971,  0.710629240,

No.; 20; Score; 7563.8877009052;
Markow Autoregressive (lag 1) bivariate joint 3 asset model uncond. params
uMean,      0.008938248,  0.005959850, -0.000042833,
VCV (1),    0.042937795, -0.002653199,  0.000100045,
VCV (2),   -0.002653199,  0.001826198,  0.000017195,
VCV (3),    0.000100045,  0.000017195,  0.000004571,
Cor (1),    1.000000000, -0.299623592,  0.225819291,
Cor (2),   -0.299623592,  1.000000000,  0.188195689,
Cor (3),    0.225819291,  0.188195689,  1.000000000,
St.dev,     0.207214370,  0.042734038,  0.002138024,
Skewness,   0.822520775,  0.017866167,  0.023528523,
Kurtosis,   0.510730438,  1.503150148,  0.430788547,
AutoCor,    0.113897314,  0.760665382,  0.536416733,
Markow Autoregressive (lag 1) bivariate joint 3 asset model cond. params
uProb.,   0.788113762,  0.211886238,
Prob (1),   0.807270955,  0.192729045,
Prob (2),   0.716858322,  0.283141678,
Mean,     -0.071597559,  0.005731551, -0.000066809,
Cor (1),    1.000000000, -0.772768842,  0.722589416,
Cor (2),   -0.772768842,  1.000000000,  0.300436067,
Cor (3),    0.722589416,  0.300436067,  1.000000000,
VCV (1),    0.016163161, -0.001555328,  0.000142812,
VCV (2),   -0.001555328,  0.000250622,  0.000007394,
VCV (3),    0.000142812,  0.000007394,  0.000002417,
St.dev,     0.127134422,  0.015831035,  0.001554566,
Mean,      0.308492284,  0.006809013,  0.000046347,
Cor (1),    1.000000000, -0.664334935, -0.306838591,
Cor (2),   -0.664334935,  1.000000000,  0.156151509,
Cor (3),   -0.306838591,  0.156151509,  1.000000000,
VCV (1),    0.026827525, -0.005652304, -0.000126795,
VCV (2),   -0.005652304,  0.002698337,  0.000020464,
VCV (3),   -0.000126795,  0.000020464,  0.000006365,
St.dev,     0.163791103,  0.051945519,  0.002522907,
AutoCor,    0.144012915,  0.760736542,  0.536625455,

No.; 21; Score; 7699.5847276401;
Markow Autoregressive (lag 1) bivariate joint 3 asset model uncond. params
uMean,     -0.007170112, -0.002103954,  0.000347269,
VCV (1),    0.035813102,  0.001519117,  0.000011347,
VCV (2),    0.001519117,  0.002503523, -0.000020193,
VCV (3),    0.000011347, -0.000020193,  0.000001360,
Cor (1),    1.000000000,  0.160433259,  0.051419111,
Cor (2),    0.160433259,  1.000000000, -0.346104099,
Cor (3),    0.051419111, -0.346104099,  1.000000000,
St.dev,     0.189243500,  0.050035216,  0.001166076,
Skewness,   0.329314992,  0.030416130,  0.119742110,
Kurtosis,  -0.099250148,  0.040121247,  2.790868232,
AutoCor,    0.297125502,  0.619983126,  0.342007716,
Markow Autoregressive (lag 1) bivariate joint 3 asset model cond. params
uProb.,   0.437292956,  0.562707044,
Prob (1),   0.391794183,  0.608205817,
Prob (2),   0.472651130,  0.527348870,
Mean,     -0.122665024, -0.007442117,  0.000402404,
Cor (1),    1.000000000, -0.574318798,  0.282097463,
Cor (2),   -0.574318798,  1.000000000, -0.814379008,
Cor (3),    0.282097463, -0.814379008,  1.000000000,
VCV (1),    0.010836094, -0.002062534,  0.000048152,
VCV (2),   -0.002062534,  0.001190209, -0.000046070,
VCV (3),    0.000048152, -0.000046070,  0.000002689,
St.dev,     0.104096562,  0.034499407,  0.001639741,
Mean,      0.082583716,  0.002044459,  0.000304423,
Cor (1),    1.000000000,  0.420798709, -0.392591160,
Cor (2),    0.420798709,  1.000000000,  0.954984045,
Cor (3),   -0.392591160,  0.954984045,  1.000000000,
VCV (1),    0.027599063,  0.002928935, -0.000012938,
VCV (2),    0.002928935,  0.001755401,  0.000007937,
VCV (3),   -0.000012938,  0.000007937,  0.000000039,
St.dev,     0.166129657,  0.041897510,  0.000198376,
AutoCor,    0.451100786,  0.626237730,  0.342743660,

No.; 22; Score; 8061.4226618076;
Markow Autoregressive (lag 1) bivariate joint 3 asset model uncond. params
uMean,     -0.003555444, -0.011345461,  0.000134720,
VCV (1),    0.033513689, -0.000402552, -0.000016829,
VCV (2),   -0.000402552,  0.002620153,  0.000060103,
VCV (3),   -0.000016829,  0.000060103,  0.000005282,
Cor (1),    1.000000000, -0.042958336, -0.039999447,
Cor (2),   -0.042958336,  1.000000000,  0.510908813,
Cor (3),   -0.039999447,  0.510908813,  1.000000000,
St.dev,     0.183067445,  0.051187431,  0.002298209,
Skewness,   1.288304698,  0.000949069, -0.004437785,
Kurtosis,  104.676865602,  0.025895635,  0.030104969,
AutoCor,    0.607554334,  0.621975520,  0.482876589,
Markow Autoregressive (lag 1) bivariate joint 3 asset model cond. params
uProb.,   0.982050882,  0.017949118,
Prob (1),   0.994883796,  0.005116204,
Prob (2),   0.279923122,  0.720076878,
Mean,     -0.005430637, -0.011320919,  0.000130116,
Cor (1),    1.000000000, -0.043428721, -0.228329638,
Cor (2),   -0.043428721,  1.000000000,  0.522123045,
Cor (3),   -0.228329638,  0.522123045,  1.000000000,
VCV (1),    0.002176522, -0.000081784, -0.000021594,
VCV (2),   -0.000081784,  0.001629388,  0.000042724,
VCV (3),   -0.000021594,  0.000042724,  0.000004109,
