Round No; 1; best result RLS; 3428.2568517063

;;;
Statistical description of data for: Meginajums1
Calib/Tail/Per/Cur, 4176, 9999, 23, 0,
Title,    PE MARKET w  ,EQUITY LM SNP,REX BOND     ,
Mean,       0.000104436,  0.000075211,  0.000042226,
VCV (1),    0.033533792, -0.000018247, -0.000000770,
VCV (2),   -0.000018247,  0.000044333, -0.000000146,
VCV (3),   -0.000000770, -0.000000146,  0.000000045,
St.dev,     0.183122341,  0.006658326,  0.000210996,
Skewness,  -0.359429482, -0.013261914,  0.151860187,
Kurtosis,  20.092276212,  7.412958555, 34.388660560,
AutoCor,   -0.271804758, -0.019537378, -0.152000145,
No.; 1; Score; 3428.2568517063;
Markow Autoregressive (lag 1) bivariate joint 3 asset model uncond. params
uMean,     -0.121491201,  0.006621750, -0.000224945,
VCV (1),    0.027851313, -0.000715234,  0.000480755,
VCV (2),   -0.000715234,  0.000929297,  0.000012374,
VCV (3),    0.000480755,  0.000012374,  0.000022547,
Cor (1),    1.000000000, -0.140588008,  0.606676751,
Cor (2),   -0.140588008,  1.000000000,  0.085487056,
Cor (3),    0.606676751,  0.085487056,  1.000000000,
St.dev,     0.166887127,  0.030484376,  0.004748364,
Skewness,   0.135446084, -0.657287195, -0.034921195,
Kurtosis,   0.728848790,  6.971402202,  0.370796416,
AutoCor,    0.198451553,  0.174615437,  0.628556307,
Markow Autoregressive (lag 1) bivariate joint 3 asset model cond. params
uProb.,   0.730813752,  0.269186248,
Prob (1),   0.708520859,  0.291479141,
Prob (2),   0.791336728,  0.208663272,
Mean,     -0.130887942,  0.009307625, -0.000328591,
Cor (1),    1.000000000,  0.520651817,  0.866520695,
Cor (2),    0.520651817,  1.000000000,  0.103982434,
Cor (3),    0.866520695,  0.103982434,  1.000000000,
VCV (1),    0.018294502,  0.000391100,  0.000499673,
VCV (2),    0.000391100,  0.000030843,  0.000002462,
VCV (3),    0.000499673,  0.000002462,  0.000018176,
St.dev,     0.135257169,  0.005553669,  0.004263311,
Mean,     -0.095979990, -0.000670132,  0.000056446,
Cor (1),    1.000000000, -0.270946264,  0.819853514,
Cor (2),   -0.270946264,  1.000000000,  0.601500262,
Cor (3),    0.819853514,  0.601500262,  1.000000000,
VCV (1),    0.048766842, -0.003377325,  0.000194966,
VCV (2),   -0.003377325,  0.003186066,  0.000036561,
VCV (3),    0.000194966,  0.000036561,  0.000001160,
St.dev,     0.220832158,  0.056445246,  0.001076861,
AutoCor,    0.200893501,  0.180157645,  0.629477680,

No.; 2; Score; 11229.650459627;
Markow Autoregressive (lag 1) bivariate joint 3 asset model uncond. params
uMean,      0.050516291,  0.008758253, -0.000227080,
VCV (1),    0.043981309,  0.008115685, -0.000370699,
VCV (2),    0.008115685,  0.002719513, -0.000157548,
VCV (3),   -0.000370699, -0.000157548,  0.000027340,
Cor (1),    1.000000000,  0.742071103, -0.338056687,
Cor (2),    0.742071103,  1.000000000, -0.577789282,
Cor (3),   -0.338056687, -0.577789282,  1.000000000,
St.dev,     0.209717213,  0.052148954,  0.005228747,
Skewness,  -0.034402134, -0.013333546, -0.001623874,
Kurtosis,   0.060745470,  0.158133213,  0.017434148,
AutoCor,    0.123710970,  0.407997639,  0.647261070,
Markow Autoregressive (lag 1) bivariate joint 3 asset model cond. params
uProb.,   0.016724441,  0.983275559,
Prob (1),   0.447790931,  0.552209069,
Prob (2),   0.009392472,  0.990607528,
Mean,     -0.141914997,  0.000863554,  0.000080099,
Cor (1),    1.000000000, -0.571480285, -0.641455114,
Cor (2),   -0.571480285,  1.000000000, -0.854632696,
Cor (3),   -0.641455114, -0.854632696,  1.000000000,
VCV (1),    0.062792984, -0.011632721, -0.000312075,
VCV (2),   -0.011632721,  0.006598558, -0.000134785,
VCV (3),   -0.000312075, -0.000134785,  0.000003769,
St.dev,     0.250585282,  0.081231508,  0.001941498,
Mean,      0.053789336,  0.008892534, -0.000232305,
Cor (1),    1.000000000,  0.832457885, -0.413690807,
Cor (2),    0.832457885,  1.000000000, -0.615451362,
Cor (3),   -0.413690807, -0.615451362,  1.000000000,
VCV (1),    0.042394993,  0.008025393, -0.000341679,
VCV (2),    0.008025393,  0.002192267, -0.000115592,
VCV (3),   -0.000341679, -0.000115592,  0.000016091,
St.dev,     0.205900444,  0.046821656,  0.004011305,
AutoCor,    0.119139000,  0.407985784,  0.647273332,

No.; 3; Score; 17805.445491359;
Markow Autoregressive (lag 1) bivariate joint 3 asset model uncond. params
uMean,     -0.079308977, -0.002887088, -0.000184334,
VCV (1),    0.050582132,  0.006890321, -0.000387217,
VCV (2),    0.006890321,  0.003398570, -0.000159232,
VCV (3),   -0.000387217, -0.000159232,  0.000036157,
Cor (1),    1.000000000,  0.525524326, -0.286327365,
Cor (2),    0.525524326,  1.000000000, -0.454242683,
Cor (3),   -0.286327365, -0.454242683,  1.000000000,
St.dev,     0.224904717,  0.058297252,  0.006013028,
Skewness,   0.508846253,  0.070420785, -0.020638920,
Kurtosis,   1.494995746,  0.550027488,  0.321499249,
AutoCor,    0.235267412,  0.723251068,  0.837381602,
Markow Autoregressive (lag 1) bivariate joint 3 asset model cond. params
uProb.,   0.443418436,  0.556581564,
Prob (1),   0.342159657,  0.657840343,
Prob (2),   0.524089469,  0.475910531,
Mean,     -0.139130669, -0.007080986,  0.000012981,
Cor (1),    1.000000000, -0.712580837, -0.610792942,
Cor (2),   -0.712580837,  1.000000000, -0.340029897,
Cor (3),   -0.610792942, -0.340029897,  1.000000000,
VCV (1),    0.003268496, -0.000337510, -0.000002901,
VCV (2),   -0.000337510,  0.000068637, -0.000000234,
VCV (3),   -0.000002901, -0.000000234,  0.000000007,
St.dev,     0.057170758,  0.008284740,  0.000083087,
Mean,     -0.031650121,  0.000454116, -0.000341532,
Cor (1),    1.000000000,  0.679085240, -0.432594284,
Cor (2),    0.679085240,  1.000000000, -0.476935469,
Cor (3),   -0.432594284, -0.476935469,  1.000000000,
VCV (1),    0.077348088,  0.010015724, -0.000528448,
VCV (2),    0.010015724,  0.002812332, -0.000111094,
VCV (3),   -0.000528448, -0.000111094,  0.000019293,
St.dev,     0.278115243,  0.053031423,  0.004392347,
AutoCor,    0.260187082,  0.726998677,  0.838256786,

No.; 4; Score; 28727.465422472;
Markow Autoregressive (lag 1) bivariate joint 3 asset model uncond. params
uMean,      0.030818132,  0.002843419, -0.000125973,
VCV (1),    0.012662631,  0.002519670, -0.000099178,
VCV (2),    0.002519670,  0.002856676, -0.000012507,
VCV (3),   -0.000099178, -0.000012507,  0.000004522,
Cor (1),    1.000000000,  0.418939352, -0.414467444,
Cor (2),    0.418939352,  1.000000000, -0.110045005,
Cor (3),   -0.414467444, -0.110045005,  1.000000000,
St.dev,     0.112528356,  0.053447879,  0.002126489,
Skewness,  -0.401007281, -0.189954141, -0.077086177,
Kurtosis,  -0.640716350,  3.391816871,  0.412790509,
AutoCor,   -0.002486841,  0.037591480,  0.780628849,
Markow Autoregressive (lag 1) bivariate joint 3 asset model cond. params
uProb.,   0.466413154,  0.533586846,
Prob (1),   0.247842506,  0.752157494,
Prob (2),   0.657467761,  0.342532239,
Mean,     -0.064675003, -0.000561827, -0.000320941,
Cor (1),    1.000000000,  0.872864597, -0.931616604,
Cor (2),    0.872864597,  1.000000000, -0.187228590,
Cor (3),   -0.931616604, -0.187228590,  1.000000000,
VCV (1),    0.004731692,  0.004686216, -0.000120047,
VCV (2),    0.004686216,  0.006091641, -0.000027374,
VCV (3),   -0.000120047, -0.000027374,  0.000003509,
St.dev,     0.068787297,  0.078048966,  0.001873291,
Mean,      0.114289556,  0.005819976,  0.000044451,
Cor (1),    1.000000000, -0.683905387,  0.898154125,
Cor (2),   -0.683905387,  1.000000000,  0.373756118,
Cor (3),    0.898154125,  0.373756118,  1.000000000,
VCV (1),    0.000479927, -0.000019968,  0.000006291,
VCV (2),   -0.000019968,  0.000001776,  0.000000159,
VCV (3),    0.000006291,  0.000000159,  0.000000102,
St.dev,     0.021907243,  0.001332758,  0.000319709,
AutoCor,    0.689222103,  0.039183921,  0.789439591,

No.; 5; Score; 31343.330141492;
Markow Autoregressive (lag 1) bivariate joint 3 asset model uncond. params
uMean,     -0.076182566, -0.001035110, -0.000067480,
VCV (1),    0.049967122,  0.009921078,  0.000133350,
VCV (2),    0.009921078,  0.007276682, -0.000057177,
VCV (3),    0.000133350, -0.000057177,  0.000013703,
Cor (1),    1.000000000,  0.520295439,  0.161157364,
Cor (2),    0.520295439,  1.000000000, -0.181072911,
Cor (3),    0.161157364, -0.181072911,  1.000000000,
St.dev,     0.223533268,  0.085303467,  0.003701709,
Skewness,   0.364897265,  0.129206651,  0.015413373,
Kurtosis,  -0.054800950,  0.963838680,  0.076060671,
AutoCor,    0.008604434,  0.139841462,  0.951215215,
Markow Autoregressive (lag 1) bivariate joint 3 asset model cond. params
uProb.,   0.318718256,  0.681281744,
Prob (1),   0.068836458,  0.931163542,
Prob (2),   0.435618337,  0.564381663,
Mean,      0.133278026,  0.008493453,  0.000346357,
Cor (1),    1.000000000,  0.768199623,  0.645993195,
Cor (2),    0.768199623,  1.000000000, -0.486241978,
Cor (3),    0.645993195, -0.486241978,  1.000000000,
VCV (1),    0.033535186,  0.016109009,  0.000199868,
VCV (2),    0.016109009,  0.013112599, -0.000094072,
VCV (3),    0.000199868, -0.000094072,  0.000002855,
St.dev,     0.183126147,  0.114510255,  0.001689528,
Mean,     -0.174172737, -0.005492776, -0.000261083,
Cor (1),    1.000000000,  0.504652694,  0.090932447,
Cor (2),    0.504652694,  1.000000000, -0.903018579,
Cor (3),    0.090932447, -0.903018579,  1.000000000,
VCV (1),    0.024369770,  0.005146471,  0.000007402,
VCV (2),    0.005146471,  0.004267588, -0.000030760,
VCV (3),    0.000007402, -0.000030760,  0.000000272,
St.dev,     0.156108200,  0.065326780,  0.000521425,
AutoCor,    0.270299380,  0.142816067,  0.958966911,

No.; 6; Score; 37132.28393322;
Markow Autoregressive (lag 1) bivariate joint 3 asset model uncond. params
uMean,      0.117252446, -0.010535368,  0.000211927,
VCV (1),    0.017099554,  0.002192653,  0.000022877,
VCV (2),    0.002192653,  0.007656837, -0.000012485,
VCV (3),    0.000022877, -0.000012485,  0.000001218,
Cor (1),    1.000000000,  0.191625274,  0.158552706,
Cor (2),    0.191625274,  1.000000000, -0.129309997,
Cor (3),    0.158552706, -0.129309997,  1.000000000,
St.dev,     0.130765263,  0.087503354,  0.001103416,
Skewness,   1.357791573, -0.002217234,  0.145358555,
Kurtosis,  55.802665867,  0.016184927, 22.215055246,
AutoCor,    0.353795571,  0.542136102,  0.556630165,
Markow Autoregressive (lag 1) bivariate joint 3 asset model cond. params
uProb.,   0.038523319,  0.961476681,
Prob (1),   0.859245339,  0.140754661,
Prob (2),   0.005639592,  0.994360408,
Mean,      0.186518003, -0.006100015,  0.000311520,
Cor (1),    1.000000000,  0.605726138,  0.254420113,
Cor (2),    0.605726138,  1.000000000, -0.154245734,
Cor (3),    0.254420113, -0.154245734,  1.000000000,
VCV (1),    0.340419833,  0.020344933,  0.000531864,
VCV (2),    0.020344933,  0.003313943, -0.000031815,
VCV (3),    0.000531864, -0.000031815,  0.000012838,
St.dev,     0.583455082,  0.057566857,  0.003582956,
Mean,      0.114477195, -0.010713078,  0.000207936,
Cor (1),    1.000000000,  0.324655905, -0.092324529,
Cor (2),    0.324655905,  1.000000000, -0.175719544,
Cor (3),   -0.092324529, -0.175719544,  1.000000000,
VCV (1),    0.001814240,  0.001024600, -0.000002358,
VCV (2),    0.001024600,  0.005489940, -0.000007806,
VCV (3),   -0.000002358, -0.000007806,  0.000000359,
St.dev,     0.042593891,  0.074094132,  0.000599541,
AutoCor,    0.348112935,  0.542104036,  0.556533197,

No.; 7; Score; 38181.790451418;
Markow Autoregressive (lag 1) bivariate joint 3 asset model uncond. params
uMean,     -0.105554135,  0.000111868,  0.000078734,
VCV (1),    0.077494003, -0.003862544,  0.000361523,
VCV (2),   -0.003862544,  0.000793082, -0.000025605,
VCV (3),    0.000361523, -0.000025605,  0.000005962,
Cor (1),    1.000000000, -0.492697550,  0.531854429,
Cor (2),   -0.492697550,  1.000000000, -0.372355814,
Cor (3),    0.531854429, -0.372355814,  1.000000000,
St.dev,     0.278377448,  0.028161708,  0.002441794,
Skewness,  -1.058190594,  0.138403823,  0.199710660,
Kurtosis,   0.553049791,  1.315128864,  4.122491698,
AutoCor,    0.114842202,  0.694792207,  0.094939645,
Markow Autoregressive (lag 1) bivariate joint 3 asset model cond. params
uProb.,   0.415729055,  0.584270945,
Prob (1),   0.450344103,  0.549655897,
Prob (2),   0.391099247,  0.608900753,
Mean,     -0.340040366,  0.002780918,  0.000243232,
Cor (1),    1.000000000, -0.777710237,  0.874284036,
Cor (2),   -0.777710237,  1.000000000, -0.506939767,
Cor (3),    0.874284036, -0.506939767,  1.000000000,
VCV (1),    0.077491896, -0.006599765,  0.000915914,
VCV (2),   -0.006599765,  0.000929319, -0.000058158,
VCV (3),    0.000915914, -0.000058158,  0.000014163,
St.dev,     0.278373663,  0.030484739,  0.003763343,
Mean,      0.061290957, -0.001787254, -0.000038312,
Cor (1),    1.000000000, -0.908657577,  0.666732419,
Cor (2),   -0.908657577,  1.000000000, -0.109393090,
Cor (3),    0.666732419, -0.109393090,  1.000000000,
VCV (1),    0.008603087, -0.000451608,  0.000003175,
VCV (2),   -0.000451608,  0.000028712, -0.000000030,
VCV (3),    0.000003175, -0.000000030,  0.000000003,
St.dev,     0.092752826,  0.005358392,  0.000051333,
AutoCor,    0.171528787,  0.698880333,  0.095055285,

No.; 8; Score; 39576.652032259;
Markow Autoregressive (lag 1) bivariate joint 3 asset model uncond. params
uMean,      0.025242841,  0.002087634, -0.000048206,
VCV (1),    0.034918499, -0.000168513,  0.000085960,
VCV (2),   -0.000168513,  0.011229190,  0.000075178,
VCV (3),    0.000085960,  0.000075178,  0.000013819,
Cor (1),    1.000000000, -0.008510030,  0.123745107,
Cor (2),   -0.008510030,  1.000000000,  0.190843949,
Cor (3),    0.123745107,  0.190843949,  1.000000000,
St.dev,     0.186864922,  0.105967871,  0.003717392,
Skewness,   0.054432394,  0.010141519, -0.065801201,
Kurtosis,   0.193852198,  0.006490887,  0.502688225,
AutoCor,    0.650005071,  0.493417159,  0.595200676,
Markow Autoregressive (lag 1) bivariate joint 3 asset model cond. params
uProb.,   0.430196872,  0.569803128,
Prob (1),   0.318494921,  0.681505079,
Prob (2),   0.514530964,  0.485469036,
Mean,      0.008372045,  0.011377773,  0.000196314,
Cor (1),    1.000000000,  0.117409110,  0.635580625,
Cor (2),    0.117409110,  1.000000000, -0.094354719,
Cor (3),    0.635580625, -0.094354719,  1.000000000,
VCV (1),    0.009701454,  0.001096811,  0.000095260,
VCV (2),    0.001096811,  0.008995452, -0.000013617,
VCV (3),    0.000095260, -0.000013617,  0.000002315,
St.dev,     0.098495960,  0.094844358,  0.001521672,
Mean,      0.037980159, -0.004926348, -0.000232816,
Cor (1),    1.000000000, -0.060083201,  0.037679672,
Cor (2),   -0.060083201,  1.000000000,  0.304624718,
Cor (3),    0.037679672,  0.304624718,  1.000000000,
VCV (1),    0.027431002, -0.000887446,  0.000023171,
VCV (2),   -0.000887446,  0.007953096,  0.000100869,
VCV (3),    0.000023171,  0.000100869,  0.000013786,
St.dev,     0.165623071,  0.089180130,  0.003713009,
AutoCor,    0.655243853,  0.497441277,  0.597793791,

No.; 9; Score; 39985.89689395;
Markow Autoregressive (lag 1) bivariate joint 3 asset model uncond. params
uMean,     -0.000085950,  0.006211018, -0.000207349,
VCV (1),    0.009112609,  0.001907779, -0.000028312,
VCV (2),    0.001907779,  0.002987978,  0.000015894,
VCV (3),   -0.000028312,  0.000015894,  0.000002490,
Cor (1),    1.000000000,  0.365609965, -0.187942421,
Cor (2),    0.365609965,  1.000000000,  0.184257786,
Cor (3),   -0.187942421,  0.184257786,  1.000000000,
St.dev,     0.095459984,  0.054662403,  0.001578084,
Skewness,  -0.733057513,  0.031647489, -0.001653461,
Kurtosis,  -0.259957090,  0.018876055,  0.000357999,
AutoCor,   -0.163785388,  0.145576072,  0.192819148,
Markow Autoregressive (lag 1) bivariate joint 3 asset model cond. params
uProb.,   0.302839898,  0.697160102,
Prob (1),   0.060713473,  0.939286527,
Prob (2),   0.408017378,  0.591982622,
Mean,     -0.121192294, -0.003640649, -0.000099886,
Cor (1),    1.000000000,  0.031215638,  0.139439281,
Cor (2),    0.031215638,  1.000000000, -0.565896124,
Cor (3),    0.139439281, -0.565896124,  1.000000000,
VCV (1),    0.003858148,  0.000096028,  0.000013257,
VCV (2),    0.000096028,  0.002452870, -0.000042897,
VCV (3),    0.000013257, -0.000042897,  0.000002343,
St.dev,     0.062113993,  0.049526459,  0.001530578,
Mean,      0.052521525,  0.010490491, -0.000254030,
Cor (1),    1.000000000,  0.759147514, -0.528867755,
Cor (2),    0.759147514,  1.000000000,  0.481629295,
Cor (3),   -0.528867755,  0.481629295,  1.000000000,
VCV (1),    0.001985072,  0.001871468, -0.000036605,
VCV (2),    0.001871468,  0.003061515,  0.000041398,
VCV (3),   -0.000036605,  0.000041398,  0.000002413,
St.dev,     0.044554147,  0.055330955,  0.001553467,
AutoCor,    0.262700289,  0.152630068,  0.193909356,

No.; 10; Score; 40623.898766386;
Markow Autoregressive (lag 1) bivariate joint 3 asset model uncond. params
uMean,      0.015893619, -0.006747862, -0.000273280,
VCV (1),    0.015996209, -0.002194473, -0.000004064,
VCV (2),   -0.002194473,  0.008088451,  0.000122837,
VCV (3),   -0.000004064,  0.000122837,  0.000008762,
Cor (1),    1.000000000, -0.192925199, -0.010855400,
Cor (2),   -0.192925199,  1.000000000,  0.461410652,
Cor (3),   -0.010855400,  0.461410652,  1.000000000,
St.dev,     0.126476119,  0.089935815,  0.002960107,
Skewness,  -1.485631907, -0.002133237,  0.269154055,
Kurtosis,   2.964881850,  0.042247269,  3.492929233,
AutoCor,    0.424356008,  0.456343947,  0.659869755,
Markow Autoregressive (lag 1) bivariate joint 3 asset model cond. params
uProb.,   0.871016923,  0.128983077,
Prob (1),   0.896952728,  0.103047272,
Prob (2),   0.695873594,  0.304126406,
Mean,      0.052544132, -0.006535925, -0.000379371,
Cor (1),    1.000000000, -0.568317261,  0.535930822,
Cor (2),   -0.568317261,  1.000000000,  0.548471451,
Cor (3),    0.535930822,  0.548471451,  1.000000000,
VCV (1),    0.002046886, -0.002001175,  0.000033573,
VCV (2),   -0.002001175,  0.006057516,  0.000059107,
VCV (3),    0.000033573,  0.000059107,  0.000001917,
St.dev,     0.045242525,  0.077830047,  0.001384653,
Mean,     -0.231605650, -0.008179060,  0.000443146,
Cor (1),    1.000000000,  0.172958981, -0.247831590,
Cor (2),    0.172958981,  1.000000000,  0.571170114,
Cor (3),   -0.247831590,  0.571170114,  1.000000000,
VCV (1),    0.012280858,  0.001792065, -0.000136538,
VCV (2),    0.001792065,  0.008741632,  0.000265488,
VCV (3),   -0.000136538,  0.000265488,  0.000024715,
St.dev,     0.110819033,  0.093496694,  0.004971459,
AutoCor,    0.716813873,  0.456353520,  0.663884267,

No.; 11; Score; 43833.394169869;
Markow Autoregressive (lag 1) bivariate joint 3 asset model uncond. params
uMean,     -0.028936421,  0.001699447,  0.000037979,
VCV (1),    0.021406371, -0.003150387, -0.000005378,
VCV (2),   -0.003150387,  0.010946312,  0.000024133,
VCV (3),   -0.000005378,  0.000024133,  0.000000893,
Cor (1),    1.000000000, -0.205806201, -0.038896845,
Cor (2),   -0.205806201,  1.000000000,  0.244101331,
Cor (3),   -0.038896845,  0.244101331,  1.000000000,
St.dev,     0.146309161,  0.104624623,  0.000944947,
Skewness,   1.232587723, -0.003233015, -0.001172197,
Kurtosis,   2.803094065,  0.032483374,  0.364989370,
AutoCor,    0.610975416,  0.721296687,  0.029309414,
Markow Autoregressive (lag 1) bivariate joint 3 asset model cond. params
uProb.,   0.241535568,  0.758464432,
Prob (1),   0.480562439,  0.519437561,
Prob (2),   0.165416651,  0.834583349,
Mean,      0.119769533, -0.000520394,  0.000039855,
Cor (1),    1.000000000, -0.731653951,  0.232375225,
Cor (2),   -0.731653951,  1.000000000, -0.283472562,
Cor (3),    0.232375225, -0.283472562,  1.000000000,
VCV (1),    0.024314089, -0.009344159,  0.000021140,
VCV (2),   -0.009344159,  0.006708277, -0.000013546,
VCV (3),    0.000021140, -0.000013546,  0.000000340,
St.dev,     0.155929757,  0.081904069,  0.000583429,
Mean,     -0.076292336,  0.002406362,  0.000037382,
Cor (1),    1.000000000,  0.862792104, -0.691905119,
Cor (2),    0.862792104,  1.000000000,  0.496073641,
Cor (3),   -0.691905119,  0.496073641,  1.000000000,
VCV (1),    0.000371426,  0.001150237, -0.000013780,
VCV (2),    0.001150237,  0.004785098,  0.000035461,
VCV (3),   -0.000013780,  0.000035461,  0.000001068,
St.dev,     0.019272404,  0.069174401,  0.001033377,
AutoCor,    0.756006427,  0.721354920,  0.029309055,

No.; 12; Score; 44575.867251728;
Markow Autoregressive (lag 1) bivariate joint 3 asset model uncond. params
uMean,      0.075511902,  0.005604533, -0.000046193,
VCV (1),    0.067272369,  0.006828536, -0.000905594,
VCV (2),    0.006828536,  0.005991607,  0.000161590,
VCV (3),   -0.000905594,  0.000161590,  0.000327159,
Cor (1),    1.000000000,  0.340124268, -0.193034718,
Cor (2),    0.340124268,  1.000000000,  0.115415401,
Cor (3),   -0.193034718,  0.115415401,  1.000000000,
St.dev,     0.259369175,  0.077405468,  0.018087546,
Skewness,   0.363467634, -0.208850558, -0.000242750,
Kurtosis,  -0.689982989,  1.146092860,  0.029254518,
AutoCor,   -0.065017041,  0.573616055,  0.963284687,
Markow Autoregressive (lag 1) bivariate joint 3 asset model cond. params
uProb.,   0.317619080,  0.682380920,
Prob (1),   0.163513270,  0.836486730,
Prob (2),   0.389348732,  0.610651268,
Mean,     -0.184223018, -0.008103106,  0.000010793,
Cor (1),    1.000000000,  0.236780152,  0.922143295,
Cor (2),    0.236780152,  1.000000000, -0.183489747,
Cor (3),    0.922143295, -0.183489747,  1.000000000,
VCV (1),    0.006121026,  0.001786147,  0.000095252,
VCV (2),    0.001786147,  0.009296501, -0.000023358,
VCV (3),    0.000095252, -0.000023358,  0.000001743,
St.dev,     0.078236984,  0.096418364,  0.001320278,
Mean,      0.196407378,  0.011984851, -0.000072718,
Cor (1),    1.000000000,  0.782150662, -0.979811650,
Cor (2),    0.782150662,  1.000000000,  0.533941349,
Cor (3),   -0.979811650,  0.533941349,  1.000000000,
VCV (1),    0.049417502,  0.006410884, -0.001265237,
VCV (2),    0.006410884,  0.001359484,  0.000114359,
VCV (3),   -0.001265237,  0.000114359,  0.000033743,
St.dev,     0.222300478,  0.036871187,  0.005808834,
AutoCor,    0.075757958,  0.585458461,  0.963290181,

No.; 13; Score; 44978.765902914;
Markow Autoregressive (lag 1) bivariate joint 3 asset model uncond. params
uMean,      0.031312880,  0.013104687, -0.000202222,
VCV (1),    0.052296638, -0.006510560,  0.000010464,
VCV (2),   -0.006510560,  0.009775413, -0.000009439,
VCV (3),    0.000010464, -0.000009439,  0.000000341,
Cor (1),    1.000000000, -0.287947915,  0.078350150,
Cor (2),   -0.287947915,  1.000000000, -0.163465593,
Cor (3),    0.078350150, -0.163465593,  1.000000000,
St.dev,     0.228684583,  0.098870687,  0.000584012,
Skewness,   1.738488185, -0.002470605,  0.044112160,
Kurtosis,  465.492042690,  0.044715082,  0.406612802,
AutoCor,    0.489880132,  0.796817627,  0.294780342,
Markow Autoregressive (lag 1) bivariate joint 3 asset model cond. params
uProb.,   0.997613706,  0.002386294,
Prob (1),   0.999383028,  0.000616972,
Prob (2),   0.257931152,  0.742068848,
Mean,      0.030784230,  0.013142121, -0.000203443,
Cor (1),    1.000000000, -0.651471460,  0.279568955,
Cor (2),   -0.651471460,  1.000000000, -0.225724261,
Cor (3),    0.279568955, -0.225724261,  1.000000000,
VCV (1),    0.013926827, -0.004575411,  0.000018246,
VCV (2),   -0.004575411,  0.003541744, -0.000007429,
VCV (3),    0.000018246, -0.000007429,  0.000000306,
St.dev,     0.118011979,  0.059512557,  0.000553036,
Mean,      0.252320350, -0.002545019,  0.000308081,
Cor (1),    1.000000000,  0.626419727, -0.767542865,
Cor (2),    0.626419727,  1.000000000,  0.434239071,
Cor (3),   -0.767542865,  0.434239071,  1.000000000,
VCV (1),   10.808705313,  0.250360423, -0.003970432,
VCV (2),    0.250360423,  0.014778380,  0.000083060,
VCV (3),   -0.003970432,  0.000083060,  0.000002476,
St.dev,     3.287659549,  0.121566360,  0.001573433,
AutoCor,    0.489316838,  0.796820945,  0.293963087,

No.; 14; Score; 48512.811288426;
Markow Autoregressive (lag 1) bivariate joint 3 asset model uncond. params
uMean,      0.057453162, -0.010609653,  0.000141245,
VCV (1),    0.071727133, -0.011583387, -0.000078542,
VCV (2),   -0.011583387,  0.005923549,  0.000064898,
VCV (3),   -0.000078542,  0.000064898,  0.000007409,
Cor (1),    1.000000000, -0.561956681, -0.107739188,
Cor (2),   -0.561956681,  1.000000000,  0.309776780,
Cor (3),   -0.107739188,  0.309776780,  1.000000000,
St.dev,     0.267819218,  0.076964594,  0.002722004,
Skewness,   0.294256654,  0.029239405, -0.003521840,
Kurtosis,   0.875764910,  0.589262147,  0.228582887,
AutoCor,    0.129372611,  0.563548626,  0.467372306,
Markow Autoregressive (lag 1) bivariate joint 3 asset model cond. params
uProb.,   0.322154373,  0.677845627,
Prob (1),   0.205252887,  0.794747113,
Prob (2),   0.377713224,  0.622286776,
Mean,     -0.010973554, -0.013193931,  0.000124049,
Cor (1),    1.000000000, -0.096253287, -0.317474693,
Cor (2),   -0.096253287,  1.000000000, -0.254056454,
Cor (3),   -0.317474693, -0.254056454,  1.000000000,
VCV (1),    0.009204389, -0.000136975, -0.000090337,
VCV (2),   -0.000136975,  0.000220018, -0.000011177,
VCV (3),   -0.000090337, -0.000011177,  0.000008797,
St.dev,     0.095939508,  0.014833016,  0.002965929,
Mean,      0.089973791, -0.009381443,  0.000149418,
Cor (1),    1.000000000, -0.665911034, -0.102173908,
Cor (2),   -0.665911034,  1.000000000,  0.474408602,
Cor (3),   -0.102173908,  0.474408602,  1.000000000,
VCV (1),    0.096176865, -0.015797806, -0.000066178,
VCV (2),   -0.015797806,  0.005851814,  0.000075795,
VCV (3),   -0.000066178,  0.000075795,  0.000004362,
St.dev,     0.310123951,  0.076497150,  0.002088532,
AutoCor,    0.139036566,  0.563943216,  0.467384443,

No.; 15; Score; 48772.128792751;
Markow Autoregressive (lag 1) bivariate joint 3 asset model uncond. params
uMean,      0.063736044, -0.003261855, -0.000134239,
VCV (1),    0.078462527, -0.000218165, -0.000186316,
VCV (2),   -0.000218165,  0.003527292, -0.000005743,
VCV (3),   -0.000186316, -0.000005743,  0.000001418,
Cor (1),    1.000000000, -0.013113954, -0.558632137,
Cor (2),   -0.013113954,  1.000000000, -0.081206568,
Cor (3),   -0.558632137, -0.081206568,  1.000000000,
St.dev,     0.280111633,  0.059391010,  0.001190675,
Skewness,  -0.031903982, -0.060196250,  0.035040639,
Kurtosis,  -0.090752808,  7.391229129,  4.709869862,
AutoCor,    0.461983400,  0.634429651,  0.409253643,
Markow Autoregressive (lag 1) bivariate joint 3 asset model cond. params
uProb.,   0.851671286,  0.148328714,
Prob (1),   0.870858893,  0.129141107,
Prob (2),   0.741500216,  0.258499784,
Mean,      0.111544481, -0.002916137, -0.000138937,
Cor (1),    1.000000000, -0.349576730, -0.880649179,
Cor (2),   -0.349576730,  1.000000000,  0.130337542,
Cor (3),   -0.880649179,  0.130337542,  1.000000000,
VCV (1),    0.049729999, -0.000777957, -0.000133924,
VCV (2),   -0.000777957,  0.000099588,  0.000000887,
VCV (3),   -0.000133924,  0.000000887,  0.000000465,
St.dev,     0.223002240,  0.009979389,  0.000681941,
Mean,     -0.210769625, -0.005246896, -0.000107265,
Cor (1),    1.000000000,  0.147214979, -0.508586243,
Cor (2),    0.147214979,  1.000000000, -0.125572614,
Cor (3),   -0.508586243, -0.125572614,  1.000000000,
VCV (1),    0.031787825,  0.003064420, -0.000208476,
VCV (2),    0.003064420,  0.013631125, -0.000033707,
VCV (3),   -0.000208476, -0.000033707,  0.000005286,
St.dev,     0.178291403,  0.116752409,  0.002299120,
AutoCor,    0.528793015,  0.634527937,  0.409278663,

No.; 16; Score; 48873.886434909;
Markow Autoregressive (lag 1) bivariate joint 3 asset model uncond. params
uMean,     -0.005730289,  0.008264574, -0.000192420,
VCV (1),    0.006738948,  0.003276780,  0.000056137,
VCV (2),    0.003276780,  0.002645056,  0.000025405,
VCV (3),    0.000056137,  0.000025405,  0.000001632,
Cor (1),    1.000000000,  0.776128686,  0.535320057,
Cor (2),    0.776128686,  1.000000000,  0.386686139,
Cor (3),    0.535320057,  0.386686139,  1.000000000,
St.dev,     0.082091096,  0.051430108,  0.001277440,
Skewness,   0.256164314,  0.145636555, -0.096063681,
Kurtosis,   0.073880308,  0.159374944,  0.259889111,
AutoCor,    0.357080124,  0.196035201,  0.551523897,
Markow Autoregressive (lag 1) bivariate joint 3 asset model cond. params
uProb.,   0.178741607,  0.821258393,
Prob (1),   0.086459542,  0.913540458,
Prob (2),   0.198826205,  0.801173795,
Mean,     -0.056874162, -0.011448032,  0.000108127,
Cor (1),    1.000000000, -0.565713905, -0.743895207,
Cor (2),   -0.565713905,  1.000000000, -0.903393077,
Cor (3),   -0.743895207, -0.903393077,  1.000000000,
VCV (1),    0.000165967, -0.000206542, -0.000001561,
VCV (2),   -0.000206542,  0.000803156, -0.000004170,
VCV (3),   -0.000001561, -0.000004170,  0.000000027,
St.dev,     0.012882813,  0.028340000,  0.000162880,
Mean,      0.005400846,  0.012554896, -0.000257832,
Cor (1),    1.000000000,  0.824205054,  0.616152933,
Cor (2),    0.824205054,  1.000000000,  0.482878627,
Cor (3),    0.616152933,  0.482878627,  1.000000000,
VCV (1),    0.006271945,  0.003460331,  0.000056539,
VCV (2),    0.003460331,  0.002810363,  0.000029661,
VCV (3),    0.000056539,  0.000029661,  0.000001343,
St.dev,     0.079195610,  0.053012861,  0.001158671,
AutoCor,    0.400397115,  0.206221797,  0.559619546,

No.; 17; Score; 51376.875927597;
Markow Autoregressive (lag 1) bivariate joint 3 asset model uncond. params
uMean,     -0.015862648,  0.000145689,  0.000031342,
VCV (1),    0.053567418,  0.003127990, -0.000143836,
VCV (2),    0.003127990,  0.011908104, -0.000066112,
VCV (3),   -0.000143836, -0.000066112,  0.000005242,
Cor (1),    1.000000000,  0.123849326, -0.271444755,
Cor (2),    0.123849326,  1.000000000, -0.264618432,
Cor (3),   -0.271444755, -0.264618432,  1.000000000,
St.dev,     0.231446362,  0.109124260,  0.002289480,
Skewness,  -0.047346934,  0.225005909,  0.036521470,
Kurtosis,  -0.044995071,  2.233100466,  0.371324915,
AutoCor,    0.729716312,  0.084574124,  0.464052045,
Markow Autoregressive (lag 1) bivariate joint 3 asset model cond. params
uProb.,   0.559919217,  0.440080783,
Prob (1),   0.741977510,  0.258022490,
Prob (2),   0.328284615,  0.671715385,
Mean,     -0.096308565,  0.008543971,  0.000102939,
Cor (1),    1.000000000,  0.346181652, -0.052065918,
Cor (2),    0.346181652,  1.000000000, -0.356461823,
Cor (3),   -0.052065918, -0.356461823,  1.000000000,
VCV (1),    0.019105793,  0.006907888, -0.000016983,
VCV (2),    0.006907888,  0.020840946, -0.000121438,
VCV (3),   -0.000016983, -0.000121438,  0.000005569,
St.dev,     0.138223707,  0.144363935,  0.002359835,
Mean,      0.086489504, -0.010539529, -0.000059752,
Cor (1),    1.000000000, -0.204373835, -0.958147615,
Cor (2),   -0.204373835,  1.000000000,  0.442065302,
Cor (3),   -0.958147615,  0.442065302,  1.000000000,
VCV (1),    0.014882465, -0.000313339, -0.000175266,
VCV (2),   -0.000313339,  0.000157944,  0.000008330,
VCV (3),   -0.000175266,  0.000008330,  0.000002248,
St.dev,     0.121993711,  0.012567593,  0.001499432,
AutoCor,    0.787114739,  0.082075108,  0.464114783,

No.; 18; Score; 54390.431725449;
Markow Autoregressive (lag 1) bivariate joint 3 asset model uncond. params
uMean,      0.067464297, -0.010335877,  0.000197683,
VCV (1),    0.021151298,  0.001522092,  0.000164344,
VCV (2),    0.001522092,  0.013678627,  0.000140899,
VCV (3),    0.000164344,  0.000140899,  0.000008570,
Cor (1),    1.000000000,  0.089485155,  0.386007956,
Cor (2),    0.089485155,  1.000000000,  0.411526451,
Cor (3),    0.386007956,  0.411526451,  1.000000000,
St.dev,     0.145434858,  0.116955664,  0.002927439,
Skewness,  -0.190160693,  0.006500013, -0.030232875,
Kurtosis,  11.955399413,  0.229564859,  0.077468448,
AutoCor,    0.460307107,  0.032981789,  0.157735566,
Markow Autoregressive (lag 1) bivariate joint 3 asset model cond. params
uProb.,   0.122046180,  0.877953820,
Prob (1),   0.289304326,  0.710695674,
Prob (2),   0.098795279,  0.901204721,
Mean,      0.054790616, -0.012791988, -0.000315035,
Cor (1),    1.000000000,  0.653881550,  0.709695989,
Cor (2),    0.653881550,  1.000000000,  0.005589604,
Cor (3),    0.709695989,  0.005589604,  1.000000000,
VCV (1),    0.122804385,  0.013577901,  0.000853479,
VCV (2),    0.013577901,  0.003511181,  0.000001137,
VCV (3),    0.000853479,  0.000001137,  0.000011777,
St.dev,     0.350434566,  0.059255221,  0.003431732,
Mean,      0.069226092, -0.009994448,  0.000268958,
Cor (1),    1.000000000, -0.034664666,  0.443690851,
Cor (2),   -0.034664666,  1.000000000,  0.463338055,
Cor (3),    0.443690851,  0.463338055,  1.000000000,
VCV (1),    0.001889341, -0.000184994,  0.000054004,
VCV (2),   -0.000184994,  0.015074133,  0.000159295,
VCV (3),    0.000054004,  0.000159295,  0.000007841,
St.dev,     0.043466551,  0.122776760,  0.002800193,
AutoCor,    0.460592221,  0.032972131,  0.157595215,

No.; 19; Score; 55385.241438098;
Markow Autoregressive (lag 1) bivariate joint 3 asset model uncond. params
uMean,      0.044087475,  0.012121647, -0.000085990,
VCV (1),    0.063260700, -0.007949099,  0.000091531,
VCV (2),   -0.007949099,  0.010481360, -0.000011979,
VCV (3),    0.000091531, -0.000011979,  0.000001168,
Cor (1),    1.000000000, -0.308703879,  0.336733721,
Cor (2),   -0.308703879,  1.000000000, -0.108264034,
Cor (3),    0.336733721, -0.108264034,  1.000000000,
St.dev,     0.251516798,  0.102378513,  0.001080720,
Skewness,  -1.086022508, -0.002889317, -0.228162656,
Kurtosis,   0.946376325,  0.346911018,  0.410513850,
AutoCor,    0.079608037,  0.895877581,  0.686986247,
Markow Autoregressive (lag 1) bivariate joint 3 asset model cond. params
uProb.,   0.482840651,  0.517159349,
Prob (1),   0.526145306,  0.473854694,
Prob (2),   0.442409693,  0.557590307,
Mean,      0.192262826,  0.012623604,  0.000180179,
Cor (1),    1.000000000, -0.387523189, -0.586511847,
Cor (2),   -0.387523189,  1.000000000, -0.598558884,
Cor (3),   -0.586511847, -0.598558884,  1.000000000,
VCV (1),    0.000404216, -0.000026583, -0.000004637,
VCV (2),   -0.000026583,  0.000011642, -0.000000803,
VCV (3),   -0.000004637, -0.000000803,  0.000000155,
St.dev,     0.020105118,  0.003411972,  0.000393269,
Mean,     -0.094254959,  0.011652999, -0.000334496,
Cor (1),    1.000000000, -0.797207413,  0.390081668,
Cor (2),   -0.797207413,  1.000000000, -0.127010785,
Cor (3),    0.390081668, -0.127010785,  1.000000000,
VCV (1),    0.081810168, -0.014401815,  0.000104177,
VCV (2),   -0.014401815,  0.003989188, -0.000007490,
VCV (3),    0.000104177, -0.000007490,  0.000000872,
St.dev,     0.286024767,  0.063160019,  0.000933709,
AutoCor,    0.077629378,  0.895895809,  0.723200917,

No.; 20; Score; 56224.129627662;
Markow Autoregressive (lag 1) bivariate joint 3 asset model uncond. params
uMean,      0.053083685,  0.007073315,  0.000072450,
VCV (1),    0.035605134, -0.002453464,  0.000046084,
VCV (2),   -0.002453464,  0.015638832, -0.000051958,
VCV (3),    0.000046084, -0.000051958,  0.000002851,
Cor (1),    1.000000000, -0.103973154,  0.144648390,
Cor (2),   -0.103973154,  1.000000000, -0.246075547,
Cor (3),    0.144648390, -0.246075547,  1.000000000,
St.dev,     0.188693227,  0.125055314,  0.001688430,
Skewness,   0.632652386,  0.016204971,  0.171266695,
Kurtosis,   0.607544709,  0.442800519,  2.273173833,
AutoCor,    0.185594165,  0.763433855,  0.219064570,
Markow Autoregressive (lag 1) bivariate joint 3 asset model cond. params
uProb.,   0.538445691,  0.461554309,
Prob (1),   0.507950977,  0.492049023,
Prob (2),   0.574020589,  0.425979411,
Mean,     -0.027023536,  0.009075733,  0.000175040,
Cor (1),    1.000000000, -0.451111794,  0.457012050,
Cor (2),   -0.451111794,  1.000000000, -0.342056552,
Cor (3),    0.457012050, -0.342056552,  1.000000000,
VCV (1),    0.011457944, -0.005113254,  0.000109439,
VCV (2),   -0.005113254,  0.011212946, -0.000081030,
VCV (3),    0.000109439, -0.000081030,  0.000005005,
St.dev,     0.107041788,  0.105891198,  0.002237126,
Mean,      0.146536150,  0.004737311, -0.000047230,
Cor (1),    1.000000000,  0.297523735, -0.578504216,
Cor (2),    0.297523735,  1.000000000,  0.126650423,
Cor (3),   -0.578504216,  0.126650423,  1.000000000,
VCV (1),    0.043668362,  0.002002058, -0.000013765,
VCV (2),    0.002002058,  0.001036915,  0.000000464,
VCV (3),   -0.000013765,  0.000000464,  0.000000013,
St.dev,     0.208969763,  0.032201169,  0.000113862,
AutoCor,    0.252595669,  0.763682038,  0.220297922,

No.; 21; Score; 62065.867711835;
Markow Autoregressive (lag 1) bivariate joint 3 asset model uncond. params
uMean,      0.072143994, -0.008070625, -0.000138177,
VCV (1),    0.087492970,  0.001680323, -0.000392795,
VCV (2),    0.001680323,  0.003538667, -0.000007632,
VCV (3),   -0.000392795, -0.000007632,  0.000027706,
Cor (1),    1.000000000,  0.095496241, -0.252287066,
Cor (2),    0.095496241,  1.000000000, -0.024375626,
Cor (3),   -0.252287066, -0.024375626,  1.000000000,
St.dev,     0.295792106,  0.059486696,  0.005263618,
Skewness,   0.419613106,  0.000846963, -0.000318969,
Kurtosis,  -0.258191372,  0.125629139,  0.001076827,
AutoCor,    0.117491020,  0.262753790,  0.898214837,
Markow Autoregressive (lag 1) bivariate joint 3 asset model cond. params
uProb.,   0.217898178,  0.782101822,
Prob (1),   0.518530936,  0.481469064,
Prob (2),   0.134140120,  0.865859880,
Mean,     -0.192300439, -0.007914823, -0.000228285,
Cor (1),    1.000000000, -0.990213685,  0.974103466,
Cor (2),   -0.990213685,  1.000000000, -0.080298329,
Cor (3),    0.974103466, -0.080298329,  1.000000000,
VCV (1),    0.001990285, -0.003004986,  0.000104435,
VCV (2),   -0.003004986,  0.004627132, -0.000013126,
VCV (3),    0.000104435, -0.000013126,  0.000005775,
St.dev,     0.044612605,  0.068023024,  0.002403167,
Mean,      0.145819772, -0.008114032, -0.000113073,
Cor (1),    1.000000000,  0.187486505, -0.775520461,
Cor (2),    0.187486505,  1.000000000, -0.030683849,
Cor (3),   -0.775520461, -0.030683849,  1.000000000,
VCV (1),    0.086256857,  0.002977033, -0.000520991,
VCV (2),    0.002977033,  0.002923033, -0.000003795,
VCV (3),   -0.000520991, -0.000003795,  0.000005232,
St.dev,     0.293695177,  0.054065083,  0.002287392,
AutoCor,    0.041030759,  0.262753557,  0.898256794,

No.; 22; Score; 62645.138653919;
Markow Autoregressive (lag 1) bivariate joint 3 asset model uncond. params
uMean,      0.077187162, -0.003761009, -0.000128393,
VCV (1),    0.087318456, -0.002831563, -0.000076293,
VCV (2),   -0.002831563,  0.003800345, -0.000040676,
VCV (3),   -0.000076293, -0.000040676,  0.000005036,
Cor (1),    1.000000000, -0.155439620, -0.115053846,
Cor (2),   -0.155439620,  1.000000000, -0.294031159,
Cor (3),   -0.115053846, -0.294031159,  1.000000000,
St.dev,     0.295496965,  0.061646941,  0.002244037,
Skewness,   0.209286697,  0.326714284, -0.040550446,
Kurtosis,   0.942109193,  1.584200467,  0.371161781,
AutoCor,    0.455458483,  0.313390541,  0.890746966,
Markow Autoregressive (lag 1) bivariate joint 3 asset model cond. params
uProb.,   0.635605253,  0.364394747,
Prob (1),   0.590123516,  0.409876484,
Prob (2),   0.714937984,  0.285062016,
Mean,      0.105407225, -0.010875834, -0.000019878,
Cor (1),    1.000000000, -0.390853316, -0.828542866,
Cor (2),   -0.390853316,  1.000000000,  0.117137261,
Cor (3),   -0.828542866,  0.117137261,  1.000000000,
VCV (1),    0.105119697, -0.004485241, -0.000090824,
VCV (2),   -0.004485241,  0.001252737,  0.000001402,
VCV (3),   -0.000090824,  0.000001402,  0.000000114,
