Round No; 8; best result RLS; 19.348351880177

;;;
Statistical description of data for: Meginajums1
Calib/Tail/Per/Cur, 4176, 9999, 23, 0,
Title,    PE MARKET w  ,EQUITY LM SNP,REX BOND     ,
Mean,       0.000104436,  0.000075211,  0.000042226,
VCV (1),    0.033533792, -0.000018247, -0.000000770,
VCV (2),   -0.000018247,  0.000044333, -0.000000146,
VCV (3),   -0.000000770, -0.000000146,  0.000000045,
St.dev,     0.183122341,  0.006658326,  0.000210996,
Skewness,  -0.359429482, -0.013261914,  0.151860187,
Kurtosis,  20.092276212,  7.412958555, 34.388660560,
AutoCor,   -0.271804758, -0.019537378, -0.152000145,
No.; 1; Score; 19.348351880177;
Markow Autoregressive (lag 1) bivariate joint 3 asset model uncond. params
uMean,     -0.051879967,  0.000303282,  0.000021646,
VCV (1),    0.022401024,  0.000088005,  0.000002702,
VCV (2),    0.000088005,  0.000060706, -0.000000527,
VCV (3),    0.000002702, -0.000000527,  0.000000117,
Cor (1),    1.000000000,  0.075466837,  0.052828239,
Cor (2),    0.075466837,  1.000000000, -0.197986606,
Cor (3),    0.052828239, -0.197986606,  1.000000000,
St.dev,     0.149669717,  0.007791396,  0.000341760,
Skewness,  -0.448927867, -0.264308126,  0.023315041,
Kurtosis,   0.140181638,  0.156640878,  0.013094713,
AutoCor,   -0.093858575, -0.426005434,  0.289467548,
Markow Autoregressive (lag 1) bivariate joint 3 asset model cond. params
uProb.,   0.555765677,  0.444234323,
Prob (1),   0.391259103,  0.608740897,
Prob (2),   0.761573969,  0.238426031,
Mean,      0.019696122,  0.002933500, -0.000015004,
Cor (1),    1.000000000, -0.485838631,  0.395651604,
Cor (2),   -0.485838631,  1.000000000,  0.089796618,
Cor (3),    0.395651604,  0.089796618,  1.000000000,
VCV (1),    0.010812399, -0.000273254,  0.000012876,
VCV (2),   -0.000273254,  0.000029257,  0.000000152,
VCV (3),    0.000012876,  0.000000152,  0.000000098,
St.dev,     0.103982684,  0.005408963,  0.000312965,
Mean,     -0.141426252, -0.002987290,  0.000067498,
Cor (1),    1.000000000,  0.006400761, -0.053611139,
Cor (2),    0.006400761,  1.000000000, -0.475946580,
Cor (3),   -0.053611139, -0.475946580,  1.000000000,
VCV (1),    0.022460894,  0.000007329, -0.000002706,
VCV (2),    0.000007329,  0.000058369, -0.000001225,
VCV (3),   -0.000002706, -0.000001225,  0.000000113,
St.dev,     0.149869592,  0.007639972,  0.000336780,
AutoCor,    0.016943708, -0.435265548,  0.299098849,

No.; 2; Score; 26.603983835243;
Markow Autoregressive (lag 1) bivariate joint 3 asset model uncond. params
uMean,     -0.019484833,  0.002078335,  0.000072648,
VCV (1),    0.048700765, -0.000319689,  0.000000656,
VCV (2),   -0.000319689,  0.000078395, -0.000000568,
VCV (3),    0.000000656, -0.000000568,  0.000000069,
Cor (1),    1.000000000, -0.163611673,  0.011337368,
Cor (2),   -0.163611673,  1.000000000, -0.244588009,
Cor (3),    0.011337368, -0.244588009,  1.000000000,
St.dev,     0.220682498,  0.008854118,  0.000262298,
Skewness,  -0.154499435,  0.198176551,  0.072546864,
Kurtosis,   0.126414576,  0.016080827, -0.011769067,
AutoCor,    0.183486993,  0.402836309,  0.119758729,
Markow Autoregressive (lag 1) bivariate joint 3 asset model cond. params
uProb.,   0.518496752,  0.481503248,
Prob (1),   0.285736023,  0.714263977,
Prob (2),   0.769140299,  0.230859701,
Mean,      0.033148640,  0.005625440, -0.000014935,
Cor (1),    1.000000000, -0.999486092,  0.523752190,
Cor (2),   -0.999486092,  1.000000000, -0.136448499,
Cor (3),    0.523752190, -0.136448499,  1.000000000,
VCV (1),    0.033425630, -0.001377341,  0.000022159,
VCV (2),   -0.001377341,  0.000056813, -0.000000238,
VCV (3),    0.000022159, -0.000000238,  0.000000054,
St.dev,     0.182826776,  0.007537461,  0.000231410,
Mean,     -0.076162094, -0.001741292,  0.000166959,
Cor (1),    1.000000000,  0.452518925, -0.218149714,
Cor (2),    0.452518925,  1.000000000, -0.131378709,
Cor (3),   -0.218149714, -0.131378709,  1.000000000,
VCV (1),    0.054061382,  0.000546048, -0.000012724,
VCV (2),    0.000546048,  0.000026934, -0.000000171,
VCV (3),   -0.000012724, -0.000000171,  0.000000063,
St.dev,     0.232511036,  0.005189795,  0.000250866,
AutoCor,    0.227002302,  0.588001054,  0.202052951,

No.; 3; Score; 33.85961579031;
Markow Autoregressive (lag 1) bivariate joint 3 asset model uncond. params
uMean,     -0.000886762, -0.000485339,  0.000038068,
VCV (1),    1.687469514,  0.000127548, -0.000024274,
VCV (2),    0.000127548,  0.000042979, -0.000000031,
VCV (3),   -0.000024274, -0.000000031,  0.000000061,
Cor (1),    1.000000000,  0.014977144, -0.075418714,
Cor (2),    0.014977144,  1.000000000, -0.019375309,
Cor (3),   -0.075418714, -0.019375309,  1.000000000,
St.dev,     1.299026372,  0.006555841,  0.000247772,
Skewness,  -0.000508830,  0.000310585,  0.143503792,
Kurtosis,   0.001531847,  0.010146878,  0.116021866,
AutoCor,    0.992171560, -0.240551782,  0.396994775,
Markow Autoregressive (lag 1) bivariate joint 3 asset model cond. params
uProb.,   0.578689922,  0.421310078,
Prob (1),   0.399208225,  0.600791775,
Prob (2),   0.825216780,  0.174783220,
Mean,      0.050611430, -0.000495310, -0.000015823,
Cor (1),    1.000000000, -0.276365975,  0.504233147,
Cor (2),   -0.276365975,  1.000000000,  0.073207263,
Cor (3),    0.504233147,  0.073207263,  1.000000000,
VCV (1),    0.008988686, -0.000162176,  0.000008977,
VCV (2),   -0.000162176,  0.000038310,  0.000000085,
VCV (3),    0.000008977,  0.000000085,  0.000000035,
St.dev,     0.094808684,  0.006189479,  0.000187778,
Mean,     -0.071622037, -0.000471642,  0.000112090,
Cor (1),    1.000000000,  0.568534550, -0.995835261,
Cor (2),    0.568534550,  1.000000000, -0.125153123,
Cor (3),   -0.995835261, -0.125153123,  1.000000000,
VCV (1),    0.025614237,  0.000600053, -0.000038944,
VCV (2),    0.000600053,  0.000043489, -0.000000202,
VCV (3),   -0.000038944, -0.000000202,  0.000000060,
St.dev,     0.160044483,  0.006594651,  0.000244353,
AutoCor,    0.995239606, -0.240551192,  0.454189181,

No.; 4; Score; 41.115247745376;
Markow Autoregressive (lag 1) bivariate joint 3 asset model uncond. params
uMean,     -0.038025570, -0.000389720,  0.000013248,
VCV (1),    0.052944254, -0.000041502, -0.000004897,
VCV (2),   -0.000041502,  0.000082860,  0.000000350,
VCV (3),   -0.000004897,  0.000000350,  0.000000090,
Cor (1),    1.000000000, -0.019814862, -0.070816081,
Cor (2),   -0.019814862,  1.000000000,  0.127801391,
Cor (3),   -0.070816081,  0.127801391,  1.000000000,
St.dev,     0.230096184,  0.009102740,  0.000300537,
Skewness,   0.157736449,  0.155749028, -0.005147706,
Kurtosis,  -0.361097517,  0.231720296,  0.004206696,
AutoCor,   -0.068883365, -0.434339208, -0.195461977,
Markow Autoregressive (lag 1) bivariate joint 3 asset model cond. params
uProb.,   0.468138361,  0.531861639,
Prob (1),   0.062937460,  0.937062540,
Prob (2),   0.824791431,  0.175208569,
Mean,      0.125552549, -0.002186795, -0.000001490,
Cor (1),    1.000000000, -0.706883553,  0.389096428,
Cor (2),   -0.706883553,  1.000000000, -0.121031018,
Cor (3),    0.389096428, -0.121031018,  1.000000000,
VCV (1),    0.026428201, -0.000703223,  0.000019020,
VCV (2),   -0.000703223,  0.000037448, -0.000000223,
VCV (3),    0.000019020, -0.000000223,  0.000000090,
St.dev,     0.162567526,  0.006119437,  0.000300691,
Mean,     -0.182005108,  0.001192045,  0.000026221,
Cor (1),    1.000000000,  0.848685917, -0.564804987,
Cor (2),    0.848685917,  1.000000000,  0.276030959,
Cor (3),   -0.564804987,  0.276030959,  1.000000000,
VCV (1),    0.018927496,  0.001111398, -0.000022452,
VCV (2),    0.001111398,  0.000090605,  0.000000759,
VCV (3),   -0.000022452,  0.000000759,  0.000000083,
St.dev,     0.137577236,  0.009518661,  0.000288941,
AutoCor,    0.486389509, -0.422704512, -0.194260526,

No.; 5; Score; 48.370879700443;
Markow Autoregressive (lag 1) bivariate joint 3 asset model uncond. params
uMean,     -0.005960353, -0.002113665,  0.000059969,
VCV (1),    0.030463246, -0.000045926,  0.000009004,
VCV (2),   -0.000045926,  0.000099907,  0.000000149,
VCV (3),    0.000009004,  0.000000149,  0.000000093,
Cor (1),    1.000000000, -0.026324950,  0.169579709,
Cor (2),   -0.026324950,  1.000000000,  0.049162278,
Cor (3),    0.169579709,  0.049162278,  1.000000000,
St.dev,     0.174537233,  0.009995357,  0.000304214,
Skewness,  -0.294953283, -0.066888726, -0.256580699,
Kurtosis,   1.756019972, -0.000100076,  0.328422398,
AutoCor,    0.093211759,  0.024384914,  0.409667713,
Markow Autoregressive (lag 1) bivariate joint 3 asset model cond. params
uProb.,   0.569776308,  0.430223692,
Prob (1),   0.281901049,  0.718098951,
Prob (2),   0.951030307,  0.048969693,
Mean,      0.013606947,  0.000696068, -0.000006288,
Cor (1),    1.000000000, -0.851610115,  0.514816643,
Cor (2),   -0.851610115,  1.000000000,  0.395839099,
Cor (3),    0.514816643,  0.395839099,  1.000000000,
VCV (1),    0.009336269, -0.000750969,  0.000015639,
VCV (2),   -0.000750969,  0.000083289,  0.000001136,
VCV (3),    0.000015639,  0.000001136,  0.000000099,
St.dev,     0.096624371,  0.009126291,  0.000314385,
Mean,     -0.031874742, -0.005834797,  0.000147719,
Cor (1),    1.000000000,  0.311051640,  0.079909368,
Cor (2),    0.311051640,  1.000000000, -0.417975389,
Cor (3),    0.079909368, -0.417975389,  1.000000000,
VCV (1),    0.056480528,  0.000721659,  0.000002934,
VCV (2),    0.000721659,  0.000095302, -0.000000630,
VCV (3),    0.000002934, -0.000000630,  0.000000024,
St.dev,     0.237656323,  0.009762253,  0.000154487,
AutoCor,    0.106116071,  0.105444902,  0.481984592,

