Round No; 2; best result RLS; 443.97494594183

;;;
Statistical description of data for: Meginajums1
Calib/Tail/Per/Cur, 4176, 9999, 23, 0,
Title,    PE MARKET w  ,EQUITY LM SNP,REX BOND     ,
Mean,       0.000104436,  0.000075211,  0.000042226,
VCV (1),    0.033533792, -0.000018247, -0.000000770,
VCV (2),   -0.000018247,  0.000044333, -0.000000146,
VCV (3),   -0.000000770, -0.000000146,  0.000000045,
St.dev,     0.183122341,  0.006658326,  0.000210996,
Skewness,  -0.359429482, -0.013261914,  0.151860187,
Kurtosis,  20.092276212,  7.412958555, 34.388660560,
AutoCor,   -0.271804758, -0.019537378, -0.152000145,
No.; 1; Score; 443.97494594183;
Markow Autoregressive (lag 1) bivariate joint 3 asset model uncond. params
uMean,      0.010667073, -0.000265616,  0.000235126,
VCV (1),    0.030687479, -0.000344839, -0.000219920,
VCV (2),   -0.000344839,  0.000141410,  0.000015089,
VCV (3),   -0.000219920,  0.000015089,  0.000016667,
Cor (1),    1.000000000, -0.165537745, -0.307508147,
Cor (2),   -0.165537745,  1.000000000,  0.310811852,
Cor (3),   -0.307508147,  0.310811852,  1.000000000,
St.dev,     0.175178420,  0.011891574,  0.004082508,
Skewness,   0.014507941,  0.961326282, -0.009025187,
Kurtosis,   0.225590758,  1.438861654,  0.146516931,
AutoCor,    0.869430658,  0.337179157,  0.383898254,
Markow Autoregressive (lag 1) bivariate joint 3 asset model cond. params
uProb.,   0.715839740,  0.284160260,
Prob (1),   0.805475943,  0.194524057,
Prob (2),   0.490033513,  0.509966487,
Mean,      0.013556416, -0.004430068,  0.000199781,
Cor (1),    1.000000000, -0.343973085, -0.551000152,
Cor (2),   -0.343973085,  1.000000000,  0.336611502,
Cor (3),   -0.551000152,  0.336611502,  1.000000000,
VCV (1),    0.010187635, -0.000232888, -0.000225225,
VCV (2),   -0.000232888,  0.000044996,  0.000009144,
VCV (3),   -0.000225225,  0.000009144,  0.000016400,
St.dev,     0.100933816,  0.006707904,  0.004049745,
Mean,      0.003388410,  0.010225225,  0.000324163,
Cor (1),    1.000000000, -0.549656060,  0.723080018,
Cor (2),   -0.549656060,  1.000000000,  0.539420943,
Cor (3),    0.723080018,  0.539420943,  1.000000000,
VCV (1),    0.000606721, -0.000186208,  0.000052485,
VCV (2),   -0.000186208,  0.000189159,  0.000021862,
VCV (3),    0.000052485,  0.000021862,  0.000008684,
St.dev,     0.024631707,  0.013753514,  0.002946840,
AutoCor,    0.869810575,  0.346897109,  0.383911182,

No.; 2; Score; 2354.8571649592;
Markow Autoregressive (lag 1) bivariate joint 3 asset model uncond. params
uMean,     -0.032269749,  0.003150230, -0.000236031,
VCV (1),    0.026671884,  0.001009908,  0.000040388,
VCV (2),    0.001009908,  0.000376187, -0.000032413,
VCV (3),    0.000040388, -0.000032413,  0.000030704,
Cor (1),    1.000000000,  0.318825511,  0.044630341,
Cor (2),    0.318825511,  1.000000000, -0.301591413,
Cor (3),    0.044630341, -0.301591413,  1.000000000,
St.dev,     0.163315291,  0.019395550,  0.005541075,
Skewness,   0.141687586, -0.480591622,  0.010219112,
Kurtosis,  -1.886181124,  0.555627060,  0.146335152,
AutoCor,    0.301220080,  0.231511566,  0.421339376,
Markow Autoregressive (lag 1) bivariate joint 3 asset model cond. params
uProb.,   0.463150866,  0.536849134,
Prob (1),   0.620050466,  0.379949534,
Prob (2),   0.327790332,  0.672209668,
Mean,      0.141473192,  0.010515924, -0.000142652,
Cor (1),    1.000000000,  0.594850818,  0.353694574,
Cor (2),    0.594850818,  1.000000000,  0.557309319,
Cor (3),    0.353694574,  0.557309319,  1.000000000,
VCV (1),    0.000337414,  0.000124249,  0.000036790,
VCV (2),    0.000124249,  0.000129303,  0.000035886,
VCV (3),    0.000036790,  0.000035886,  0.000032066,
St.dev,     0.018368822,  0.011371152,  0.005662668,
Mean,     -0.182161382, -0.003204306, -0.000316592,
Cor (1),    1.000000000, -0.629382483,  0.042401594,
Cor (2),   -0.629382483,  1.000000000, -0.907041820,
Cor (3),    0.042401594, -0.907041820,  1.000000000,
VCV (1),    0.000351687, -0.000256295,  0.000003499,
VCV (2),   -0.000256295,  0.000471516, -0.000086666,
VCV (3),    0.000003499, -0.000086666,  0.000019362,
St.dev,     0.018753320,  0.021714415,  0.004400233,
AutoCor,    0.672030744,  0.222879117,  0.421371009,

No.; 3; Score; 2418.8723839472;
Markow Autoregressive (lag 1) bivariate joint 3 asset model uncond. params
uMean,      0.037586590, -0.007226364, -0.000167440,
VCV (1),    0.039559888, -0.001321282, -0.000006279,
VCV (2),   -0.001321282,  0.000648189,  0.000000305,
VCV (3),   -0.000006279,  0.000000305,  0.000000086,
Cor (1),    1.000000000, -0.260925848, -0.107692252,
Cor (2),   -0.260925848,  1.000000000,  0.040821675,
Cor (3),   -0.107692252,  0.040821675,  1.000000000,
St.dev,     0.198896677,  0.025459564,  0.000293149,
Skewness,   0.001603417, -0.015973413,  1.048936706,
Kurtosis,   0.007664904, -0.013245932, 49.427215965,
AutoCor,    0.174543276,  0.784307487,  0.355115118,
Markow Autoregressive (lag 1) bivariate joint 3 asset model cond. params
uProb.,   0.949510920,  0.050489080,
Prob (1),   0.974227303,  0.025772697,
Prob (2),   0.484688119,  0.515311881,
Mean,      0.038068826, -0.008181712, -0.000173328,
Cor (1),    1.000000000, -0.395892479,  0.474543124,
Cor (2),   -0.395892479,  1.000000000,  0.761938926,
Cor (3),    0.474543124,  0.761938926,  1.000000000,
VCV (1),    0.038809079, -0.001213305,  0.000001016,
VCV (2),   -0.001213305,  0.000242020,  0.000000129,
VCV (3),    0.000001016,  0.000000129,  0.000000000,
St.dev,     0.197000201,  0.015557008,  0.000010870,
Mean,      0.028517545,  0.010740154, -0.000056712,
Cor (1),    1.000000000,  0.239573199, -0.643635175,
Cor (2),    0.239573199,  1.000000000,  0.033726072,
Cor (3),   -0.643635175,  0.033726072,  1.000000000,
VCV (1),    0.029734714,  0.000414359, -0.000134800,
VCV (2),    0.000414359,  0.000100604,  0.000000411,
VCV (3),   -0.000134800,  0.000000411,  0.000001475,
St.dev,     0.172437566,  0.010030143,  0.001214562,
AutoCor,    0.174508449,  0.792325365,  0.354087526,

No.; 4; Score; 3428.2568517063;
Markow Autoregressive (lag 1) bivariate joint 3 asset model uncond. params
uMean,     -0.121491201,  0.006621750, -0.000224945,
VCV (1),    0.027851313, -0.000715234,  0.000480755,
VCV (2),   -0.000715234,  0.000929297,  0.000012374,
VCV (3),    0.000480755,  0.000012374,  0.000022547,
Cor (1),    1.000000000, -0.140588008,  0.606676751,
Cor (2),   -0.140588008,  1.000000000,  0.085487056,
Cor (3),    0.606676751,  0.085487056,  1.000000000,
St.dev,     0.166887127,  0.030484376,  0.004748364,
Skewness,   0.135446084, -0.657287195, -0.034921195,
Kurtosis,   0.728848790,  6.971402202,  0.370796416,
AutoCor,    0.198451553,  0.174615437,  0.628556307,
Markow Autoregressive (lag 1) bivariate joint 3 asset model cond. params
uProb.,   0.730813752,  0.269186248,
Prob (1),   0.708520859,  0.291479141,
Prob (2),   0.791336728,  0.208663272,
Mean,     -0.130887942,  0.009307625, -0.000328591,
Cor (1),    1.000000000,  0.520651817,  0.866520695,
Cor (2),    0.520651817,  1.000000000,  0.103982434,
Cor (3),    0.866520695,  0.103982434,  1.000000000,
VCV (1),    0.018294502,  0.000391100,  0.000499673,
VCV (2),    0.000391100,  0.000030843,  0.000002462,
VCV (3),    0.000499673,  0.000002462,  0.000018176,
St.dev,     0.135257169,  0.005553669,  0.004263311,
Mean,     -0.095979990, -0.000670132,  0.000056446,
Cor (1),    1.000000000, -0.270946264,  0.819853514,
Cor (2),   -0.270946264,  1.000000000,  0.601500262,
Cor (3),    0.819853514,  0.601500262,  1.000000000,
VCV (1),    0.048766842, -0.003377325,  0.000194966,
VCV (2),   -0.003377325,  0.003186066,  0.000036561,
VCV (3),    0.000194966,  0.000036561,  0.000001160,
St.dev,     0.220832158,  0.056445246,  0.001076861,
AutoCor,    0.200893501,  0.180157645,  0.629477680,

No.; 5; Score; 3488.2643347097;
Markow Autoregressive (lag 1) bivariate joint 3 asset model uncond. params
uMean,      0.012730148, -0.009227243,  0.000187764,
VCV (1),    0.030668108,  0.003425706,  0.000011255,
VCV (2),    0.003425706,  0.001210809,  0.000020806,
VCV (3),    0.000011255,  0.000020806,  0.000007929,
Cor (1),    1.000000000,  0.562171464,  0.022823642,
Cor (2),    0.562171464,  1.000000000,  0.212340711,
Cor (3),    0.022823642,  0.212340711,  1.000000000,
St.dev,     0.175123122,  0.034796675,  0.002815874,
Skewness,   3.703339494,  0.125239655,  0.001141226,
Kurtosis,  59.180052707,  5.399011932,  0.054341288,
AutoCor,    0.290784171,  0.637933620,  0.804161608,
Markow Autoregressive (lag 1) bivariate joint 3 asset model cond. params
uProb.,   0.045269528,  0.954730472,
Prob (1),   0.758059675,  0.241940325,
Prob (2),   0.011471849,  0.988528151,
Mean,      0.249252609, -0.004029868,  0.000229735,
Cor (1),    1.000000000,  0.973682402, -0.079499230,
Cor (2),    0.973682402,  1.000000000, -0.556683367,
Cor (3),   -0.079499230, -0.556683367,  1.000000000,
VCV (1),    0.573444132,  0.055574210, -0.000134731,
VCV (2),    0.055574210,  0.005680948, -0.000093902,
VCV (3),   -0.000134731, -0.000093902,  0.000005009,
St.dev,     0.757260940,  0.075372066,  0.002237988,
Mean,      0.001515192, -0.009473681,  0.000185774,
Cor (1),    1.000000000,  0.810533224,  0.499454256,
Cor (2),    0.810533224,  1.000000000,  0.417707208,
Cor (3),    0.499454256,  0.417707208,  1.000000000,
VCV (1),    0.000354112,  0.000334906,  0.000015435,
VCV (2),    0.000334906,  0.000482129,  0.000015062,
VCV (3),    0.000015435,  0.000015062,  0.000002697,
St.dev,     0.018817859,  0.021957427,  0.001642215,
AutoCor,    0.247627386,  0.637818560,  0.804162214,

No.; 6; Score; 4232.3302679349;
Markow Autoregressive (lag 1) bivariate joint 3 asset model uncond. params
uMean,      0.049027560,  0.005533316, -0.000281376,
VCV (1),    0.045865684, -0.000023435, -0.000403103,
VCV (2),   -0.000023435,  0.000183182,  0.000008068,
VCV (3),   -0.000403103,  0.000008068,  0.000044736,
Cor (1),    1.000000000, -0.008085058, -0.281411975,
Cor (2),   -0.008085058,  1.000000000,  0.089129094,
Cor (3),   -0.281411975,  0.089129094,  1.000000000,
St.dev,     0.214162752,  0.013534460,  0.006688512,
Skewness,   0.944895038, -0.042745047, -0.013260646,
Kurtosis,   2.020452036, -0.003435499,  0.233899427,
AutoCor,    0.356098078,  0.677850088,  0.724709520,
Markow Autoregressive (lag 1) bivariate joint 3 asset model cond. params
uProb.,   0.252478073,  0.747521927,
Prob (1),   0.090440978,  0.909559022,
Prob (2),   0.307206654,  0.692793346,
Mean,      0.218139657,  0.010850159, -0.000068744,
Cor (1),    1.000000000,  0.876631702, -0.430913822,
Cor (2),    0.876631702,  1.000000000, -0.728627933,
Cor (3),   -0.430913822, -0.728627933,  1.000000000,
VCV (1),    0.077367068,  0.001774666, -0.000099307,
VCV (2),    0.001774666,  0.000052972, -0.000004394,
VCV (3),   -0.000099307, -0.000004394,  0.000000686,
St.dev,     0.278149363,  0.007278158,  0.000828539,
Mean,     -0.008090626,  0.003737535, -0.000353193,
Cor (1),    1.000000000, -0.925522683, -0.604831506,
Cor (2),   -0.925522683,  1.000000000,  0.124987004,
Cor (3),   -0.604831506,  0.124987004,  1.000000000,
VCV (1),    0.009758919, -0.000875088, -0.000316984,
VCV (2),   -0.000875088,  0.000091607,  0.000006346,
VCV (3),   -0.000316984,  0.000006346,  0.000028145,
St.dev,     0.098787239,  0.009571141,  0.005305205,
AutoCor,    0.508930743,  0.727043815,  0.725031000,

No.; 7; Score; 6715.8976954852;
Markow Autoregressive (lag 1) bivariate joint 3 asset model uncond. params
uMean,      0.040758758, -0.003975785,  0.000293105,
VCV (1),    0.038484066,  0.001997706, -0.000058147,
VCV (2),    0.001997706,  0.002064172,  0.000004008,
VCV (3),   -0.000058147,  0.000004008,  0.000000196,
Cor (1),    1.000000000,  0.224139371, -0.669829527,
Cor (2),    0.224139371,  1.000000000,  0.199363692,
Cor (3),   -0.669829527,  0.199363692,  1.000000000,
St.dev,     0.196173562,  0.045433162,  0.000442511,
Skewness,   1.051159954, -0.143488882,  0.036507438,
Kurtosis,   0.959434936,  1.765943521,  1.120935174,
AutoCor,    0.021234031,  0.170274539,  0.257852622,
Markow Autoregressive (lag 1) bivariate joint 3 asset model cond. params
uProb.,   0.480148396,  0.519851604,
Prob (1),   0.490278332,  0.509721668,
Prob (2),   0.470792125,  0.529207875,
Mean,      0.158110739, -0.006924903,  0.000302292,
Cor (1),    1.000000000,  0.316003510, -0.930193921,
Cor (2),    0.316003510,  1.000000000,  0.396601157,
Cor (3),   -0.930193921,  0.396601157,  1.000000000,
VCV (1),    0.049806166,  0.004255844, -0.000114989,
VCV (2),    0.004255844,  0.003641703,  0.000013257,
VCV (3),   -0.000114989,  0.000013257,  0.000000307,
St.dev,     0.223172950,  0.060346527,  0.000553910,
Mean,     -0.067630568, -0.001251904,  0.000284619,
Cor (1),    1.000000000,  0.393177435, -0.445687719,
Cor (2),    0.393177435,  1.000000000, -0.847901741,
Cor (3),   -0.445687719, -0.847901741,  1.000000000,
VCV (1),    0.003534535,  0.000510093, -0.000006914,
VCV (2),    0.000510093,  0.000476200, -0.000004828,
VCV (3),   -0.000006914, -0.000004828,  0.000000068,
St.dev,     0.059451954,  0.021822009,  0.000260940,
AutoCor,    0.022096920,  0.170863647,  0.257947559,

No.; 8; Score; 6745.9384291705;
Markow Autoregressive (lag 1) bivariate joint 3 asset model uncond. params
uMean,      0.117904656, -0.000873151,  0.000144718,
VCV (1),    0.046202423, -0.000166885, -0.000100995,
VCV (2),   -0.000166885,  0.001019248,  0.000086516,
VCV (3),   -0.000100995,  0.000086516,  0.000032237,
Cor (1),    1.000000000, -0.024318929, -0.082753779,
Cor (2),   -0.024318929,  1.000000000,  0.477285824,
Cor (3),   -0.082753779,  0.477285824,  1.000000000,
St.dev,     0.214947488,  0.031925671,  0.005677791,
Skewness,  -0.353793477,  0.000186739,  0.069659897,
Kurtosis,   0.257403298,  0.011211632,  0.882903252,
AutoCor,    0.381882047,  0.710124560,  0.057358028,
Markow Autoregressive (lag 1) bivariate joint 3 asset model cond. params
uProb.,   0.239467670,  0.760532330,
Prob (1),   0.518218311,  0.481781689,
Prob (2),   0.151697875,  0.848302125,
Mean,     -0.076328137, -0.000807219, -0.000287191,
Cor (1),    1.000000000,  0.343029482,  0.601009270,
Cor (2),    0.343029482,  1.000000000, -0.104013021,
Cor (3),    0.601009270, -0.104013021,  1.000000000,
VCV (1),    0.039133216,  0.001640996,  0.000107476,
VCV (2),    0.001640996,  0.000584799, -0.000002274,
VCV (3),    0.000107476, -0.000002274,  0.000000817,
St.dev,     0.197821172,  0.024182615,  0.000903974,
Mean,      0.179062443, -0.000893910,  0.000280713,
Cor (1),    1.000000000, -0.190007793, -0.189204148,
Cor (2),   -0.190007793,  1.000000000,  0.774588310,
Cor (3),   -0.189204148,  0.774588310,  1.000000000,
VCV (1),    0.026043013, -0.000671951, -0.000197683,
VCV (2),   -0.000671951,  0.000480221,  0.000109897,
VCV (3),   -0.000197683,  0.000109897,  0.000041917,
St.dev,     0.161378479,  0.021913935,  0.006474319,
AutoCor,    0.387198458,  0.710125022,  0.056793696,

No.; 9; Score; 9767.1873010192;
Markow Autoregressive (lag 1) bivariate joint 3 asset model uncond. params
uMean,     -0.000213056,  0.010631141,  0.000104769,
VCV (1),    0.041682682,  0.005037062,  0.000249242,
VCV (2),    0.005037062,  0.002629376, -0.000063437,
VCV (3),    0.000249242, -0.000063437,  0.000004185,
Cor (1),    1.000000000,  0.481141793,  0.596736916,
Cor (2),    0.481141793,  1.000000000, -0.604717712,
Cor (3),    0.596736916, -0.604717712,  1.000000000,
St.dev,     0.204163371,  0.051277443,  0.002045791,
Skewness,  -1.519294639,  0.020689294,  0.043461168,
Kurtosis,   6.067440959,  0.135057938,  0.134656638,
AutoCor,    0.218560807,  0.457148984,  0.115515025,
Markow Autoregressive (lag 1) bivariate joint 3 asset model cond. params
uProb.,   0.089468786,  0.910531214,
Prob (1),   0.251295376,  0.748704624,
Prob (2),   0.073567707,  0.926432293,
Mean,     -0.295839118,  0.005248377, -0.000324215,
Cor (1),    1.000000000, -0.680619965,  0.481332977,
Cor (2),   -0.680619965,  1.000000000,  0.254826451,
Cor (3),    0.481332977,  0.254826451,  1.000000000,
VCV (1),    0.152314860, -0.005149944,  0.000198884,
VCV (2),   -0.005149944,  0.000375884,  0.000005231,
VCV (3),    0.000198884,  0.000005231,  0.000001121,
St.dev,     0.390275364,  0.019387717,  0.001058724,
Mean,      0.028835157,  0.011160052,  0.000146921,
Cor (1),    1.000000000,  0.802445685,  0.797678145,
Cor (2),    0.802445685,  1.000000000, -0.671287183,
Cor (3),    0.797678145, -0.671287183,  1.000000000,
VCV (1),    0.019472076,  0.005304407,  0.000233637,
VCV (2),    0.005304407,  0.002244037, -0.000066747,
VCV (3),    0.000233637, -0.000066747,  0.000004406,
St.dev,     0.139542380,  0.047371271,  0.002098981,
AutoCor,    0.229156001,  0.457451860,  0.115245067,

No.; 10; Score; 9790.660859564;
Markow Autoregressive (lag 1) bivariate joint 3 asset model uncond. params
uMean,      0.066737987, -0.002582311,  0.000087832,
VCV (1),    0.029778070, -0.000450878, -0.000002427,
VCV (2),   -0.000450878,  0.003006179,  0.000069819,
VCV (3),   -0.000002427,  0.000069819,  0.000012077,
Cor (1),    1.000000000, -0.047654414, -0.004046696,
Cor (2),   -0.047654414,  1.000000000,  0.366426094,
Cor (3),   -0.004046696,  0.366426094,  1.000000000,
St.dev,     0.172563236,  0.054828631,  0.003475180,
Skewness,  -0.352686983,  0.104789764,  0.070747064,
Kurtosis,   2.097768397,  0.976973911,  0.505353807,
AutoCor,    0.271828425,  0.300348282,  0.690788897,
Markow Autoregressive (lag 1) bivariate joint 3 asset model cond. params
uProb.,   0.582148909,  0.417851091,
Prob (1),   0.362540931,  0.637459069,
Prob (2),   0.888106097,  0.111893903,
Mean,      0.087448775,  0.000265559, -0.000099457,
Cor (1),    1.000000000, -0.664304648, -0.636061976,
Cor (2),   -0.664304648,  1.000000000,  0.877078992,
Cor (3),   -0.636061976,  0.877078992,  1.000000000,
VCV (1),    0.004965975, -0.003048799, -0.000054043,
VCV (2),   -0.003048799,  0.004241490,  0.000068870,
VCV (3),   -0.000054043,  0.000068870,  0.000001454,
St.dev,     0.070469676,  0.065126725,  0.001205686,
Mean,      0.037883777, -0.006549955,  0.000348763,
Cor (1),    1.000000000,  0.527568247,  0.094619684,
Cor (2),    0.527568247,  1.000000000,  0.425471541,
Cor (3),    0.094619684,  0.425471541,  1.000000000,
VCV (1),    0.057117311,  0.003083437,  0.000080989,
VCV (2),    0.003083437,  0.000598060,  0.000037265,
VCV (3),    0.000080989,  0.000037265,  0.000012827,
St.dev,     0.238992283,  0.024455271,  0.003581454,
AutoCor,    0.288158424,  0.303464358,  0.695730915,

No.; 11; Score; 10318.630229764;
Markow Autoregressive (lag 1) bivariate joint 3 asset model uncond. params
uMean,      0.011432400,  0.005443677, -0.000114916,
VCV (1),    0.044704781, -0.000262092, -0.000049143,
VCV (2),   -0.000262092,  0.002375766,  0.000039979,
VCV (3),   -0.000049143,  0.000039979,  0.000002529,
Cor (1),    1.000000000, -0.025431634, -0.146162287,
Cor (2),   -0.025431634,  1.000000000,  0.515793912,
Cor (3),   -0.146162287,  0.515793912,  1.000000000,
St.dev,     0.211435052,  0.048741832,  0.001590202,
Skewness,  -1.028646845, -0.051328128, -0.111632216,
Kurtosis,   3.042058764,  0.043768863,  0.293956512,
AutoCor,    0.539437677,  0.223598438,  0.431474164,
Markow Autoregressive (lag 1) bivariate joint 3 asset model cond. params
uProb.,   0.226573509,  0.773426491,
Prob (1),   0.141606619,  0.858393381,
Prob (2),   0.251464363,  0.748535637,
Mean,     -0.154842146, -0.009668947,  0.000227867,
Cor (1),    1.000000000, -0.520798222, -0.891568036,
Cor (2),   -0.520798222,  1.000000000, -0.684730558,
Cor (3),   -0.891568036, -0.684730558,  1.000000000,
VCV (1),    0.082621887, -0.007602665, -0.000174532,
VCV (2),   -0.007602665,  0.002579275, -0.000023683,
VCV (3),   -0.000174532, -0.000023683,  0.000000464,
St.dev,     0.287440232,  0.050786559,  0.000681039,
Mean,      0.060142146,  0.009870886, -0.000215333,
Cor (1),    1.000000000,  0.778838796,  0.429366371,
Cor (2),    0.778838796,  1.000000000,  0.771407506,
Cor (3),    0.429366371,  0.771407506,  1.000000000,
VCV (1),    0.001040381,  0.001142185,  0.000021756,
VCV (2),    0.001142185,  0.002067213,  0.000055097,
VCV (3),    0.000021756,  0.000055097,  0.000002468,
St.dev,     0.032254941,  0.045466611,  0.001570917,
AutoCor,    0.683097906,  0.233261420,  0.438944504,

No.; 12; Score; 10415.257180068;
Markow Autoregressive (lag 1) bivariate joint 3 asset model uncond. params
uMean,      0.012194229, -0.008958271, -0.000001216,
VCV (1),    0.020734216, -0.000790977,  0.000008199,
VCV (2),   -0.000790977,  0.001537753,  0.000091731,
VCV (3),    0.000008199,  0.000091731,  0.000008909,
Cor (1),    1.000000000, -0.140080179,  0.019075388,
Cor (2),   -0.140080179,  1.000000000,  0.783702838,
Cor (3),    0.019075388,  0.783702838,  1.000000000,
St.dev,     0.143993806,  0.039214199,  0.002984840,
Skewness,  -1.695995373,  0.501736402,  0.017332880,
Kurtosis,   2.265079187,  4.427111733,  0.240060040,
AutoCor,    0.493626315,  0.784226485,  0.766895405,
Markow Autoregressive (lag 1) bivariate joint 3 asset model cond. params
uProb.,   0.841098956,  0.158901044,
Prob (1),   0.934132284,  0.065867716,
Prob (2),   0.348652634,  0.651347366,
Mean,      0.067835655, -0.011806208, -0.000032033,
Cor (1),    1.000000000, -0.473212222,  0.652239995,
Cor (2),   -0.473212222,  1.000000000,  0.900291653,
Cor (3),    0.652239995,  0.900291653,  1.000000000,
VCV (1),    0.002968502, -0.000310278,  0.000062056,
VCV (2),   -0.000310278,  0.000144828,  0.000018920,
VCV (3),    0.000062056,  0.000018920,  0.000003049,
St.dev,     0.054483962,  0.012034439,  0.001746260,
Mean,     -0.282328350,  0.006116501,  0.000161907,
Cor (1),    1.000000000,  0.344916666, -0.838664104,
Cor (2),    0.344916666,  1.000000000,  0.910940219,
Cor (3),   -0.838664104,  0.910940219,  1.000000000,
VCV (1),    0.011047300,  0.001908206, -0.000232046,
VCV (2),    0.001908206,  0.002770551,  0.000126221,
VCV (3),   -0.000232046,  0.000126221,  0.000006930,
St.dev,     0.105106139,  0.052636021,  0.002632436,
AutoCor,    0.147315461,  0.789934591,  0.766997825,

No.; 13; Score; 11077.063248887;
Markow Autoregressive (lag 1) bivariate joint 3 asset model uncond. params
uMean,     -0.006987370,  0.007893343, -0.000120992,
VCV (1),    0.046413569, -0.004650481,  0.000102414,
VCV (2),   -0.004650481,  0.002314174,  0.000009762,
VCV (3),    0.000102414,  0.000009762,  0.000002710,
Cor (1),    1.000000000, -0.448722085,  0.288796697,
Cor (2),   -0.448722085,  1.000000000,  0.123279678,
Cor (3),    0.288796697,  0.123279678,  1.000000000,
St.dev,     0.215438086,  0.048105859,  0.001646064,
Skewness,   0.438532486, -0.006927188,  0.104204184,
Kurtosis,   2.342514940,  0.003512773,  1.351275832,
AutoCor,    0.443839344,  0.832118322,  0.067788687,
Markow Autoregressive (lag 1) bivariate joint 3 asset model cond. params
uProb.,   0.669096338,  0.330903662,
Prob (1),   0.513982982,  0.486017018,
Prob (2),   0.982739828,  0.017260172,
Mean,     -0.032935309,  0.011049480, -0.000061195,
Cor (1),    1.000000000, -0.386676462,  0.901735064,
Cor (2),   -0.386676462,  1.000000000,  0.236131634,
Cor (3),    0.901735064,  0.236131634,  1.000000000,
VCV (1),    0.004532661, -0.000644285,  0.000121034,
VCV (2),   -0.000644285,  0.000612501,  0.000011651,
VCV (3),    0.000121034,  0.000011651,  0.000003975,
St.dev,     0.067325040,  0.024748760,  0.001993666,
Mean,      0.045480081,  0.001511547, -0.000241903,
Cor (1),    1.000000000, -0.799613927,  0.682995294,
Cor (2),   -0.799613927,  1.000000000,  0.377970698,
Cor (3),    0.682995294,  0.377970698,  1.000000000,
VCV (1),    0.096726778, -0.006861037,  0.000063837,
VCV (2),   -0.006861037,  0.000761153,  0.000003134,
VCV (3),    0.000063837,  0.000003134,  0.000000090,
St.dev,     0.311009289,  0.027589007,  0.000300524,
AutoCor,    0.471416915,  0.843540132,  0.069224242,

No.; 14; Score; 11229.650459627;
Markow Autoregressive (lag 1) bivariate joint 3 asset model uncond. params
uMean,      0.050516291,  0.008758253, -0.000227080,
VCV (1),    0.043981309,  0.008115685, -0.000370699,
VCV (2),    0.008115685,  0.002719513, -0.000157548,
VCV (3),   -0.000370699, -0.000157548,  0.000027340,
Cor (1),    1.000000000,  0.742071103, -0.338056687,
Cor (2),    0.742071103,  1.000000000, -0.577789282,
Cor (3),   -0.338056687, -0.577789282,  1.000000000,
St.dev,     0.209717213,  0.052148954,  0.005228747,
Skewness,  -0.034402134, -0.013333546, -0.001623874,
Kurtosis,   0.060745470,  0.158133213,  0.017434148,
AutoCor,    0.123710970,  0.407997639,  0.647261070,
Markow Autoregressive (lag 1) bivariate joint 3 asset model cond. params
uProb.,   0.016724441,  0.983275559,
Prob (1),   0.447790931,  0.552209069,
Prob (2),   0.009392472,  0.990607528,
Mean,     -0.141914997,  0.000863554,  0.000080099,
Cor (1),    1.000000000, -0.571480285, -0.641455114,
Cor (2),   -0.571480285,  1.000000000, -0.854632696,
Cor (3),   -0.641455114, -0.854632696,  1.000000000,
VCV (1),    0.062792984, -0.011632721, -0.000312075,
VCV (2),   -0.011632721,  0.006598558, -0.000134785,
VCV (3),   -0.000312075, -0.000134785,  0.000003769,
St.dev,     0.250585282,  0.081231508,  0.001941498,
Mean,      0.053789336,  0.008892534, -0.000232305,
Cor (1),    1.000000000,  0.832457885, -0.413690807,
Cor (2),    0.832457885,  1.000000000, -0.615451362,
Cor (3),   -0.413690807, -0.615451362,  1.000000000,
VCV (1),    0.042394993,  0.008025393, -0.000341679,
VCV (2),    0.008025393,  0.002192267, -0.000115592,
VCV (3),   -0.000341679, -0.000115592,  0.000016091,
St.dev,     0.205900444,  0.046821656,  0.004011305,
AutoCor,    0.119139000,  0.407985784,  0.647273332,

No.; 15; Score; 11581.206942947;
Markow Autoregressive (lag 1) bivariate joint 3 asset model uncond. params
uMean,     -0.004970703,  0.003579753,  0.000333612,
VCV (1),    0.047097030, -0.000090620,  0.000282058,
VCV (2),   -0.000090620,  0.002317926,  0.000048504,
VCV (3),    0.000282058,  0.000048504,  0.000021539,
Cor (1),    1.000000000, -0.008673162,  0.280045906,
Cor (2),   -0.008673162,  1.000000000,  0.217075899,
Cor (3),    0.280045906,  0.217075899,  1.000000000,
St.dev,     0.217018501,  0.048144842,  0.004641016,
Skewness,  -0.738042134, -0.169364416, -0.000148444,
Kurtosis,  -0.216121782,  0.772363296,  0.122213466,
AutoCor,    0.089988416,  0.749718037,  0.893463745,
Markow Autoregressive (lag 1) bivariate joint 3 asset model cond. params
uProb.,   0.559209355,  0.440790645,
Prob (1),   0.588735851,  0.411264149,
Prob (2),   0.521750546,  0.478249454,
Mean,     -0.136646840,  0.009441233,  0.000331937,
Cor (1),    1.000000000,  0.065287743,  0.888966730,
Cor (2),    0.065287743,  1.000000000,  0.892828967,
Cor (3),    0.888966730,  0.892828967,  1.000000000,
VCV (1),    0.041387287,  0.000157001,  0.000462793,
VCV (2),    0.000157001,  0.000139725,  0.000027007,
VCV (3),    0.000462793,  0.000027007,  0.000006548,
St.dev,     0.203438656,  0.011820525,  0.002558986,
Mean,      0.162080320, -0.003856418,  0.000335736,
Cor (1),    1.000000000,  0.604725917, -0.141427818,
Cor (2),    0.604725917,  1.000000000,  0.014260020,
Cor (3),   -0.141427818,  0.014260020,  1.000000000,
VCV (1),    0.003747155,  0.001647253, -0.000010776,
VCV (2),    0.001647253,  0.001980168,  0.000000790,
VCV (3),   -0.000010776,  0.000000790,  0.000001549,
St.dev,     0.061214007,  0.044499081,  0.001244758,
AutoCor,    0.110147101,  0.762802389,  0.893463881,

No.; 16; Score; 11996.230556613;
Markow Autoregressive (lag 1) bivariate joint 3 asset model uncond. params
uMean,      0.002725609, -0.003295962,  0.000317081,
VCV (1),    0.056453506,  0.000461395, -0.000038393,
VCV (2),    0.000461395,  0.000110317, -0.000006789,
VCV (3),   -0.000038393, -0.000006789,  0.000012929,
Cor (1),    1.000000000,  0.184886777, -0.044939565,
Cor (2),    0.184886777,  1.000000000, -0.179777689,
Cor (3),   -0.044939565, -0.179777689,  1.000000000,
St.dev,     0.237599465,  0.010503188,  0.003595657,
Skewness,  -0.315231317, -0.221722335,  0.028638769,
Kurtosis,  -1.302455301,  2.954066071,  2.261480759,
AutoCor,    0.185912507,  0.168523920,  0.126893866,
Markow Autoregressive (lag 1) bivariate joint 3 asset model cond. params
uProb.,   0.436972306,  0.563027694,
Prob (1),   0.496317276,  0.503682724,
Prob (2),   0.390913988,  0.609086012,
Mean,     -0.244420924, -0.004185122,  0.000272200,
Cor (1),    1.000000000,  0.521828976, -0.446225431,
Cor (2),    0.521828976,  1.000000000, -0.871287571,
Cor (3),   -0.446225431, -0.871287571,  1.000000000,
VCV (1),    0.008386551,  0.000725114, -0.000000277,
VCV (2),    0.000725114,  0.000230236, -0.000000089,
VCV (3),   -0.000000277, -0.000000089,  0.000000000,
St.dev,     0.091578115,  0.015173526,  0.000006768,
Mean,      0.194538891, -0.002605874,  0.000351913,
Cor (1),    1.000000000, -0.506169408, -0.268472376,
Cor (2),   -0.506169408,  1.000000000, -0.761574081,
Cor (3),   -0.268472376, -0.761574081,  1.000000000,
VCV (1),    0.003625028, -0.000099220, -0.000076828,
VCV (2),   -0.000099220,  0.000010600, -0.000011785,
VCV (3),   -0.000076828, -0.000011785,  0.000022590,
St.dev,     0.060208207,  0.003255732,  0.004752932,
AutoCor,    0.607754050,  0.168876969,  0.126896465,

No.; 17; Score; 12540.518412355;
Markow Autoregressive (lag 1) bivariate joint 3 asset model uncond. params
uMean,      0.007100933, -0.011573460, -0.000156587,
VCV (1),    0.020365220, -0.000688243, -0.000021610,
VCV (2),   -0.000688243,  0.002042597,  0.000085771,
VCV (3),   -0.000021610,  0.000085771,  0.000012566,
Cor (1),    1.000000000, -0.106710202, -0.042717802,
Cor (2),   -0.106710202,  1.000000000,  0.535357266,
Cor (3),   -0.042717802,  0.535357266,  1.000000000,
St.dev,     0.142706761,  0.045195105,  0.003544913,
Skewness,  -0.659133216,  0.070611299,  0.041243608,
Kurtosis,   0.154443784,  0.509936029,  0.080823363,
AutoCor,    0.444534132,  0.548146209,  0.474654664,
Markow Autoregressive (lag 1) bivariate joint 3 asset model cond. params
uProb.,   0.748007028,  0.251992972,
Prob (1),   0.766019768,  0.233980232,
Prob (2),   0.694538647,  0.305461353,
Mean,      0.069170405, -0.013153720, -0.000339631,
Cor (1),    1.000000000, -0.499072517,  0.999118590,
Cor (2),   -0.499072517,  1.000000000,  0.529581865,
Cor (3),    0.999118590,  0.529581865,  1.000000000,
VCV (1),    0.000452560, -0.000330359,  0.000062087,
VCV (2),   -0.000330359,  0.000968206,  0.000048135,
VCV (3),    0.000062087,  0.000048135,  0.000008533,
St.dev,     0.021273461,  0.031116006,  0.002921107,
Mean,     -0.177143893, -0.006882674,  0.000386751,
Cor (1),    1.000000000,  0.061800645, -0.698935158,
Cor (2),    0.061800645,  1.000000000,  0.560425350,
Cor (3),   -0.698935158,  0.560425350,  1.000000000,
VCV (1),    0.003948202,  0.000204020, -0.000157412,
VCV (2),    0.000204020,  0.002760315,  0.000105535,
VCV (3),   -0.000157412,  0.000105535,  0.000012847,
St.dev,     0.062834716,  0.052538700,  0.003584268,
AutoCor,    0.922315685,  0.549882345,  0.477870958,

No.; 18; Score; 12816.561978945;
Markow Autoregressive (lag 1) bivariate joint 3 asset model uncond. params
uMean,     -0.069429948,  0.007429078,  0.000051896,
VCV (1),    0.051462035,  0.000296971,  0.000152893,
VCV (2),    0.000296971,  0.001785765,  0.000061128,
VCV (3),    0.000152893,  0.000061128,  0.000020991,
Cor (1),    1.000000000,  0.030978368,  0.147103744,
Cor (2),    0.030978368,  1.000000000,  0.315722508,
Cor (3),    0.147103744,  0.315722508,  1.000000000,
St.dev,     0.226852453,  0.042258312,  0.004581632,
Skewness,   0.842938953, -0.216847913, -0.052442693,
Kurtosis,  -0.414990148,  2.392076183,  0.798138426,
AutoCor,    0.110636834,  0.077225187,  0.715224602,
Markow Autoregressive (lag 1) bivariate joint 3 asset model cond. params
uProb.,   0.539327894,  0.460672106,
Prob (1),   0.559485666,  0.440514334,
Prob (2),   0.515728357,  0.484271643,
Mean,     -0.241431562,  0.004270046, -0.000115212,
Cor (1),    1.000000000,  0.005312375,  0.808075529,
Cor (2),    0.005312375,  1.000000000,  0.430303620,
Cor (3),    0.808075529,  0.430303620,  1.000000000,
VCV (1),    0.001222269,  0.000010569,  0.000121867,
VCV (2),    0.000010569,  0.003238497,  0.000105632,
VCV (3),    0.000121867,  0.000105632,  0.000018608,
St.dev,     0.034960966,  0.056907798,  0.004313696,
Mean,      0.131939458,  0.011127487,  0.000247536,
Cor (1),    1.000000000, -0.670520278,  0.636858163,
Cor (2),   -0.670520278,  1.000000000,  0.107948987,
Cor (3),    0.636858163,  0.107948987,  1.000000000,
VCV (1),    0.032842326, -0.000734447,  0.000070134,
VCV (2),   -0.000734447,  0.000036531,  0.000000396,
VCV (3),    0.000070134,  0.000000396,  0.000000369,
St.dev,     0.181224519,  0.006044103,  0.000607670,
AutoCor,    0.248305107,  0.077445593,  0.716272010,

No.; 19; Score; 13806.44297498;
Markow Autoregressive (lag 1) bivariate joint 3 asset model uncond. params
uMean,     -0.012629277, -0.002835330,  0.000060999,
VCV (1),    0.048232493,  0.000656530, -0.000113440,
VCV (2),    0.000656530,  0.002767352, -0.000026209,
VCV (3),   -0.000113440, -0.000026209,  0.000004848,
Cor (1),    1.000000000,  0.056826691, -0.234588760,
Cor (2),    0.056826691,  1.000000000, -0.226275154,
Cor (3),   -0.234588760, -0.226275154,  1.000000000,
St.dev,     0.219618972,  0.052605627,  0.002201852,
Skewness,  -0.019708094,  0.664885749, -0.227803412,
Kurtosis,   0.017863140, 10.324642349,  4.508150486,
AutoCor,    0.519635081,  0.368993722,  0.695028081,
Markow Autoregressive (lag 1) bivariate joint 3 asset model cond. params
uProb.,   0.830583723,  0.169416277,
Prob (1),   0.851975163,  0.148024837,
Prob (2),   0.725709610,  0.274290390,
Mean,     -0.020604894, -0.005727392,  0.000131650,
Cor (1),    1.000000000, -0.897646385, -0.860900844,
Cor (2),   -0.897646385,  1.000000000,  0.514473798,
Cor (3),   -0.860900844,  0.514473798,  1.000000000,
VCV (1),    0.036651566, -0.001904313, -0.000087821,
VCV (2),   -0.001904313,  0.000122793,  0.000003038,
VCV (3),   -0.000087821,  0.000003038,  0.000000284,
St.dev,     0.191445987,  0.011081201,  0.000532843,
Mean,      0.026472149,  0.011343351, -0.000285371,
Cor (1),    1.000000000,  0.641601151,  0.026180840,
Cor (2),    0.641601151,  1.000000000, -0.298660521,
Cor (3),    0.026180840, -0.298660521,  1.000000000,
VCV (1),    0.026036898,  0.011919674,  0.000015355,
VCV (2),    0.011919674,  0.013255901, -0.000124988,
VCV (3),    0.000015355, -0.000124988,  0.000013212,
St.dev,     0.161359530,  0.115134274,  0.003634831,
AutoCor,    0.522195052,  0.372644476,  0.697913484,

No.; 20; Score; 15940.171956141;
Markow Autoregressive (lag 1) bivariate joint 3 asset model uncond. params
uMean,     -0.018281877, -0.000334446,  0.000218872,
VCV (1),    0.043069455, -0.009125245, -0.000193703,
VCV (2),   -0.009125245,  0.004191899,  0.000039114,
VCV (3),   -0.000193703,  0.000039114,  0.000011204,
Cor (1),    1.000000000, -0.679132361, -0.278845357,
Cor (2),   -0.679132361,  1.000000000,  0.180485748,
Cor (3),   -0.278845357,  0.180485748,  1.000000000,
St.dev,     0.207531817,  0.064744879,  0.003347251,
Skewness,  -0.003553312, -0.019745873,  0.027622354,
Kurtosis,  -0.028547563,  0.946066803,  0.658795957,
AutoCor,    0.067940517,  0.512300565,  0.160834492,
Markow Autoregressive (lag 1) bivariate joint 3 asset model cond. params
uProb.,   0.653047441,  0.346952559,
Prob (1),   0.733269423,  0.266730577,
Prob (2),   0.502050542,  0.497949458,
Mean,     -0.068469705, -0.000906555,  0.000266808,
Cor (1),    1.000000000, -0.928953962, -0.196687420,
Cor (2),   -0.928953962,  1.000000000,  0.240855951,
Cor (3),   -0.196687420,  0.240855951,  1.000000000,
VCV (1),    0.039093424, -0.012524033, -0.000149179,
VCV (2),   -0.012524033,  0.004649394,  0.000062999,
VCV (3),   -0.000149179,  0.000062999,  0.000014715,
St.dev,     0.197720571,  0.068186463,  0.003836018,
Mean,      0.076183581,  0.000742399,  0.000128645,
Cor (1),    1.000000000, -0.929555814, -0.702326599,
Cor (2),   -0.929555814,  1.000000000, -0.616125794,
Cor (3),   -0.702326599, -0.616125794,  1.000000000,
VCV (1),    0.036636736, -0.002236517, -0.000260269,
VCV (2),   -0.002236517,  0.000158007, -0.000014995,
VCV (3),   -0.000260269, -0.000014995,  0.000003748,
St.dev,     0.191407252,  0.012570089,  0.001936088,
AutoCor,    0.047743886,  0.512341881,  0.160807311,

No.; 21; Score; 16475.942509566;
Markow Autoregressive (lag 1) bivariate joint 3 asset model uncond. params
uMean,      0.015057739,  0.004854550, -0.000099993,
VCV (1),    0.024542679,  0.002573632,  0.000013455,
VCV (2),    0.002573632,  0.004229972, -0.000092253,
VCV (3),    0.000013455, -0.000092253,  0.000006484,
Cor (1),    1.000000000,  0.252590320,  0.033729497,
Cor (2),    0.252590320,  1.000000000, -0.557044821,
Cor (3),    0.033729497, -0.557044821,  1.000000000,
St.dev,     0.156661033,  0.065038234,  0.002546361,
Skewness,  -0.124891776,  0.107453160,  0.056472803,
Kurtosis,   1.424817353,  0.205026362,  1.039383106,
AutoCor,    0.578030264,  0.096795579,  0.199204544,
Markow Autoregressive (lag 1) bivariate joint 3 asset model cond. params
uProb.,   0.683441565,  0.316558435,
Prob (1),   0.859644405,  0.140355595,
Prob (2),   0.303024141,  0.696975859,
Mean,      0.021790762,  0.010700118, -0.000044591,
Cor (1),    1.000000000,  0.445826552,  0.346673959,
Cor (2),    0.445826552,  1.000000000, -0.677037910,
Cor (3),    0.346673959, -0.677037910,  1.000000000,
VCV (1),    0.007326338,  0.002675036,  0.000087843,
VCV (2),    0.002675036,  0.004914059, -0.000140499,
VCV (3),    0.000087843, -0.000140499,  0.000008764,
St.dev,     0.085594028,  0.070100350,  0.002960339,
Mean,      0.000521316, -0.007765881, -0.000219604,
Cor (1),    1.000000000,  0.181501628, -0.955603489,
Cor (2),    0.181501628,  1.000000000,  0.353627102,
Cor (3),   -0.955603489,  0.353627102,  1.000000000,
VCV (1),    0.035594646,  0.001683442, -0.000154283,
VCV (2),    0.001683442,  0.002416854,  0.000014877,
VCV (3),   -0.000154283,  0.000014877,  0.000000732,
St.dev,     0.188665433,  0.049161506,  0.000855754,
AutoCor,    0.578115987,  0.088633573,  0.198838886,

No.; 22; Score; 16712.004206937;
Markow Autoregressive (lag 1) bivariate joint 3 asset model uncond. params
uMean,      0.059997772,  0.009095198, -0.000019712,
VCV (1),    0.021700292,  0.003713807, -0.000070474,
VCV (2),    0.003713807,  0.003650027,  0.000041332,
VCV (3),   -0.000070474,  0.000041332,  0.000000637,
Cor (1),    1.000000000,  0.417290452, -0.599417716,
Cor (2),    0.417290452,  1.000000000,  0.857169468,
Cor (3),   -0.599417716,  0.857169468,  1.000000000,
St.dev,     0.147310188,  0.060415456,  0.000798121,
Skewness,  -0.787367530,  0.005780036,  0.076250573,
Kurtosis,   1.934864060,  0.016889747,  0.360312758,
AutoCor,    0.504478108,  0.692746080,  0.721258563,
Markow Autoregressive (lag 1) bivariate joint 3 asset model cond. params
uProb.,   0.038476966,  0.961523034,
Prob (1),   0.168978981,  0.831021019,
Prob (2),   0.033254708,  0.966745292,
Mean,     -0.339283411,  0.000499024,  0.000341699,
Cor (1),    1.000000000, -0.511759586, -0.783642502,
Cor (2),   -0.511759586,  1.000000000,  0.740265734,
Cor (3),   -0.783642502,  0.740265734,  1.000000000,
VCV (1),    0.010092759, -0.001377539, -0.000082172,
VCV (2),   -0.001377539,  0.000717903,  0.000020702,
VCV (3),   -0.000082172,  0.000020702,  0.000001089,
