Round No; 2; best result RLS; 8.9455168141689

;;;
Statistical description of data for: Meginajums1
Calib/Tail/Per/Cur, 784, 9999, 23, 0,
Title,    INDEX WITH EQUAL WEIGHTS based on market value,EQUITY LM SNP,REX BOND     ,
Mean,       0.000158634,  0.000175148,  0.000011824,
VCV (1),    0.000022943, -0.000000281, -0.000000006,
VCV (2),   -0.000000281,  0.000027803, -0.000000034,
VCV (3),   -0.000000006, -0.000000034,  0.000000099,
St.dev,     0.004789897,  0.005272874,  0.000315163,
Skewness,  -1.581739356, -0.533728382, -0.333150084,
Kurtosis,  24.552038003,  6.345066446, 26.810331499,
AutoCor,   -0.072787598,  0.126724186, -0.366572783,
No.; 1; Score; 8.9455168141689;
Markow Autoregressive (lag 1) bivariate joint 3 asset model uncond. params
uMean,     -0.002868216,  0.000138897, -0.000249184,
VCV (1),    0.000015850, -0.000000648, -0.000001229,
VCV (2),   -0.000000648,  0.000060523, -0.000001749,
VCV (3),   -0.000001229, -0.000001749,  0.000000285,
Cor (1),    1.000000000, -0.020923436, -0.578147549,
Cor (2),   -0.020923436,  1.000000000, -0.421078292,
Cor (3),   -0.578147549, -0.421078292,  1.000000000,
St.dev,     0.003981202,  0.007779654,  0.000533761,
Skewness,  -0.555449713,  0.033180128, -0.549050440,
Kurtosis,   1.135034121, -0.106810785,  0.221140639,
AutoCor,   -0.161899644, -0.183130705,  0.180602252,
Markow Autoregressive (lag 1) bivariate joint 3 asset model cond. params
uProb.,   0.604987469,  0.395012531,
Prob (1),   0.557255934,  0.442744066,
Prob (2),   0.678091428,  0.321908572,
Mean,     -0.001863884,  0.003065071, -0.000449834,
Cor (1),    1.000000000, -0.234144815, -0.927176403,
Cor (2),   -0.234144815,  1.000000000, -0.264120435,
Cor (3),   -0.927176403, -0.264120435,  1.000000000,
VCV (1),    0.000006468, -0.000004134, -0.000001305,
VCV (2),   -0.000004134,  0.000048198, -0.000001015,
VCV (3),   -0.000001305, -0.000001015,  0.000000306,
St.dev,     0.002543189,  0.006942472,  0.000553368,
Mean,     -0.004406417, -0.004342729,  0.000058126,
Cor (1),    1.000000000, -0.193727110, -0.360832696,
Cor (2),   -0.193727110,  1.000000000, -0.462820804,
Cor (3),   -0.360832696, -0.462820804,  1.000000000,
VCV (1),    0.000025306, -0.000006269, -0.000000433,
VCV (2),   -0.000006269,  0.000041383, -0.000000710,
VCV (3),   -0.000000433, -0.000000710,  0.000000057,
St.dev,     0.005030555,  0.006432926,  0.000238342,
AutoCor,   -0.166334323, -0.200362467,  0.263863755,

No.; 2; Score; 39.636326334328;
Markow Autoregressive (lag 1) bivariate joint 3 asset model uncond. params
uMean,      0.000251555, -0.000604911, -0.000381305,
VCV (1),    0.000016630,  0.000002250, -0.000000320,
VCV (2),    0.000002250,  0.000037959, -0.000001447,
VCV (3),   -0.000000320, -0.000001447,  0.000010167,
Cor (1),    1.000000000,  0.089562554, -0.024604121,
Cor (2),    0.089562554,  1.000000000, -0.073646858,
Cor (3),   -0.024604121, -0.073646858,  1.000000000,
St.dev,     0.004078028,  0.006161084,  0.003188515,
Skewness,   0.062175046,  0.003440118,  0.001029411,
Kurtosis,   0.095562638, -0.935062611,  0.001533197,
AutoCor,    0.492972316, -0.049039313, -0.985863849,
Markow Autoregressive (lag 1) bivariate joint 3 asset model cond. params
uProb.,   0.536201827,  0.463798173,
Prob (1),   0.492280341,  0.507719659,
Prob (2),   0.586979906,  0.413020094,
Mean,      0.000702266,  0.004124280, -0.000599752,
Cor (1),    1.000000000, -0.188197549, -0.729227185,
Cor (2),   -0.188197549,  1.000000000,  0.339492846,
Cor (3),   -0.729227185,  0.339492846,  1.000000000,
VCV (1),    0.000015046, -0.000002661, -0.000001063,
VCV (2),   -0.000002661,  0.000013287,  0.000000465,
VCV (3),   -0.000001063,  0.000000465,  0.000000141,
St.dev,     0.003878946,  0.003645123,  0.000375835,
Mean,     -0.000269517, -0.006072376, -0.000128756,
Cor (1),    1.000000000,  0.266966249,  0.382917304,
Cor (2),    0.266966249,  1.000000000, -0.693582522,
Cor (3),    0.382917304, -0.693582522,  1.000000000,
VCV (1),    0.000009069,  0.000002626,  0.000000564,
VCV (2),    0.000002626,  0.000010671, -0.000001108,
VCV (3),    0.000000564, -0.000001108,  0.000000239,
St.dev,     0.003011396,  0.003266691,  0.000489072,
AutoCor,    0.501390287,  0.048514486, -0.990726089,

No.; 3; Score; 41.026443014672;
Markow Autoregressive (lag 1) bivariate joint 3 asset model uncond. params
uMean,      0.000171986,  0.000099386,  0.000119435,
VCV (1),    0.000088998, -0.000000693,  0.000000444,
VCV (2),   -0.000000693,  0.000057637,  0.000000154,
VCV (3),    0.000000444,  0.000000154,  0.000000197,
Cor (1),    1.000000000, -0.009682254,  0.106092408,
Cor (2),   -0.009682254,  1.000000000,  0.045707421,
Cor (3),    0.106092408,  0.045707421,  1.000000000,
St.dev,     0.009433900,  0.007591911,  0.000443477,
Skewness,   0.312143544, -0.005255665,  0.362417561,
Kurtosis,  -0.382119719, -0.004087870,  1.227813412,
AutoCor,    0.251347028,  0.502405788, -0.343325862,
Markow Autoregressive (lag 1) bivariate joint 3 asset model cond. params
uProb.,   0.430108918,  0.569891082,
Prob (1),   0.339620382,  0.660379618,
Prob (2),   0.498402541,  0.501597459,
Mean,      0.007938649,  0.001926666,  0.000217479,
Cor (1),    1.000000000, -0.804447549, -0.242332653,
Cor (2),   -0.804447549,  1.000000000,  0.284034099,
Cor (3),   -0.242332653,  0.284034099,  1.000000000,
VCV (1),    0.000034027, -0.000029160, -0.000000788,
VCV (2),   -0.000029160,  0.000038614,  0.000000984,
VCV (3),   -0.000000788,  0.000000984,  0.000000311,
St.dev,     0.005833247,  0.006214030,  0.000557253,
Mean,     -0.005689679, -0.001279702,  0.000045439,
Cor (1),    1.000000000,  0.374114687,  0.332165351,
Cor (2),    0.374114687,  1.000000000, -0.464243996,
Cor (3),    0.332165351, -0.464243996,  1.000000000,
VCV (1),    0.000015242,  0.000009253,  0.000000310,
VCV (2),    0.000009253,  0.000040134, -0.000000703,
VCV (3),    0.000000310, -0.000000703,  0.000000057,
St.dev,     0.003904043,  0.006335148,  0.000239170,
AutoCor,    0.680841516,  0.532635580, -0.350394058,

No.; 4; Score; 45.845773672616;
Markow Autoregressive (lag 1) bivariate joint 3 asset model uncond. params
uMean,     -0.000283708,  0.000833506, -0.000097173,
VCV (1),    0.000018705,  0.000001554,  0.000000416,
VCV (2),    0.000001554,  0.000042114, -0.000000423,
VCV (3),    0.000000416, -0.000000423,  0.000000239,
Cor (1),    1.000000000,  0.055362623,  0.196930234,
Cor (2),    0.055362623,  1.000000000, -0.133440667,
Cor (3),    0.196930234, -0.133440667,  1.000000000,
St.dev,     0.004324924,  0.006489514,  0.000488637,
Skewness,  -0.092191418, -0.565155121,  0.098888872,
Kurtosis,  -0.576214852,  0.697371537,  0.041282140,
AutoCor,   -0.030530647, -0.051726630,  0.463460747,
Markow Autoregressive (lag 1) bivariate joint 3 asset model cond. params
uProb.,   0.579103585,  0.420896415,
Prob (1),   0.533739396,  0.466260604,
Prob (2),   0.641519333,  0.358480667,
Mean,      0.002433926,  0.003064556,  0.000004320,
Cor (1),    1.000000000, -0.703724893, -0.322244763,
Cor (2),   -0.703724893,  1.000000000,  0.306680346,
Cor (3),   -0.322244763,  0.306680346,  1.000000000,
VCV (1),    0.000008772, -0.000009098, -0.000000425,
VCV (2),   -0.000009098,  0.000019055,  0.000000596,
VCV (3),   -0.000000425,  0.000000596,  0.000000198,
St.dev,     0.002961720,  0.004365187,  0.000445154,
Mean,     -0.004022851, -0.002236155, -0.000236816,
Cor (1),    1.000000000, -0.168727110,  0.655378242,
Cor (2),   -0.168727110,  1.000000000, -0.960037600,
Cor (3),    0.655378242, -0.960037600,  1.000000000,
VCV (1),    0.000008153, -0.000003651,  0.000000669,
VCV (2),   -0.000003651,  0.000057429, -0.000002601,
VCV (3),    0.000000669, -0.000002601,  0.000000128,
St.dev,     0.002855280,  0.007578193,  0.000357521,
AutoCor,    0.061351224, -0.040840983,  0.499508286,

No.; 5; Score; 61.0716406638;
Markow Autoregressive (lag 1) bivariate joint 3 asset model uncond. params
uMean,      0.000124945,  0.000178926,  0.000102421,
VCV (1),    0.000043924,  0.000000920,  0.000002630,
VCV (2),    0.000000920,  0.000125482,  0.000004245,
VCV (3),    0.000002630,  0.000004245,  0.000000623,
Cor (1),    1.000000000,  0.012397171,  0.502615983,
Cor (2),    0.012397171,  1.000000000,  0.480059128,
Cor (3),    0.502615983,  0.480059128,  1.000000000,
St.dev,     0.006627520,  0.011201858,  0.000789470,
Skewness,  -0.420076773,  0.017780547, -0.086347419,
Kurtosis,  -0.460420094,  0.020078093, -0.245303330,
AutoCor,   -0.454747252, -0.449566504, -0.184177298,
Markow Autoregressive (lag 1) bivariate joint 3 asset model cond. params
uProb.,   0.592202169,  0.407797831,
Prob (1),   0.318577544,  0.681422456,
Prob (2),   0.989558616,  0.010441384,
Mean,      0.004338846,  0.000848713,  0.000497948,
Cor (1),    1.000000000, -0.606107705, -0.036248669,
Cor (2),   -0.606107705,  1.000000000,  0.921179780,
Cor (3),   -0.036248669,  0.921179780,  1.000000000,
VCV (1),    0.000013701, -0.000023480, -0.000000084,
VCV (2),   -0.000023480,  0.000109528,  0.000006032,
VCV (3),   -0.000000084,  0.000006032,  0.000000391,
St.dev,     0.003701503,  0.010465546,  0.000625634,
Mean,     -0.005994463, -0.000793735, -0.000471962,
Cor (1),    1.000000000,  0.596823008,  0.210651679,
Cor (2),    0.596823008,  1.000000000,  0.191524900,
Cor (3),    0.210651679,  0.191524900,  1.000000000,
VCV (1),    0.000023615,  0.000026818,  0.000000643,
VCV (2),    0.000026818,  0.000085502,  0.000001112,
VCV (3),    0.000000643,  0.000001112,  0.000000394,
St.dev,     0.004859479,  0.009246756,  0.000627752,
AutoCor,   -0.147320651, -0.448410964,  0.095045395,

No.; 6; Score; 65.484030217652;
Markow Autoregressive (lag 1) bivariate joint 3 asset model uncond. params
uMean,      0.000207260,  0.000183841,  0.000001896,
VCV (1),    0.000069086,  0.000017792, -0.000003118,
VCV (2),    0.000017792,  0.000094870, -0.000002659,
VCV (3),   -0.000003118, -0.000002659,  0.000000631,
Cor (1),    1.000000000,  0.219768250, -0.472060775,
Cor (2),    0.219768250,  1.000000000, -0.343591912,
Cor (3),   -0.472060775, -0.343591912,  1.000000000,
St.dev,     0.008311815,  0.009740124,  0.000794664,
Skewness,  -0.539460930, -0.092769990,  0.185290149,
Kurtosis,  -0.278359529, -0.063380057, -0.179801592,
AutoCor,   -0.125079088, -0.726586763, -0.683823831,
Markow Autoregressive (lag 1) bivariate joint 3 asset model cond. params
uProb.,   0.572734653,  0.427265347,
Prob (1),   0.303198902,  0.696801098,
Prob (2),   0.934038150,  0.065961850,
Mean,      0.005517456,  0.004087133, -0.000406669,
Cor (1),    1.000000000, -0.518105203, -0.175957172,
Cor (2),   -0.518105203,  1.000000000,  0.898282369,
Cor (3),   -0.175957172,  0.898282369,  1.000000000,
VCV (1),    0.000010909, -0.000008922, -0.000000226,
VCV (2),   -0.000008922,  0.000027185,  0.000001819,
VCV (3),   -0.000000226,  0.000001819,  0.000000151,
St.dev,     0.003302908,  0.005213902,  0.000388319,
Mean,     -0.006910876, -0.005048388,  0.000549564,
Cor (1),    1.000000000, -0.497529632, -0.107931482,
Cor (2),   -0.497529632,  1.000000000, -0.930021256,
Cor (3),   -0.107931482, -0.930021256,  1.000000000,
VCV (1),    0.000041313, -0.000019982, -0.000000359,
VCV (2),   -0.000019982,  0.000039043, -0.000003004,
VCV (3),   -0.000000359, -0.000003004,  0.000000267,
St.dev,     0.006427506,  0.006248444,  0.000516874,
AutoCor,    0.485932614, -0.752852981, -0.712901027,

No.; 7; Score; 70.110815452412;
Markow Autoregressive (lag 1) bivariate joint 3 asset model uncond. params
uMean,      0.000065904,  0.000235224,  0.000031249,
VCV (1),    0.000062884,  0.000001551,  0.000001487,
VCV (2),    0.000001551,  0.000128129, -0.000000786,
VCV (3),    0.000001487, -0.000000786,  0.000000235,
Cor (1),    1.000000000,  0.017277713,  0.386415286,
Cor (2),    0.017277713,  1.000000000, -0.143174848,
Cor (3),    0.386415286, -0.143174848,  1.000000000,
St.dev,     0.007929939,  0.011319405,  0.000485192,
Skewness,  -0.145781253,  0.026786778, -0.118461838,
Kurtosis,   0.047316643,  0.056593180,  0.233558447,
AutoCor,   -0.502676035,  0.686314964, -0.138002681,
Markow Autoregressive (lag 1) bivariate joint 3 asset model cond. params
uProb.,   0.693060339,  0.306939661,
Prob (1),   0.564762595,  0.435237405,
Prob (2),   0.982752709,  0.017247291,
Mean,      0.002177035, -0.000320694,  0.000078857,
Cor (1),    1.000000000, -0.436683877,  0.112776569,
Cor (2),   -0.436683877,  1.000000000,  0.397262280,
Cor (3),    0.112776569,  0.397262280,  1.000000000,
VCV (1),    0.000035027, -0.000019012,  0.000000287,
VCV (2),   -0.000019012,  0.000054117,  0.000001257,
VCV (3),    0.000000287,  0.000001257,  0.000000185,
St.dev,     0.005918348,  0.007356408,  0.000430104,
Mean,     -0.004700966,  0.001490469, -0.000076246,
Cor (1),    1.000000000,  0.929135115,  0.822233361,
Cor (2),    0.929135115,  1.000000000, -0.989379663,
Cor (3),    0.822233361, -0.989379663,  1.000000000,
VCV (1),    0.000046678,  0.000061532,  0.000003176,
VCV (2),    0.000061532,  0.000093956, -0.000005421,
VCV (3),    0.000003176, -0.000005421,  0.000000320,
St.dev,     0.006832134,  0.009693102,  0.000565295,
AutoCor,   -0.518810616,  0.692362143, -0.131780777,

No.; 8; Score; 82.746030531062;
Markow Autoregressive (lag 1) bivariate joint 3 asset model uncond. params
uMean,      0.003716577,  0.002412091, -0.000192105,
VCV (1),    0.000035250,  0.000007964, -0.000000184,
VCV (2),    0.000007964,  0.000026417, -0.000001572,
VCV (3),   -0.000000184, -0.000001572,  0.000000246,
Cor (1),    1.000000000,  0.260988011, -0.062631657,
Cor (2),    0.260988011,  1.000000000, -0.617081525,
Cor (3),   -0.062631657, -0.617081525,  1.000000000,
St.dev,     0.005937170,  0.005139779,  0.000495664,
Skewness,  -0.195363991, -0.110047937, -0.049710309,
Kurtosis,   0.065023603, -0.684959544, -0.473234649,
AutoCor,    0.354428672, -0.137557608, -0.304024878,
Markow Autoregressive (lag 1) bivariate joint 3 asset model cond. params
uProb.,   0.483625867,  0.516374133,
Prob (1),   0.273350224,  0.726649776,
Prob (2),   0.680565902,  0.319434098,
Mean,      0.005909409,  0.006472872, -0.000550077,
Cor (1),    1.000000000, -0.641762002, -0.357449841,
Cor (2),   -0.641762002,  1.000000000,  0.398672534,
Cor (3),   -0.357449841,  0.398672534,  1.000000000,
VCV (1),    0.000016736, -0.000007714, -0.000000514,
VCV (2),   -0.000007714,  0.000008633,  0.000000412,
VCV (3),   -0.000000514,  0.000000412,  0.000000124,
St.dev,     0.004091018,  0.002938190,  0.000351748,
Mean,      0.001662814, -0.001391156,  0.000143164,
Cor (1),    1.000000000,  0.342601015,  0.866852851,
Cor (2),    0.342601015,  1.000000000, -0.688699710,
Cor (3),    0.866852851, -0.688699710,  1.000000000,
VCV (1),    0.000030938,  0.000006579,  0.000001651,
VCV (2),    0.000006579,  0.000011921, -0.000000814,
VCV (3),    0.000001651, -0.000000814,  0.000000117,
St.dev,     0.005562227,  0.003452645,  0.000342355,
AutoCor,    0.465989896,  0.241971518, -0.205472183,

No.; 9; Score; 86.629685731566;
Markow Autoregressive (lag 1) bivariate joint 3 asset model uncond. params
uMean,      0.000245657,  0.000168986,  0.000033592,
VCV (1),    0.000151815, -0.000051057, -0.000003371,
VCV (2),   -0.000051057,  0.000086590,  0.000000566,
VCV (3),   -0.000003371,  0.000000566,  0.000000274,
Cor (1),    1.000000000, -0.445307844, -0.523045209,
Cor (2),   -0.445307844,  1.000000000,  0.116345748,
Cor (3),   -0.523045209,  0.116345748,  1.000000000,
St.dev,     0.012321326,  0.009305363,  0.000523061,
Skewness,   0.148281116, -0.312993759, -0.203113586,
Kurtosis,  -0.162319846,  0.132667732, -0.414551100,
AutoCor,    0.305588034,  0.273128185, -0.098114537,
Markow Autoregressive (lag 1) bivariate joint 3 asset model cond. params
uProb.,   0.432455518,  0.567544482,
Prob (1),   0.026420167,  0.973579833,
Prob (2),   0.741844886,  0.258155114,
Mean,      0.008314642, -0.004637790, -0.000386381,
Cor (1),    1.000000000, -0.799260699, -0.604322214,
Cor (2),   -0.799260699,  1.000000000, -0.068476641,
Cor (3),   -0.604322214, -0.068476641,  1.000000000,
VCV (1),    0.000051002, -0.000049508, -0.000001519,
VCV (2),   -0.000049508,  0.000075230, -0.000000209,
VCV (3),   -0.000001519, -0.000000209,  0.000000124,
St.dev,     0.007141576,  0.008673519,  0.000351939,
Mean,     -0.005902720,  0.003831636,  0.000353601,
Cor (1),    1.000000000,  0.563155291,  0.211942771,
Cor (2),    0.563155291,  1.000000000, -0.664932975,
Cor (3),    0.211942771, -0.664932975,  1.000000000,
VCV (1),    0.000025620,  0.000015786,  0.000000322,
VCV (2),    0.000015786,  0.000030670, -0.000001105,
VCV (3),    0.000000322, -0.000001105,  0.000000090,
St.dev,     0.005061647,  0.005538051,  0.000300138,
AutoCor,    0.801201492,  0.525417706,  0.497897505,

No.; 10; Score; 119.64628738951;
Markow Autoregressive (lag 1) bivariate joint 3 asset model uncond. params
uMean,     -0.004604304, -0.000546780,  0.000120148,
VCV (1),    0.000022222,  0.000000042,  0.000000027,
VCV (2),    0.000000042,  0.000035247,  0.000000014,
VCV (3),    0.000000027,  0.000000014,  0.000000213,
Cor (1),    1.000000000,  0.001486246,  0.012339554,
Cor (2),    0.001486246,  1.000000000,  0.004970050,
Cor (3),    0.012339554,  0.004970050,  1.000000000,
St.dev,     0.004714001,  0.005936936,  0.000461178,
Skewness,   0.072972331, -0.194791820,  0.000272878,
Kurtosis,   0.102620072, -0.412613011,  0.000124866,
AutoCor,   -0.323129175,  0.165980360, -0.290971328,
Markow Autoregressive (lag 1) bivariate joint 3 asset model cond. params
uProb.,   0.540781429,  0.459218571,
Prob (1),   0.404622577,  0.595377423,
Prob (2),   0.701123764,  0.298876236,
Mean,     -0.005182666, -0.004233019,  0.000126137,
Cor (1),    1.000000000, -0.372377237, -0.444022107,
Cor (2),   -0.372377237,  1.000000000,  0.414004565,
Cor (3),   -0.444022107,  0.414004565,  1.000000000,
VCV (1),    0.000015705, -0.000006209, -0.000000779,
VCV (2),   -0.000006209,  0.000017701,  0.000000771,
VCV (3),   -0.000000779,  0.000000771,  0.000000196,
St.dev,     0.003962968,  0.004207233,  0.000442649,
Mean,     -0.003923217,  0.003794180,  0.000113095,
Cor (1),    1.000000000,  0.068870546,  0.453815741,
Cor (2),    0.068870546,  1.000000000, -0.635721194,
Cor (3),    0.453815741, -0.635721194,  1.000000000,
VCV (1),    0.000024060,  0.000000977,  0.000000978,
VCV (2),    0.000000977,  0.000008363, -0.000000808,
VCV (3),    0.000000978, -0.000000808,  0.000000193,
St.dev,     0.004905136,  0.002891887,  0.000439443,
AutoCor,   -0.323609714,  0.550516439, -0.290970230,

No.; 11; Score; 131.95121236903;
Markow Autoregressive (lag 1) bivariate joint 3 asset model uncond. params
uMean,      0.000185234,  0.000153682, -0.000045443,
VCV (1),    0.000100832, -0.000030003,  0.000002512,
VCV (2),   -0.000030003,  0.000207982, -0.000001850,
VCV (3),    0.000002512, -0.000001850,  0.000000427,
Cor (1),    1.000000000, -0.207182832,  0.382691940,
Cor (2),   -0.207182832,  1.000000000, -0.196222350,
Cor (3),    0.382691940, -0.196222350,  1.000000000,
St.dev,     0.010041534,  0.014421587,  0.000653646,
Skewness,   0.018641615,  0.059259612, -0.274346987,
Kurtosis,  -0.622382307, -0.047274377,  0.005197024,
AutoCor,    0.030613195,  0.655664055,  0.029556482,
Markow Autoregressive (lag 1) bivariate joint 3 asset model cond. params
uProb.,   0.529273240,  0.470726760,
Prob (1),   0.276464734,  0.723535266,
Prob (2),   0.813524717,  0.186475283,
Mean,      0.007246907, -0.005635732,  0.000258748,
Cor (1),    1.000000000,  0.047647692,  0.464492767,
Cor (2),    0.047647692,  1.000000000,  0.195605730,
Cor (3),    0.464492767,  0.195605730,  1.000000000,
VCV (1),    0.000023844,  0.000000903,  0.000001102,
VCV (2),    0.000000903,  0.000015065,  0.000000369,
VCV (3),    0.000001102,  0.000000369,  0.000000236,
St.dev,     0.004883082,  0.003881302,  0.000485953,
Mean,     -0.007754732,  0.006663151, -0.000387467,
Cor (1),    1.000000000,  0.391895114, -0.427097716,
Cor (2),    0.391895114,  1.000000000, -0.049229299,
Cor (3),   -0.427097716, -0.049229299,  1.000000000,
VCV (1),    0.000015974,  0.000009768, -0.000001066,
VCV (2),    0.000009768,  0.000038890, -0.000000192,
VCV (3),   -0.000001066, -0.000000192,  0.000000390,
St.dev,     0.003996799,  0.006236152,  0.000624708,
AutoCor,    0.741672580,  0.919610185,  0.211947606,

No.; 12; Score; 156.54654424796;
Markow Autoregressive (lag 1) bivariate joint 3 asset model uncond. params
uMean,      0.004060322,  0.004604982, -0.000080576,
VCV (1),    0.000021898, -0.000011058, -0.000001846,
VCV (2),   -0.000011058,  0.000092616, -0.000000709,
VCV (3),   -0.000001846, -0.000000709,  0.000001451,
Cor (1),    1.000000000, -0.245543676, -0.327560506,
Cor (2),   -0.245543676,  1.000000000, -0.061153709,
Cor (3),   -0.327560506, -0.061153709,  1.000000000,
St.dev,     0.004679546,  0.009623707,  0.001204567,
Skewness,  -0.036675967, -0.175856830,  0.042730050,
Kurtosis,  -0.066304641,  0.032944038,  0.067916120,
AutoCor,   -0.702789824,  0.243265347, -0.918433317,
Markow Autoregressive (lag 1) bivariate joint 3 asset model cond. params
uProb.,   0.395497941,  0.604502059,
Prob (1),   0.127276547,  0.872723453,
Prob (2),   0.570982884,  0.429017116,
Mean,      0.006467918, -0.000426148,  0.000178552,
Cor (1),    1.000000000, -0.908021768, -0.877274060,
Cor (2),   -0.908021768,  1.000000000,  0.364883471,
Cor (3),   -0.877274060,  0.364883471,  1.000000000,
VCV (1),    0.000005893, -0.000019488, -0.000001303,
VCV (2),   -0.000019488,  0.000078160,  0.000001974,
VCV (3),   -0.000001303,  0.000001974,  0.000000374,
St.dev,     0.002427593,  0.008840822,  0.000611895,
Mean,      0.002485142,  0.007896620, -0.000250112,
Cor (1),    1.000000000,  0.271263124, -0.344084649,
Cor (2),    0.271263124,  1.000000000, -0.552078616,
Cor (3),   -0.344084649, -0.552078616,  1.000000000,
VCV (1),    0.000008930,  0.000006026, -0.000000242,
VCV (2),    0.000006026,  0.000055261, -0.000000966,
VCV (3),   -0.000000242, -0.000000966,  0.000000055,
St.dev,     0.002988242,  0.007433755,  0.000235330,
AutoCor,   -0.757056979,  0.392850424, -0.933255386,

No.; 13; Score; 193.4468011064;
Markow Autoregressive (lag 1) bivariate joint 3 asset model uncond. params
uMean,     -0.002058979,  0.002844734, -0.000233846,
VCV (1),    0.000106863, -0.000030017, -0.000001002,
VCV (2),   -0.000030017,  0.000040650,  0.000000801,
VCV (3),   -0.000001002,  0.000000801,  0.000000290,
Cor (1),    1.000000000, -0.455437215, -0.179965046,
Cor (2),   -0.455437215,  1.000000000,  0.233155070,
Cor (3),   -0.179965046,  0.233155070,  1.000000000,
St.dev,     0.010337436,  0.006375766,  0.000538756,
Skewness,   0.034602603, -0.446546500, -0.006260671,
Kurtosis,  -0.019337008,  0.175897005, -0.027435513,
AutoCor,   -0.778078939, -0.092795069,  0.389895071,
Markow Autoregressive (lag 1) bivariate joint 3 asset model cond. params
uProb.,   0.634716765,  0.365283235,
Prob (1),   0.575093529,  0.424906471,
Prob (2),   0.738318199,  0.261681801,
Mean,      0.000486159,  0.000826674, -0.000368612,
Cor (1),    1.000000000, -0.839027627, -0.681570935,
Cor (2),   -0.839027627,  1.000000000,  0.194619799,
Cor (3),   -0.681570935,  0.194619799,  1.000000000,
VCV (1),    0.000031457, -0.000031702, -0.000001754,
VCV (2),   -0.000031702,  0.000045385,  0.000000602,
VCV (3),   -0.000001754,  0.000000602,  0.000000211,
St.dev,     0.005608677,  0.006736822,  0.000458957,
Mean,     -0.006481415,  0.006351318,  0.000000325,
Cor (1),    1.000000000,  0.078587343,  0.809870429,
Cor (2),    0.078587343,  1.000000000, -0.073709475,
Cor (3),    0.809870429, -0.073709475,  1.000000000,
VCV (1),    0.000017764,  0.000001171,  0.000001504,
VCV (2),    0.000001171,  0.000012493, -0.000000115,
VCV (3),    0.000001504, -0.000000115,  0.000000194,
St.dev,     0.004214717,  0.003534519,  0.000440516,
AutoCor,   -0.850465182, -0.077950358,  0.457369614,

No.; 14; Score; 230.34705796485;
Markow Autoregressive (lag 1) bivariate joint 3 asset model uncond. params
uMean,      0.005825329, -0.004427828,  0.000306796,
VCV (1),    0.000027864, -0.000003238, -0.000000478,
VCV (2),   -0.000003238,  0.000040541,  0.000000725,
VCV (3),   -0.000000478,  0.000000725,  0.000000194,
Cor (1),    1.000000000, -0.096327902, -0.205554448,
Cor (2),   -0.096327902,  1.000000000,  0.258395711,
Cor (3),   -0.205554448,  0.258395711,  1.000000000,
St.dev,     0.005278663,  0.006367182,  0.000440599,
Skewness,  -0.426693499, -0.082291086,  0.116632823,
Kurtosis,  -0.463365842,  0.547935808,  0.076064594,
AutoCor,   -0.247114833, -0.511179425,  0.261507365,
Markow Autoregressive (lag 1) bivariate joint 3 asset model cond. params
uProb.,   0.537610503,  0.462389497,
Prob (1),   0.400967027,  0.599032973,
Prob (2),   0.696482987,  0.303517013,
Mean,      0.009494347, -0.004819009,  0.000207544,
Cor (1),    1.000000000, -0.655238565, -0.158475231,
Cor (2),   -0.655238565,  1.000000000,  0.548916674,
Cor (3),   -0.158475231,  0.548916674,  1.000000000,
VCV (1),    0.000007578, -0.000012308, -0.000000162,
VCV (2),   -0.000012308,  0.000046560,  0.000001389,
VCV (3),   -0.000000162,  0.000001389,  0.000000138,
St.dev,     0.002752806,  0.006823523,  0.000370953,
Mean,      0.001559438, -0.003973010,  0.000422194,
Cor (1),    1.000000000,  0.858567812,  0.034675116,
Cor (2),    0.858567812,  1.000000000,  0.054269040,
Cor (3),    0.034675116,  0.054269040,  1.000000000,
VCV (1),    0.000016697,  0.000011239,  0.000000063,
VCV (2),    0.000011239,  0.000010263,  0.000000078,
VCV (3),    0.000000063,  0.000000078,  0.000000200,
St.dev,     0.004086141,  0.003203548,  0.000447614,
AutoCor,   -0.185084323, -0.512130045,  0.296432114,

No.; 15; Score; 267.2473148233;
Markow Autoregressive (lag 1) bivariate joint 3 asset model uncond. params
uMean,     -0.004256690, -0.002484000, -0.000224453,
VCV (1),    0.000031466, -0.000010777, -0.000000514,
VCV (2),   -0.000010777,  0.000078954, -0.000000991,
VCV (3),   -0.000000514, -0.000000991,  0.000000368,
Cor (1),    1.000000000, -0.216215649, -0.150996190,
Cor (2),   -0.216215649,  1.000000000, -0.183813852,
Cor (3),   -0.150996190, -0.183813852,  1.000000000,
St.dev,     0.005609486,  0.008885606,  0.000607035,
Skewness,  -0.158233372, -0.003047771, -0.280658779,
Kurtosis,   0.119653298,  0.034663488,  0.030782384,
AutoCor,   -0.388815728,  0.626400707, -0.430780059,
Markow Autoregressive (lag 1) bivariate joint 3 asset model cond. params
uProb.,   0.488236224,  0.511763776,
Prob (1),   0.356972083,  0.643027917,
Prob (2),   0.613465699,  0.386534301,
Mean,     -0.002788185, -0.002577007, -0.000518746,
Cor (1),    1.000000000, -0.987318643, -0.291434216,
Cor (2),   -0.987318643,  1.000000000, -0.159384107,
Cor (3),   -0.291434216, -0.159384107,  1.000000000,
VCV (1),    0.000017799, -0.000031393, -0.000000670,
VCV (2),   -0.000031393,  0.000056801, -0.000000655,
VCV (3),   -0.000000670, -0.000000655,  0.000000297,
St.dev,     0.004218893,  0.007536636,  0.000545196,
Mean,     -0.005657684, -0.002395268,  0.000056310,
Cor (1),    1.000000000,  0.112376405,  0.223835273,
Cor (2),    0.112376405,  1.000000000, -0.817996585,
Cor (3),    0.223835273, -0.817996585,  1.000000000,
VCV (1),    0.000031379,  0.000003958,  0.000000479,
VCV (2),    0.000003958,  0.000039526, -0.000001963,
VCV (3),    0.000000479, -0.000001963,  0.000000146,
St.dev,     0.005601694,  0.006286944,  0.000381700,
AutoCor,   -0.398072604,  0.626493002, -0.481155777,

