Round No; 6; best result RLS; 15.502087655799

;;;
Statistical description of data for: Meginajums1
Calib/Tail/Per/Cur, 4176, 9999, 23, 0,
Title,    PE MARKET w  ,EQUITY LM SNP,REX BOND     ,
Mean,       0.000104436,  0.000075211,  0.000042226,
VCV (1),    0.033533792, -0.000018247, -0.000000770,
VCV (2),   -0.000018247,  0.000044333, -0.000000146,
VCV (3),   -0.000000770, -0.000000146,  0.000000045,
St.dev,     0.183122341,  0.006658326,  0.000210996,
Skewness,  -0.359429482, -0.013261914,  0.151860187,
Kurtosis,  20.092276212,  7.412958555, 34.388660560,
AutoCor,   -0.271804758, -0.019537378, -0.152000145,
No.; 1; Score; 15.502087655799;
Markow Autoregressive (lag 1) bivariate joint 3 asset model uncond. params
uMean,     -0.051434379,  0.000199141, -0.000003817,
VCV (1),    0.025128805, -0.000006342, -0.000014920,
VCV (2),   -0.000006342,  0.000057431, -0.000000200,
VCV (3),   -0.000014920, -0.000000200,  0.000000105,
Cor (1),    1.000000000, -0.005279330, -0.290538512,
Cor (2),   -0.005279330,  1.000000000, -0.081321108,
Cor (3),   -0.290538512, -0.081321108,  1.000000000,
St.dev,     0.158520677,  0.007578338,  0.000323955,
Skewness,  -0.323587175, -0.069035128,  0.272352108,
Kurtosis,  -0.477614206,  0.175745068,  0.204264551,
AutoCor,   -0.055637410, -0.479511059,  0.439380789,
Markow Autoregressive (lag 1) bivariate joint 3 asset model cond. params
uProb.,   0.546549988,  0.453450012,
Prob (1),   0.498794593,  0.501205407,
Prob (2),   0.604110270,  0.395889730,
Mean,      0.055170530,  0.000876676, -0.000108164,
Cor (1),    1.000000000, -0.785749097,  0.119166138,
Cor (2),   -0.785749097,  1.000000000,  0.772126171,
Cor (3),    0.119166138,  0.772126171,  1.000000000,
VCV (1),    0.008864598, -0.000412348,  0.000002321,
VCV (2),   -0.000412348,  0.000031067,  0.000000890,
VCV (3),    0.000002321,  0.000000890,  0.000000043,
St.dev,     0.094151993,  0.005573787,  0.000206862,
Mean,     -0.179926848, -0.000617501,  0.000121954,
Cor (1),    1.000000000,  0.314758460, -0.163425672,
Cor (2),    0.314758460,  1.000000000, -0.582604404,
Cor (3),   -0.163425672, -0.582604404,  1.000000000,
VCV (1),    0.014523669,  0.000290645, -0.000006126,
VCV (2),    0.000290645,  0.000058707, -0.000001388,
VCV (3),   -0.000006126, -0.000001388,  0.000000097,
St.dev,     0.120514187,  0.007662077,  0.000311041,
AutoCor,    0.003893396, -0.483151200,  0.517231890,

No.; 2; Score; 21.315370526724;
Markow Autoregressive (lag 1) bivariate joint 3 asset model uncond. params
uMean,     -0.020267939,  0.002142700,  0.000051713,
VCV (1),    0.045520048,  0.000147428, -0.000038501,
VCV (2),    0.000147428,  0.000063897, -0.000000158,
VCV (3),   -0.000038501, -0.000000158,  0.000000067,
Cor (1),    1.000000000,  0.086444797, -0.698257849,
Cor (2),    0.086444797,  1.000000000, -0.076442324,
Cor (3),   -0.698257849, -0.076442324,  1.000000000,
St.dev,     0.213354277,  0.007993560,  0.000258439,
Skewness,  -0.163539804,  0.129762761,  0.496701547,
Kurtosis,  -0.013959134,  0.176652116, -0.096439051,
AutoCor,    0.132821403,  0.514221756,  0.157736448,
Markow Autoregressive (lag 1) bivariate joint 3 asset model cond. params
uProb.,   0.515014162,  0.484985838,
Prob (1),   0.405320647,  0.594679353,
Prob (2),   0.631499448,  0.368500552,
Mean,      0.068623048,  0.003568616, -0.000108095,
Cor (1),    1.000000000, -0.501972241, -0.379869507,
Cor (2),   -0.501972241,  1.000000000,  0.590778515,
Cor (3),   -0.379869507,  0.590778515,  1.000000000,
VCV (1),    0.029927646, -0.000668861, -0.000008235,
VCV (2),   -0.000668861,  0.000059325,  0.000000570,
VCV (3),   -0.000008235,  0.000000570,  0.000000016,
St.dev,     0.172996085,  0.007702285,  0.000125307,
Mean,     -0.114662690,  0.000628497,  0.000221415,
Cor (1),    1.000000000,  0.692907874, -0.769578016,
Cor (2),    0.692907874,  1.000000000, -0.401842685,
Cor (3),   -0.769578016, -0.401842685,  1.000000000,
VCV (1),    0.041272211,  0.000733669, -0.000035197,
VCV (2),    0.000733669,  0.000027164, -0.000000471,
VCV (3),   -0.000035197, -0.000000471,  0.000000051,
St.dev,     0.203155631,  0.005211900,  0.000225127,
AutoCor,    0.213951990,  0.540115402,  0.420185992,

No.; 3; Score; 27.128653397648;
Markow Autoregressive (lag 1) bivariate joint 3 asset model uncond. params
uMean,     -0.055079824,  0.001608342,  0.000053828,
VCV (1),    0.027886524, -0.000259031, -0.000010057,
VCV (2),   -0.000259031,  0.000076983, -0.000000258,
VCV (3),   -0.000010057, -0.000000258,  0.000000039,
Cor (1),    1.000000000, -0.176790214, -0.304558075,
Cor (2),   -0.176790214,  1.000000000, -0.148849705,
Cor (3),   -0.304558075, -0.148849705,  1.000000000,
St.dev,     0.166992587,  0.008773984,  0.000197739,
Skewness,  -0.652979719,  0.106323372,  0.065192775,
Kurtosis,   0.563852751,  0.170832709,  0.467292954,
AutoCor,    0.058631569,  0.397525818,  0.279649000,
Markow Autoregressive (lag 1) bivariate joint 3 asset model cond. params
uProb.,   0.546818304,  0.453181696,
Prob (1),   0.415775852,  0.584224148,
Prob (2),   0.704936806,  0.295063194,
Mean,      0.019037846,  0.000395345,  0.000043878,
Cor (1),    1.000000000, -0.968195386, -0.714110230,
Cor (2),   -0.968195386,  1.000000000,  0.529035351,
Cor (3),   -0.714110230,  0.529035351,  1.000000000,
VCV (1),    0.009620695, -0.000638990, -0.000010291,
VCV (2),   -0.000638990,  0.000045275,  0.000000523,
VCV (3),   -0.000010291,  0.000000523,  0.000000022,
St.dev,     0.098085144,  0.006728651,  0.000146923,
Mean,     -0.144511721,  0.003071969,  0.000065834,
Cor (1),    1.000000000,  0.275061194, -0.161374891,
Cor (2),    0.275061194,  1.000000000, -0.553930088,
Cor (3),   -0.161374891, -0.553930088,  1.000000000,
VCV (1),    0.033990463,  0.000461775, -0.000006860,
VCV (2),    0.000461775,  0.000082917, -0.000001163,
VCV (3),   -0.000006860, -0.000001163,  0.000000053,
St.dev,     0.184365026,  0.009105886,  0.000230563,
AutoCor,    0.167076990,  0.413736007,  0.281392047,

No.; 4; Score; 32.941936268573;
Markow Autoregressive (lag 1) bivariate joint 3 asset model uncond. params
uMean,     -0.047310411, -0.000102844,  0.000112746,
VCV (1),    0.034562349,  0.000645233, -0.000033270,
VCV (2),    0.000645233,  0.000097777, -0.000000186,
VCV (3),   -0.000033270, -0.000000186,  0.000000080,
Cor (1),    1.000000000,  0.350990891, -0.632215390,
Cor (2),    0.350990891,  1.000000000, -0.066421794,
Cor (3),   -0.632215390, -0.066421794,  1.000000000,
St.dev,     0.185909517,  0.009888243,  0.000283062,
Skewness,  -0.359840562,  0.025690090,  0.157557035,
Kurtosis,  -0.121016617,  0.053143961,  0.166881621,
AutoCor,    0.092138743,  0.644709390,  0.567206536,
Markow Autoregressive (lag 1) bivariate joint 3 asset model cond. params
uProb.,   0.413346044,  0.586653956,
Prob (1),   0.018667124,  0.981332876,
Prob (2),   0.691429859,  0.308570141,
Mean,      0.072713794,  0.000704772,  0.000038307,
Cor (1),    1.000000000, -0.656256909, -0.825182007,
Cor (2),   -0.656256909,  1.000000000,  0.782746289,
Cor (3),   -0.825182007,  0.782746289,  1.000000000,
VCV (1),    0.008580882, -0.000525406, -0.000009794,
VCV (2),   -0.000525406,  0.000074698,  0.000000867,
VCV (3),   -0.000009794,  0.000000867,  0.000000016,
St.dev,     0.092633052,  0.008642818,  0.000128135,
Mean,     -0.131877352, -0.000671876,  0.000165194,
Cor (1),    1.000000000,  0.984814612, -0.622910536,
Cor (2),    0.984814612,  1.000000000, -0.446080966,
Cor (3),   -0.622910536, -0.446080966,  1.000000000,
VCV (1),    0.028565959,  0.001091058, -0.000027184,
VCV (2),    0.001091058,  0.000042967, -0.000000755,
VCV (3),   -0.000027184, -0.000000755,  0.000000067,
St.dev,     0.169014671,  0.006554944,  0.000258206,
AutoCor,    0.410167810,  0.650930832,  0.630720660,

No.; 5; Score; 38.755219139497;
Markow Autoregressive (lag 1) bivariate joint 3 asset model uncond. params
uMean,      0.010947920, -0.001415976,  0.000030816,
VCV (1),    0.029009934, -0.000414640, -0.000017094,
VCV (2),   -0.000414640,  0.000084001,  0.000000857,
VCV (3),   -0.000017094,  0.000000857,  0.000000031,
Cor (1),    1.000000000, -0.265617566, -0.573491414,
Cor (2),   -0.265617566,  1.000000000,  0.534094369,
Cor (3),   -0.573491414,  0.534094369,  1.000000000,
St.dev,     0.170323029,  0.009165180,  0.000175006,
Skewness,   0.458899842, -0.065772766, -0.255848283,
Kurtosis,   0.159228837,  0.044684064,  0.558285841,
AutoCor,   -0.048602434,  0.255456818, -0.179454723,
Markow Autoregressive (lag 1) bivariate joint 3 asset model cond. params
uProb.,   0.418174717,  0.581825283,
Prob (1),   0.184999033,  0.815000967,
Prob (2),   0.585764848,  0.414235152,
Mean,      0.120924237, -0.003429697, -0.000010736,
Cor (1),    1.000000000, -0.965045972, -0.362877319,
Cor (2),   -0.965045972,  1.000000000,  0.714777539,
Cor (3),   -0.362877319,  0.714777539,  1.000000000,
VCV (1),    0.028568672, -0.001516233, -0.000012845,
VCV (2),   -0.001516233,  0.000086406,  0.000001391,
VCV (3),   -0.000012845,  0.000001391,  0.000000044,
St.dev,     0.169022697,  0.009295504,  0.000209418,
Mean,     -0.068095251,  0.000031344,  0.000060680,
Cor (1),    1.000000000,  0.687231605, -0.951511610,
Cor (2),    0.687231605,  1.000000000,  0.402246670,
Cor (3),   -0.951511610,  0.402246670,  1.000000000,
VCV (1),    0.014022548,  0.000663185, -0.000014916,
VCV (2),    0.000663185,  0.000066410,  0.000000434,
VCV (3),   -0.000014916,  0.000000434,  0.000000018,
St.dev,     0.118416841,  0.008149260,  0.000132381,
AutoCor,    0.102074548,  0.279043625, -0.170109418,

No.; 6; Score; 44.568502010422;
Markow Autoregressive (lag 1) bivariate joint 3 asset model uncond. params
uMean,      0.006752687, -0.000011919,  0.000166250,
VCV (1),    0.033070597,  0.000226965, -0.000015242,
VCV (2),    0.000226965,  0.000039023,  0.000000224,
VCV (3),   -0.000015242,  0.000000224,  0.000000038,
Cor (1),    1.000000000,  0.199791506, -0.429662620,
Cor (2),    0.199791506,  1.000000000,  0.184164705,
Cor (3),   -0.429662620,  0.184164705,  1.000000000,
St.dev,     0.181853230,  0.006246836,  0.000195068,
Skewness,  -0.022836071, -0.364788079,  0.171633821,
Kurtosis,  -0.013907521,  0.165680393,  0.021800316,
AutoCor,    0.567865052, -0.128139222, -0.100799854,
Markow Autoregressive (lag 1) bivariate joint 3 asset model cond. params
uProb.,   0.504577410,  0.495422590,
Prob (1),   0.169908803,  0.830091197,
Prob (2),   0.845430296,  0.154569704,
Mean,      0.060890868,  0.002684226,  0.000091321,
Cor (1),    1.000000000, -0.619159741, -0.603697632,
Cor (2),   -0.619159741,  1.000000000,  0.313263867,
Cor (3),   -0.603697632,  0.313263867,  1.000000000,
VCV (1),    0.014636138, -0.000342195, -0.000011957,
VCV (2),   -0.000342195,  0.000020870,  0.000000234,
VCV (3),   -0.000011957,  0.000000234,  0.000000027,
St.dev,     0.120979907,  0.004568332,  0.000163717,
Mean,     -0.048385904, -0.002757886,  0.000242563,
Cor (1),    1.000000000,  0.598938148, -0.405198133,
Cor (2),    0.598938148,  1.000000000,  0.495300869,
Cor (3),   -0.405198133,  0.495300869,  1.000000000,
VCV (1),    0.016804679,  0.000506568, -0.000010235,
VCV (2),    0.000506568,  0.000042568,  0.000000630,
VCV (3),   -0.000010235,  0.000000630,  0.000000038,
St.dev,     0.129632861,  0.006524403,  0.000194848,
AutoCor,    0.691234705,  0.000027511,  0.000837847,

No.; 7; Score; 50.381784881347;
Markow Autoregressive (lag 1) bivariate joint 3 asset model uncond. params
uMean,      0.062374557,  0.000055806, -0.000024273,
VCV (1),    0.029936951,  0.000053354, -0.000032769,
VCV (2),    0.000053354,  0.000074729,  0.000000167,
VCV (3),   -0.000032769,  0.000000167,  0.000000063,
Cor (1),    1.000000000,  0.035671151, -0.756884152,
Cor (2),    0.035671151,  1.000000000,  0.076983088,
Cor (3),   -0.756884152,  0.076983088,  1.000000000,
St.dev,     0.173022977,  0.008644593,  0.000250223,
Skewness,  -0.297507336,  0.012315538,  0.222591824,
Kurtosis,  -0.290981647,  0.076090270,  0.088218585,
AutoCor,   -0.012633916,  0.257756212, -0.182887758,
Markow Autoregressive (lag 1) bivariate joint 3 asset model cond. params
uProb.,   0.532997563,  0.467002437,
Prob (1),   0.415623184,  0.584376816,
Prob (2),   0.666958873,  0.333041127,
Mean,      0.170026597, -0.000153284, -0.000113094,
Cor (1),    1.000000000, -0.510285230, -0.619224976,
Cor (2),   -0.510285230,  1.000000000,  0.472712109,
Cor (3),   -0.619224976,  0.472712109,  1.000000000,
VCV (1),    0.012527568, -0.000436497, -0.000014009,
VCV (2),   -0.000436497,  0.000058408,  0.000000730,
VCV (3),   -0.000014009,  0.000000730,  0.000000041,
St.dev,     0.111926618,  0.007642484,  0.000202127,
Mean,     -0.060490488,  0.000294443,  0.000077099,
Cor (1),    1.000000000,  0.508593909, -0.887021864,
Cor (2),    0.508593909,  1.000000000, -0.219799228,
Cor (3),   -0.887021864, -0.219799228,  1.000000000,
VCV (1),    0.020371840,  0.000659736, -0.000032226,
VCV (2),    0.000659736,  0.000082598, -0.000000508,
VCV (3),   -0.000032226, -0.000000508,  0.000000065,
St.dev,     0.142729953,  0.009088330,  0.000254538,
AutoCor,    0.176305505,  0.258096359, -0.171391157,

