Round No; 1; best result RLS; 12.665927798549

;;;
Statistical description of data for: Meginajums1
Calib/Tail/Per/Cur, 4176, 9999, 23, 0,
Title,    PE MARKET w  ,EQUITY LM SNP,REX BOND     ,
Mean,       0.000104436,  0.000075211,  0.000042226,
VCV (1),    0.033533792, -0.000018247, -0.000000770,
VCV (2),   -0.000018247,  0.000044333, -0.000000146,
VCV (3),   -0.000000770, -0.000000146,  0.000000045,
St.dev,     0.183122341,  0.006658326,  0.000210996,
Skewness,  -0.359429482, -0.013261914,  0.151860187,
Kurtosis,  20.092276212,  7.412958555, 34.388660560,
AutoCor,   -0.271804758, -0.019537378, -0.152000145,
No.; 1; Score; 12.665927798549;
Markow Autoregressive (lag 1) bivariate joint 3 asset model uncond. params
uMean,     -0.002248963,  0.000125824, -0.000075122,
VCV (1),    0.033231177, -0.000217262, -0.000011358,
VCV (2),   -0.000217262,  0.000074673, -0.000001024,
VCV (3),   -0.000011358, -0.000001024,  0.000000057,
Cor (1),    1.000000000, -0.137920732, -0.261796196,
Cor (2),   -0.137920732,  1.000000000, -0.497944971,
Cor (3),   -0.261796196, -0.497944971,  1.000000000,
St.dev,     0.182294206,  0.008641334,  0.000238003,
Skewness,  -0.117234909,  0.441765377, -0.260231880,
Kurtosis,   0.720995046,  0.260527908,  0.841710800,
AutoCor,   -0.203912183,  0.196340511,  0.022405817,
Markow Autoregressive (lag 1) bivariate joint 3 asset model cond. params
uProb.,   0.375547961,  0.624452039,
Prob (1),   0.216169443,  0.783830557,
Prob (2),   0.471398842,  0.528601158,
Mean,      0.016420476, -0.004225362, -0.000025740,
Cor (1),    1.000000000,  0.293913574,  0.423881836,
Cor (2),    0.293913574,  1.000000000, -0.215061035,
Cor (3),    0.423881836, -0.215061035,  1.000000000,
VCV (1),    0.010298881,  0.000129396,  0.000005342,
VCV (2),    0.000129396,  0.000018820, -0.000000116,
VCV (3),    0.000005342, -0.000000116,  0.000000015,
St.dev,     0.101483401,  0.004338178,  0.000124176,
Mean,     -0.013476839,  0.002742644, -0.000104821,
Cor (1),    1.000000000, -0.189653320, -0.377878794,
Cor (2),   -0.189653320,  1.000000000, -0.530268300,
Cor (3),   -0.377878794, -0.530268300,  1.000000000,
VCV (1),    0.044495294, -0.000362748, -0.000022406,
VCV (2),   -0.000362748,  0.000082220, -0.000001352,
VCV (3),   -0.000022406, -0.000001352,  0.000000079,
St.dev,     0.210939076,  0.009067503,  0.000281091,
AutoCor,   -0.203586426,  0.277585449,  0.029785156,

No.; 2; Score; 15.075266316143;
Markow Autoregressive (lag 1) bivariate joint 3 asset model uncond. params
uMean,     -0.000994918,  0.000844285,  0.000027482,
VCV (1),    0.033608693,  0.000457325,  0.000018370,
VCV (2),    0.000457325,  0.000064729, -0.000000820,
VCV (3),    0.000018370, -0.000000820,  0.000000068,
Cor (1),    1.000000000,  0.310063909,  0.384609357,
Cor (2),    0.310063909,  1.000000000, -0.391378029,
Cor (3),    0.384609357, -0.391378029,  1.000000000,
St.dev,     0.183326739,  0.008045406,  0.000260540,
Skewness,  -0.023804515, -0.464833166, -0.465285022,
Kurtosis,   0.330834363,  0.914433986,  0.403972159,
AutoCor,   -0.074311004,  0.048158571,  0.275329501,
Markow Autoregressive (lag 1) bivariate joint 3 asset model cond. params
uProb.,   0.406232197,  0.593767803,
Prob (1),   0.410819282,  0.589180718,
Prob (2),   0.403093898,  0.596906102,
Mean,     -0.006293222,  0.003468632,  0.000144215,
Cor (1),    1.000000000,  0.560603027,  0.705763794,
Cor (2),    0.560603027,  1.000000000, -0.391867676,
Cor (3),    0.705763794, -0.391867676,  1.000000000,
VCV (1),    0.046887413,  0.000457329,  0.000019859,
VCV (2),    0.000457329,  0.000014194, -0.000000192,
VCV (3),    0.000019859, -0.000000192,  0.000000017,
St.dev,     0.216535015,  0.003767428,  0.000129950,
Mean,      0.002629969, -0.000951188, -0.000052382,
Cor (1),    1.000000000,  0.320954590,  0.435722784,
Cor (2),    0.320954590,  1.000000000, -0.594316406,
Cor (3),    0.435722784, -0.594316406,  1.000000000,
VCV (1),    0.024178797,  0.000476345,  0.000018813,
VCV (2),    0.000476345,  0.000091101, -0.000001575,
VCV (3),    0.000018813, -0.000001575,  0.000000077,
St.dev,     0.155495328,  0.009544664,  0.000277667,
AutoCor,   -0.074357910,  0.051333008,  0.317933650,

No.; 3; Score; 18.35568635047;
Markow Autoregressive (lag 1) bivariate joint 3 asset model uncond. params
uMean,      0.001791294,  0.000964125,  0.000066554,
VCV (1),    0.033031616,  0.000209197,  0.000008118,
VCV (2),    0.000209197,  0.000058571,  0.000000089,
VCV (3),    0.000008118,  0.000000089,  0.000000078,
Cor (1),    1.000000000,  0.150400299,  0.160177614,
Cor (2),    0.150400299,  1.000000000,  0.041557269,
Cor (3),    0.160177614,  0.041557269,  1.000000000,
St.dev,     0.181746019,  0.007653175,  0.000278851,
Skewness,   0.139294636, -0.173837828, -0.209454387,
Kurtosis,   0.123212646,  0.251548457,  0.821746054,
AutoCor,    0.221809727,  0.205842164, -0.065346266,
Markow Autoregressive (lag 1) bivariate joint 3 asset model cond. params
uProb.,   0.665563823,  0.334436177,
Prob (1),   0.770815657,  0.229184343,
Prob (2),   0.456101397,  0.543898603,
Mean,      0.028216577,  0.002121379,  0.000040599,
Cor (1),    1.000000000,  0.231738281,  0.247849998,
Cor (2),    0.231738281,  1.000000000,  0.085891113,
Cor (3),    0.247849998,  0.085891113,  1.000000000,
VCV (1),    0.035590294,  0.000286534,  0.000015188,
VCV (2),    0.000286534,  0.000042956,  0.000000183,
VCV (3),    0.000015188,  0.000000183,  0.000000106,
St.dev,     0.188653901,  0.006554086,  0.000324812,
Mean,     -0.050797852, -0.001338935,  0.000118208,
Cor (1),    1.000000000, -0.121450195, -0.077915039,
Cor (2),   -0.121450195,  1.000000000,  0.075812988,
Cor (3),   -0.077915039,  0.075812988,  1.000000000,
VCV (1),    0.019299046, -0.000146064, -0.000001426,
VCV (2),   -0.000146064,  0.000074947,  0.000000086,
VCV (3),   -0.000001426,  0.000000086,  0.000000017,
St.dev,     0.138921006,  0.008657201,  0.000131714,
AutoCor,    0.217729449,  0.200651855, -0.072014160,

No.; 4; Score; 22.365535065483;
Markow Autoregressive (lag 1) bivariate joint 3 asset model uncond. params
uMean,      0.003535865,  0.002900296,  0.000150229,
VCV (1),    0.034251933, -0.000070350, -0.000024883,
VCV (2),   -0.000070350,  0.000026900, -0.000000463,
VCV (3),   -0.000024883, -0.000000463,  0.000000059,
Cor (1),    1.000000000, -0.073289784, -0.552045550,
Cor (2),   -0.073289784,  1.000000000, -0.366321261,
Cor (3),   -0.552045550, -0.366321261,  1.000000000,
St.dev,     0.185072777,  0.005186560,  0.000243550,
Skewness,  -0.451205634, -0.011736364, -0.120758818,
Kurtosis,   0.300296297, -0.049866829,  0.045265178,
AutoCor,    0.059278984,  0.129782669,  0.289788822,
Markow Autoregressive (lag 1) bivariate joint 3 asset model cond. params
uProb.,   0.616253733,  0.383746267,
Prob (1),   0.551143710,  0.448856290,
Prob (2),   0.720813173,  0.279186827,
Mean,      0.075040859,  0.004522542,  0.000100826,
Cor (1),    1.000000000, -0.372065751, -0.659772949,
Cor (2),   -0.372065751,  1.000000000, -0.533034668,
Cor (3),   -0.659772949, -0.533034668,  1.000000000,
VCV (1),    0.018299419, -0.000237236, -0.000021421,
VCV (2),   -0.000237236,  0.000022217, -0.000000603,
VCV (3),   -0.000021421, -0.000000603,  0.000000058,
St.dev,     0.135275347,  0.004713496,  0.000240007,
Mean,     -0.111293186,  0.000295151,  0.000229565,
Cor (1),    1.000000000, -0.304028320, -0.365141412,
Cor (2),   -0.304028320,  1.000000000,  0.168984375,
Cor (3),   -0.365141412,  0.168984375,  1.000000000,
VCV (1),    0.037300459, -0.000271459, -0.000013539,
VCV (2),   -0.000271459,  0.000021373,  0.000000150,
VCV (3),   -0.000013539,  0.000000150,  0.000000037,
St.dev,     0.193133267,  0.004623103,  0.000191987,
AutoCor,    0.131467285,  0.185596748,  0.322296507,

No.; 5; Score; 23.348079961356;
Markow Autoregressive (lag 1) bivariate joint 3 asset model uncond. params
uMean,     -0.001961184, -0.001155883,  0.000041155,
VCV (1),    0.032245670, -0.000434648, -0.000016152,
VCV (2),   -0.000434648,  0.000056913,  0.000000225,
VCV (3),   -0.000016152,  0.000000225,  0.000000077,
Cor (1),    1.000000000, -0.320845766, -0.324601793,
Cor (2),   -0.320845766,  1.000000000,  0.107864154,
Cor (3),   -0.324601793,  0.107864154,  1.000000000,
St.dev,     0.179570793,  0.007544068,  0.000277108,
Skewness,  -0.077007859,  0.026509565,  0.208600506,
Kurtosis,   0.098637899, -0.165812211,  1.090794758,
AutoCor,    0.055649521,  0.004499698,  0.028387063,
Markow Autoregressive (lag 1) bivariate joint 3 asset model cond. params
uProb.,   0.490995669,  0.509004331,
Prob (1),   0.552292569,  0.447707431,
Prob (2),   0.431867464,  0.568132536,
Mean,     -0.027807861,  0.002974607,  0.000008642,
Cor (1),    1.000000000,  0.143232422, -0.088981934,
Cor (2),    0.143232422,  1.000000000, -0.232955771,
Cor (3),   -0.088981934, -0.232955771,  1.000000000,
VCV (1),    0.037459547,  0.000177794, -0.000002909,
VCV (2),    0.000177794,  0.000041133, -0.000000252,
VCV (3),   -0.000002909, -0.000000252,  0.000000029,
St.dev,     0.193544689,  0.006413491,  0.000168902,
Mean,      0.022971034, -0.005140236,  0.000072517,
Cor (1),    1.000000000, -0.815742847, -0.545189025,
Cor (2),   -0.815742847,  1.000000000,  0.429499512,
Cor (3),   -0.545189025,  0.429499512,  1.000000000,
VCV (1),    0.025766982, -0.000824611, -0.000030471,
VCV (2),   -0.000824611,  0.000039658,  0.000000942,
VCV (3),   -0.000030471,  0.000000942,  0.000000121,
St.dev,     0.160520970,  0.006297438,  0.000348179,
AutoCor,    0.054328613, -0.042658691,  0.027148438,

No.; 6; Score; 32.528220946048;
Markow Autoregressive (lag 1) bivariate joint 3 asset model uncond. params
uMean,     -0.002447632, -0.001112125,  0.000000570,
VCV (1),    0.033985594, -0.000670511, -0.000009703,
VCV (2),   -0.000670511,  0.000065703,  0.000000597,
VCV (3),   -0.000009703,  0.000000597,  0.000000041,
Cor (1),    1.000000000, -0.448711085, -0.258991599,
Cor (2),   -0.448711085,  1.000000000,  0.362173420,
Cor (3),   -0.258991599,  0.362173420,  1.000000000,
St.dev,     0.184351820,  0.008105725,  0.000203217,
Skewness,   0.339122673, -0.012904521,  0.452955131,
Kurtosis,   1.312282691,  0.003393071,  0.432391093,
AutoCor,    0.280385488,  0.104146079,  0.468414232,
Markow Autoregressive (lag 1) bivariate joint 3 asset model cond. params
uProb.,   0.366953357,  0.633046643,
Prob (1),   0.391431360,  0.608568640,
Prob (2),   0.352764378,  0.647235622,
Mean,      0.039749797,  0.000041709,  0.000120469,
Cor (1),    1.000000000, -0.351459310, -0.416909180,
Cor (2),   -0.351459310,  1.000000000,  0.390803125,
Cor (3),   -0.416909180,  0.390803125,  1.000000000,
VCV (1),    0.058833989, -0.000663663, -0.000019712,
VCV (2),   -0.000663663,  0.000060606,  0.000000593,
VCV (3),   -0.000019712,  0.000000593,  0.000000038,
St.dev,     0.242557187,  0.007784991,  0.000194926,
Mean,     -0.026907897, -0.001780959, -0.000068931,
Cor (1),    1.000000000, -0.721156133, -0.396328125,
Cor (2),   -0.721156133,  1.000000000,  0.460331318,
Cor (3),   -0.396328125,  0.460331318,  1.000000000,
VCV (1),    0.013635076, -0.000685715, -0.000005217,
VCV (2),   -0.000685715,  0.000066309,  0.000000423,
VCV (3),   -0.000005217,  0.000000423,  0.000000013,
St.dev,     0.116769327,  0.008143026,  0.000112729,
AutoCor,    0.287956543,  0.104924316,  0.577050781,

No.; 7; Score; 34.129519954549;
Markow Autoregressive (lag 1) bivariate joint 3 asset model uncond. params
uMean,     -0.002481634,  0.000438415,  0.000105649,
VCV (1),    0.034684206,  0.000257823, -0.000009688,
VCV (2),    0.000257823,  0.000058504,  0.000000020,
VCV (3),   -0.000009688,  0.000000020,  0.000000032,
Cor (1),    1.000000000,  0.180993596, -0.291076072,
Cor (2),    0.180993596,  1.000000000,  0.014685875,
Cor (3),   -0.291076072,  0.014685875,  1.000000000,
St.dev,     0.186236962,  0.007648798,  0.000178723,
Skewness,   0.353875218,  0.226779464, -0.021593432,
Kurtosis,   1.315103728,  0.743649844,  0.321134080,
AutoCor,   -0.177407778,  0.645400799,  0.148408332,
Markow Autoregressive (lag 1) bivariate joint 3 asset model cond. params
uProb.,   0.341746328,  0.658253672,
Prob (1),   0.566699077,  0.433300923,
Prob (2),   0.224957347,  0.775042653,
Mean,      0.044587607,  0.002238135,  0.000100187,
Cor (1),    1.000000000,  0.218049316, -0.696283733,
Cor (2),    0.218049316,  1.000000000,  0.236511306,
Cor (3),   -0.696283733,  0.236511306,  1.000000000,
VCV (1),    0.062679684,  0.000433134, -0.000037226,
VCV (2),    0.000433134,  0.000062952,  0.000000401,
VCV (3),   -0.000037226,  0.000000401,  0.000000046,
St.dev,     0.250359110,  0.007934218,  0.000213546,
Mean,     -0.026918627, -0.000495948,  0.000108484,
Cor (1),    1.000000000,  0.270073242,  0.222008702,
Cor (2),    0.270073242,  1.000000000, -0.275654297,
Cor (3),    0.222008702, -0.275654297,  1.000000000,
VCV (1),    0.016460953,  0.000141495,  0.000004391,
VCV (2),    0.000141495,  0.000016675, -0.000000174,
VCV (3),    0.000004391, -0.000000174,  0.000000024,
St.dev,     0.128300245,  0.004083485,  0.000154142,
AutoCor,   -0.195214844,  0.654387207,  0.148314552,

No.; 8; Score; 38.091942025706;
Markow Autoregressive (lag 1) bivariate joint 3 asset model uncond. params
uMean,     -0.000497903, -0.000348872,  0.000050364,
VCV (1),    0.032090023,  0.000261835,  0.000008232,
VCV (2),    0.000261835,  0.000051261,  0.000000204,
VCV (3),    0.000008232,  0.000000204,  0.000000049,
Cor (1),    1.000000000,  0.204148744,  0.208341078,
Cor (2),    0.204148744,  1.000000000,  0.129278097,
Cor (3),    0.208341078,  0.129278097,  1.000000000,
St.dev,     0.179136883,  0.007159711,  0.000220577,
Skewness,   0.273958295,  0.027748070, -0.059775003,
Kurtosis,   0.659992180,  0.099751875,  0.276313841,
AutoCor,    0.222075440, -0.351250208,  0.222568175,
Markow Autoregressive (lag 1) bivariate joint 3 asset model cond. params
uProb.,   0.620719536,  0.379280464,
Prob (1),   0.681866808,  0.318133192,
Prob (2),   0.520647665,  0.479352335,
Mean,      0.026059882, -0.000636251,  0.000061751,
Cor (1),    1.000000000,  0.179736328,  0.210073242,
Cor (2),    0.179736328,  1.000000000, -0.370794204,
Cor (3),    0.210073242, -0.370794204,  1.000000000,
VCV (1),    0.041507034,  0.000224878,  0.000007970,
VCV (2),    0.000224878,  0.000037714, -0.000000424,
VCV (3),    0.000007970, -0.000000424,  0.000000035,
St.dev,     0.203732751,  0.006141151,  0.000186229,
Mean,     -0.043961612,  0.000121443,  0.000031728,
Cor (1),    1.000000000,  0.563020020,  0.255329590,
Cor (2),    0.563020020,  1.000000000,  0.676121228,
Cor (3),    0.255329590,  0.676121228,  1.000000000,
VCV (1),    0.009529792,  0.000412465,  0.000006336,
VCV (2),    0.000412465,  0.000056317,  0.000001290,
VCV (3),    0.000006336,  0.000001290,  0.000000065,
St.dev,     0.097620655,  0.007504495,  0.000254206,
AutoCor,    0.224346162, -0.352604980,  0.222836914,

No.; 9; Score; 38.69632699283;
Markow Autoregressive (lag 1) bivariate joint 3 asset model uncond. params
uMean,     -0.001186334, -0.002245350,  0.000096770,
VCV (1),    0.034761802,  0.000097338, -0.000006935,
VCV (2),    0.000097338,  0.000025752,  0.000000655,
VCV (3),   -0.000006935,  0.000000655,  0.000000109,
Cor (1),    1.000000000,  0.102877658, -0.112873000,
Cor (2),    0.102877658,  1.000000000,  0.391805232,
Cor (3),   -0.112873000,  0.391805232,  1.000000000,
St.dev,     0.186445171,  0.005074688,  0.000329524,
Skewness,  -0.002136764,  0.088234431,  0.014623976,
Kurtosis,   0.001132491,  0.404373886,  0.000064797,
AutoCor,    0.205432017,  0.299608363,  0.357142787,
Markow Autoregressive (lag 1) bivariate joint 3 asset model cond. params
uProb.,   0.435443281,  0.564556719,
Prob (1),   0.395611102,  0.604388898,
Prob (2),   0.466165889,  0.533834111,
Mean,      0.006500753, -0.001779155,  0.000033558,
Cor (1),    1.000000000,  0.284597168,  0.198911133,
Cor (2),    0.284597168,  1.000000000,  0.318054199,
Cor (3),    0.198911133,  0.318054199,  1.000000000,
VCV (1),    0.032460523,  0.000298950,  0.000010581,
VCV (2),    0.000298950,  0.000033992,  0.000000547,
VCV (3),    0.000010581,  0.000000547,  0.000000087,
St.dev,     0.180168041,  0.005830298,  0.000295245,
Mean,     -0.007115394, -0.002604927,  0.000145525,
Cor (1),    1.000000000, -0.103227539, -0.334790039,
Cor (2),   -0.103227539,  1.000000000,  0.543026579,
Cor (3),   -0.334790039,  0.543026579,  1.000000000,
VCV (1),    0.033851746, -0.000073475, -0.000018897,
VCV (2),   -0.000073475,  0.000014966,  0.000000644,
VCV (3),   -0.000018897,  0.000000644,  0.000000094,
St.dev,     0.183988439,  0.003868581,  0.000306777,
AutoCor,    0.205794346,  0.302033691,  0.369636230,

No.; 10; Score; 40.149237428559;
Markow Autoregressive (lag 1) bivariate joint 3 asset model uncond. params
uMean,      0.001801336,  0.000991631,  0.000042662,
VCV (1),    0.035149293, -0.000017820,  0.000003847,
VCV (2),   -0.000017820,  0.000038527,  0.000000749,
VCV (3),    0.000003847,  0.000000749,  0.000000048,
Cor (1),    1.000000000, -0.015313291,  0.094096606,
Cor (2),   -0.015313291,  1.000000000,  0.553061662,
Cor (3),    0.094096606,  0.553061662,  1.000000000,
St.dev,     0.187481448,  0.006207009,  0.000218087,
Skewness,   0.038279891,  0.003887337,  0.264684457,
Kurtosis,  -0.036273697,  0.001364607,  0.441392694,
AutoCor,    0.127994840,  0.419246280,  0.183926364,
Markow Autoregressive (lag 1) bivariate joint 3 asset model cond. params
uProb.,   0.654686220,  0.345313780,
Prob (1),   0.579572645,  0.420427355,
Prob (2),   0.797095314,  0.202904686,
Mean,     -0.051206926,  0.001250107,  0.000004043,
Cor (1),    1.000000000,  0.213793945,  0.272365723,
Cor (2),    0.213793945,  1.000000000,  0.529284668,
Cor (3),    0.272365723,  0.529284668,  1.000000000,
VCV (1),    0.028751109,  0.000205901,  0.000008079,
VCV (2),    0.000205901,  0.000032260,  0.000000526,
VCV (3),    0.000008079,  0.000000526,  0.000000031,
St.dev,     0.169561519,  0.005679828,  0.000174946,
Mean,      0.102300595,  0.000501582,  0.000115881,
Cor (1),    1.000000000, -0.395017090, -0.354265137,
Cor (2),   -0.395017090,  1.000000000,  0.729028770,
Cor (3),   -0.354265137,  0.729028770,  1.000000000,
VCV (1),    0.028743945, -0.000368638, -0.000015412,
VCV (2),   -0.000368638,  0.000030299,  0.000001030,
VCV (3),   -0.000015412,  0.000001030,  0.000000066,
St.dev,     0.169540394,  0.005504413,  0.000256603,
AutoCor,    0.189716797,  0.421346706,  0.209301758,

No.; 11; Score; 40.479769488323;
Markow Autoregressive (lag 1) bivariate joint 3 asset model uncond. params
uMean,     -0.002773201,  0.003796930,  0.000014309,
VCV (1),    0.032182561, -0.000365116, -0.000006595,
VCV (2),   -0.000365116,  0.000070310,  0.000000497,
VCV (3),   -0.000006595,  0.000000497,  0.000000056,
Cor (1),    1.000000000, -0.242723633, -0.155203321,
Cor (2),   -0.242723633,  1.000000000,  0.250136404,
Cor (3),   -0.155203321,  0.250136404,  1.000000000,
St.dev,     0.179394987,  0.008385106,  0.000236852,
Skewness,  -0.010500803, -0.157053291,  0.020953935,
Kurtosis,   0.073823603,  0.162996850, -0.013040766,
AutoCor,   -0.132874668,  0.603685001,  0.215371534,
Markow Autoregressive (lag 1) bivariate joint 3 asset model cond. params
uProb.,   0.761355293,  0.238644707,
Prob (1),   0.801223705,  0.198776295,
Prob (2),   0.634161915,  0.365838085,
Mean,     -0.000525941,  0.005163524, -0.000025746,
Cor (1),    1.000000000, -0.476675842, -0.245148926,
Cor (2),   -0.476675842,  1.000000000,  0.340187988,
Cor (3),   -0.245148926,  0.340187988,  1.000000000,
VCV (1),    0.028790590, -0.000459917, -0.000009203,
VCV (2),   -0.000459917,  0.000032334,  0.000000428,
VCV (3),   -0.000009203,  0.000000428,  0.000000049,
St.dev,     0.169677901,  0.005686317,  0.000221245,
Mean,     -0.009942703, -0.000562954,  0.000142096,
Cor (1),    1.000000000, -0.160136719,  0.049335938,
Cor (2),   -0.160136719,  1.000000000,  0.653968355,
Cor (3),    0.049335938,  0.653968355,  1.000000000,
VCV (1),    0.040551396, -0.000238334,  0.000002156,
VCV (2),   -0.000238334,  0.000054624,  0.000001049,
VCV (3),    0.000002156,  0.000001049,  0.000000047,
St.dev,     0.201373772,  0.007390819,  0.000217024,
AutoCor,   -0.133024902,  0.644110972,  0.220221837,

No.; 12; Score; 43.226519967653;
Markow Autoregressive (lag 1) bivariate joint 3 asset model uncond. params
uMean,      0.004080499, -0.000679514, -0.000005749,
VCV (1),    0.034277594,  0.000089938,  0.000004831,
VCV (2),    0.000089938,  0.000098816, -0.000000038,
VCV (3),    0.000004831, -0.000000038,  0.000000030,
Cor (1),    1.000000000,  0.048867922,  0.150469703,
Cor (2),    0.048867922,  1.000000000, -0.022155911,
Cor (3),    0.150469703, -0.022155911,  1.000000000,
St.dev,     0.185142093,  0.009940601,  0.000173431,
Skewness,   0.110004849, -0.265463833,  0.030670988,
Kurtosis,   0.091532649, -0.035539240,  0.019968006,
AutoCor,    0.495437374, -0.214876182,  0.087689452,
Markow Autoregressive (lag 1) bivariate joint 3 asset model cond. params
uProb.,   0.399249774,  0.600750226,
Prob (1),   0.331165492,  0.668834508,
Prob (2),   0.444497588,  0.555502412,
Mean,     -0.041772728,  0.004806559, -0.000030934,
Cor (1),    1.000000000,  0.243720703, -0.339685820,
Cor (2),    0.243720703,  1.000000000,  0.595034180,
Cor (3),   -0.339685820,  0.595034180,  1.000000000,
VCV (1),    0.015830825,  0.000209929, -0.000006912,
VCV (2),    0.000209929,  0.000046866,  0.000000659,
VCV (3),   -0.000006912,  0.000000659,  0.000000026,
St.dev,     0.125820608,  0.006845847,  0.000161720,
Mean,      0.034553880, -0.004325477,  0.000010989,
Cor (1),    1.000000000,  0.207770774,  0.362673340,
Cor (2),    0.207770774,  1.000000000, -0.202844238,
Cor (3),    0.362673340, -0.202844238,  1.000000000,
VCV (1),    0.029337020,  0.000342170,  0.000011039,
VCV (2),    0.000342170,  0.000092448, -0.000000347,
VCV (3),    0.000011039, -0.000000347,  0.000000032,
St.dev,     0.171280532,  0.009614998,  0.000177709,
AutoCor,    0.521308048, -0.240646973,  0.090546875,

No.; 13; Score; 44.637872749392;
Markow Autoregressive (lag 1) bivariate joint 3 asset model uncond. params
uMean,      0.002022380, -0.001423512,  0.000090118,
VCV (1),    0.033092263, -0.000201146,  0.000029529,
VCV (2),   -0.000201146,  0.000094396, -0.000000240,
VCV (3),    0.000029529, -0.000000240,  0.000000105,
Cor (1),    1.000000000, -0.113807937,  0.501735827,
Cor (2),   -0.113807937,  1.000000000, -0.076502372,
Cor (3),    0.501735827, -0.076502372,  1.000000000,
St.dev,     0.181912789,  0.009715736,  0.000323524,
Skewness,  -0.009487446, -0.066197560,  0.054731936,
Kurtosis,   0.026776774,  0.515014051,  0.026903394,
AutoCor,    0.183357681,  0.630732096,  0.315277381,
Markow Autoregressive (lag 1) bivariate joint 3 asset model cond. params
uProb.,   0.586854485,  0.413145515,
Prob (1),   0.656628890,  0.343371110,
Prob (2),   0.487743103,  0.512256897,
Mean,      0.007148566, -0.001895314,  0.000137381,
Cor (1),    1.000000000, -0.175883789,  0.370217285,
Cor (2),   -0.175883789,  1.000000000,  0.111818848,
Cor (3),    0.370217285,  0.111818848,  1.000000000,
VCV (1),    0.029347396, -0.000277228,  0.000020102,
VCV (2),   -0.000277228,  0.000084655,  0.000000326,
VCV (3),    0.000020102,  0.000000326,  0.000000100,
St.dev,     0.171310816,  0.009200820,  0.000316957,
Mean,     -0.005259135, -0.000753340,  0.000022983,
Cor (1),    1.000000000, -0.038261719,  0.720514179,
Cor (2),   -0.038261719,  1.000000000, -0.766163743,
Cor (3),    0.720514179, -0.766163743,  1.000000000,
VCV (1),    0.035630980, -0.000029275,  0.000037943,
VCV (2),   -0.000029275,  0.000016429, -0.000000866,
VCV (3),    0.000037943, -0.000000866,  0.000000078,
St.dev,     0.188761701,  0.004053327,  0.000278978,
AutoCor,    0.183374023,  0.632284299,  0.319854010,

No.; 14; Score; 49.251439021663;
Markow Autoregressive (lag 1) bivariate joint 3 asset model uncond. params
uMean,      0.003386856,  0.002539227,  0.000030682,
VCV (1),    0.035374023,  0.000137125,  0.000009603,
VCV (2),    0.000137125,  0.000041747,  0.000000284,
VCV (3),    0.000009603,  0.000000284,  0.000000048,
Cor (1),    1.000000000,  0.112839173,  0.231876422,
Cor (2),    0.112839173,  1.000000000,  0.199719235,
Cor (3),    0.231876422,  0.199719235,  1.000000000,
St.dev,     0.188079831,  0.006461208,  0.000220202,
Skewness,   0.001490993, -0.037024716, -0.142972496,
Kurtosis,  -0.082810427,  0.003660861, -0.137662610,
AutoCor,   -0.104451918,  0.622228680,  0.210138937,
Markow Autoregressive (lag 1) bivariate joint 3 asset model cond. params
uProb.,   0.425098712,  0.574901288,
Prob (1),   0.420138223,  0.579861777,
Prob (2),   0.428766642,  0.571233358,
Mean,     -0.094457508,  0.000633106, -0.000110785,
Cor (1),    1.000000000,  0.428438049,  0.470148926,
Cor (2),    0.428438049,  1.000000000, -0.032717285,
Cor (3),    0.470148926, -0.032717285,  1.000000000,
VCV (1),    0.026951057,  0.000343200,  0.000014161,
VCV (2),    0.000343200,  0.000023809, -0.000000029,
VCV (3),    0.000014161, -0.000000029,  0.000000034,
St.dev,     0.164167770,  0.004879453,  0.000183466,
Mean,      0.075735821,  0.003948668,  0.000135287,
Cor (1),    1.000000000, -0.336240234, -0.409665527,
Cor (2),   -0.336240234,  1.000000000,  0.184006348,
Cor (3),   -0.409665527,  0.184006348,  1.000000000,
VCV (1),    0.028477154, -0.000255247, -0.000011613,
VCV (2),   -0.000255247,  0.000020236,  0.000000139,
VCV (3),   -0.000011613,  0.000000139,  0.000000028,
St.dev,     0.168751752,  0.004498443,  0.000167981,
AutoCor,   -0.128425293,  0.665618597,  0.306230469,

No.; 15; Score; 51.057496992649;
Markow Autoregressive (lag 1) bivariate joint 3 asset model uncond. params
uMean,     -0.003831816,  0.000443938,  0.000020770,
VCV (1),    0.034386353,  0.000055469,  0.000014618,
VCV (2),    0.000055469,  0.000074284, -0.000000355,
VCV (3),    0.000014618, -0.000000355,  0.000000039,
Cor (1),    1.000000000,  0.034706303,  0.398304512,
Cor (2),    0.034706303,  1.000000000, -0.208084862,
Cor (3),    0.398304512, -0.208084862,  1.000000000,
St.dev,     0.185435577,  0.008618796,  0.000197914,
Skewness,   0.023903803,  0.025280349, -0.585573545,
Kurtosis,   0.106475045,  0.233301476,  0.751417789,
AutoCor,    0.654959799,  0.010301952,  0.327438514,
Markow Autoregressive (lag 1) bivariate joint 3 asset model cond. params
uProb.,   0.636026032,  0.363973968,
Prob (1),   0.630691369,  0.369308631,
Prob (2),   0.645348085,  0.354651915,
Mean,     -0.010429401,  0.000640714,  0.000084936,
Cor (1),    1.000000000, -0.155866699,  0.230405273,
Cor (2),   -0.155866699,  1.000000000, -0.684122578,
Cor (3),    0.230405273, -0.684122578,  1.000000000,
VCV (1),    0.015101489, -0.000181619,  0.000003380,
VCV (2),   -0.000181619,  0.000089908, -0.000000774,
VCV (3),    0.000003380, -0.000000774,  0.000000014,
St.dev,     0.122888114,  0.009481974,  0.000119358,
Mean,      0.007697129,  0.000100083, -0.000091356,
Cor (1),    1.000000000,  0.420626259,  0.689384042,
Cor (2),    0.420626259,  1.000000000,  0.213251339,
Cor (3),    0.689384042,  0.213251339,  1.000000000,
VCV (1),    0.027255770,  0.000474926,  0.000025087,
VCV (2),    0.000474926,  0.000046774,  0.000000321,
VCV (3),    0.000025087,  0.000000321,  0.000000049,
St.dev,     0.165093217,  0.006839117,  0.000220427,
AutoCor,    0.656444285,  0.010324707,  0.404411621,

No.; 16; Score; 51.457574579745;
Markow Autoregressive (lag 1) bivariate joint 3 asset model uncond. params
uMean,      0.001386040, -0.001935081,  0.000126533,
VCV (1),    0.034949529, -0.000826658,  0.000001523,
VCV (2),   -0.000826658,  0.000057014,  0.000000094,
VCV (3),    0.000001523,  0.000000094,  0.000000093,
Cor (1),    1.000000000, -0.585619227,  0.026701693,
Cor (2),   -0.585619227,  1.000000000,  0.040904838,
Cor (3),    0.026701693,  0.040904838,  1.000000000,
St.dev,     0.186947931,  0.007550750,  0.000305171,
Skewness,   0.230985184, -0.424828398, -0.016447859,
Kurtosis,   0.365301776,  0.396842884,  0.103679320,
AutoCor,   -0.220334172,  0.223005160,  0.770674898,
Markow Autoregressive (lag 1) bivariate joint 3 asset model cond. params
uProb.,   0.437976596,  0.562023404,
Prob (1),   0.721334680,  0.278665320,
Prob (2),   0.217159797,  0.782840203,
Mean,     -0.044132679,  0.001096686,  0.000138619,
Cor (1),    1.000000000, -0.382119141, -0.240373535,
Cor (2),   -0.382119141,  1.000000000,  0.022456055,
Cor (3),   -0.240373535,  0.022456055,  1.000000000,
VCV (1),    0.017297067, -0.000236547, -0.000005110,
VCV (2),   -0.000236547,  0.000022155,  0.000000017,
VCV (3),   -0.000005110,  0.000000017,  0.000000026,
St.dev,     0.131518316,  0.004706866,  0.000161649,
Mean,      0.036858110, -0.004297692,  0.000117114,
Cor (1),    1.000000000, -0.681273050,  0.183760783,
Cor (2),   -0.681273050,  1.000000000,  0.048691406,
Cor (3),    0.183760783,  0.048691406,  1.000000000,
VCV (1),    0.041963207, -0.001154853,  0.000008140,
VCV (2),   -0.001154853,  0.000068477,  0.000000087,
VCV (3),    0.000008140,  0.000000087,  0.000000047,
St.dev,     0.204849230,  0.008275063,  0.000216234,
AutoCor,   -0.255427246,  0.182604980,  0.771001070,

No.; 17; Score; 52.370229202558;
Markow Autoregressive (lag 1) bivariate joint 3 asset model uncond. params
uMean,      0.000419603,  0.003281247, -0.000039445,
VCV (1),    0.032905533, -0.000630341, -0.000016717,
VCV (2),   -0.000630341,  0.000114623,  0.000000645,
VCV (3),   -0.000016717,  0.000000645,  0.000000062,
Cor (1),    1.000000000, -0.324566750, -0.368801113,
Cor (2),   -0.324566750,  1.000000000,  0.241186361,
Cor (3),   -0.368801113,  0.241186361,  1.000000000,
St.dev,     0.181398824,  0.010706236,  0.000249881,
Skewness,  -0.022193087, -0.163486549,  0.014360334,
Kurtosis,   0.596091441,  0.660363136, -0.004930833,
AutoCor,    0.252901293,  0.704392509,  0.014896744,
Markow Autoregressive (lag 1) bivariate joint 3 asset model cond. params
uProb.,   0.485114678,  0.514885322,
Prob (1),   0.598830358,  0.401169642,
Prob (2),   0.377974033,  0.622025967,
Mean,     -0.002688000,  0.001801662,  0.000021785,
Cor (1),    1.000000000, -0.538952164, -0.374538574,
Cor (2),   -0.538952164,  1.000000000,  0.755421492,
Cor (3),   -0.374538574,  0.755421492,  1.000000000,
VCV (1),    0.045660380, -0.001139162, -0.000019625,
VCV (2),   -0.001139162,  0.000097843,  0.000001832,
VCV (3),   -0.000019625,  0.000001832,  0.000000060,
St.dev,     0.213682897,  0.009891580,  0.000245214,
Mean,      0.003347526,  0.004675282, -0.000097135,
Cor (1),    1.000000000,  0.124687500, -0.437078121,
Cor (2),    0.124687500,  1.000000000, -0.330717773,
Cor (3),   -0.437078121, -0.330717773,  1.000000000,
VCV (1),    0.016783817,  0.000063004, -0.000013608,
VCV (2),    0.000063004,  0.000015212, -0.000000310,
VCV (3),   -0.000013608, -0.000000310,  0.000000058,
St.dev,     0.129552373,  0.003900289,  0.000240325,
AutoCor,    0.252910156,  0.713252944,  0.002546387,

No.; 18; Score; 56.571970821526;
Markow Autoregressive (lag 1) bivariate joint 3 asset model uncond. params
uMean,     -0.004415177, -0.002238755,  0.000007725,
VCV (1),    0.035439653,  0.000286547,  0.000028061,
VCV (2),    0.000286547,  0.000092353, -0.000001547,
VCV (3),    0.000028061, -0.000001547,  0.000000103,
Cor (1),    1.000000000,  0.158389384,  0.463838412,
Cor (2),    0.158389384,  1.000000000, -0.500928827,
Cor (3),    0.463838412, -0.500928827,  1.000000000,
St.dev,     0.188254223,  0.009610043,  0.000321359,
Skewness,   0.036616615, -0.104397209,  0.186831493,
Kurtosis,   0.062186285,  0.330704717,  0.142631720,
AutoCor,   -0.231982252,  0.300048231,  0.461239303,
Markow Autoregressive (lag 1) bivariate joint 3 asset model cond. params
uProb.,   0.364299835,  0.635700165,
Prob (1),   0.520642746,  0.479357254,
Prob (2),   0.274704615,  0.725295385,
Mean,     -0.025132111, -0.000919685, -0.000100811,
Cor (1),    1.000000000,  0.582997289,  0.568300781,
Cor (2),    0.582997289,  1.000000000,  0.493012946,
Cor (3),    0.568300781,  0.493012946,  1.000000000,
VCV (1),    0.026418986,  0.000620714,  0.000018855,
VCV (2),    0.000620714,  0.000042908,  0.000000659,
VCV (3),    0.000018855,  0.000000659,  0.000000042,
St.dev,     0.162539184,  0.006550390,  0.000204123,
Mean,      0.007457049, -0.002994673,  0.000069924,
Cor (1),    1.000000000,  0.077204590,  0.611242676,
Cor (2),    0.077204590,  1.000000000, -0.746676987,
Cor (3),    0.611242676, -0.746676987,  1.000000000,
VCV (1),    0.037156445,  0.000153314,  0.000036030,
VCV (2),    0.000153314,  0.000106131, -0.000002352,
VCV (3),    0.000036030, -0.000002352,  0.000000094,
St.dev,     0.192760070,  0.010301991,  0.000305796,
AutoCor,   -0.235322266,  0.300638819,  0.476297916,

No.; 19; Score; 57.488315753912;
Markow Autoregressive (lag 1) bivariate joint 3 asset model uncond. params
uMean,      0.004674023,  0.001495001,  0.000013452,
VCV (1),    0.034188883,  0.000145861,  0.000017352,
VCV (2),    0.000145861,  0.000075850, -0.000001071,
VCV (3),    0.000017352, -0.000001071,  0.000000128,
Cor (1),    1.000000000,  0.090577203,  0.262262953,
Cor (2),    0.090577203,  1.000000000, -0.343533300,
Cor (3),    0.262262953, -0.343533300,  1.000000000,
St.dev,     0.184902360,  0.008709203,  0.000357818,
Skewness,  -0.022698640,  0.004366547,  0.004980520,
Kurtosis,   0.001153668,  0.008752405, -0.001027953,
AutoCor,    0.355939137,  0.161277457,  0.801929750,
Markow Autoregressive (lag 1) bivariate joint 3 asset model cond. params
uProb.,   0.507446898,  0.492553102,
Prob (1),   0.522755894,  0.477244106,
Prob (2),   0.491674989,  0.508325011,
Mean,      0.041446451,  0.001726223, -0.000045752,
Cor (1),    1.000000000,  0.295107422,  0.630735186,
Cor (2),    0.295107422,  1.000000000, -0.578920898,
Cor (3),    0.630735186, -0.578920898,  1.000000000,
VCV (1),    0.027068779,  0.000428408,  0.000020413,
VCV (2),    0.000428408,  0.000077855, -0.000001005,
VCV (3),    0.000020413, -0.000001005,  0.000000039,
St.dev,     0.164525921,  0.008823546,  0.000196710,
Mean,     -0.033210328,  0.001256788,  0.000074447,
Cor (1),    1.000000000, -0.125097656,  0.190012207,
Cor (2),   -0.125097656,  1.000000000, -0.487151021,
Cor (3),    0.190012207, -0.487151021,  1.000000000,
VCV (1),    0.029593596, -0.000179621,  0.000006627,
VCV (2),   -0.000179621,  0.000069666, -0.000000824,
VCV (3),    0.000006627, -0.000000824,  0.000000041,
St.dev,     0.172027894,  0.008346604,  0.000202738,
AutoCor,    0.369738468,  0.161372070,  0.824302403,

No.; 20; Score; 62.172550686553;
Markow Autoregressive (lag 1) bivariate joint 3 asset model uncond. params
uMean,     -0.001804202,  0.001050547,  0.000003794,
VCV (1),    0.034631986, -0.000426272, -0.000003803,
VCV (2),   -0.000426272,  0.000061538, -0.000000438,
VCV (3),   -0.000003803, -0.000000438,  0.000000073,
Cor (1),    1.000000000, -0.291995948, -0.075686110,
Cor (2),   -0.291995948,  1.000000000, -0.206807179,
Cor (3),   -0.075686110, -0.206807179,  1.000000000,
St.dev,     0.186096711,  0.007844609,  0.000270037,
Skewness,  -0.103721386, -0.009801240, -0.000540954,
Kurtosis,   0.172798104,  0.024330194,  0.000063928,
AutoCor,    0.612362969,  0.751265439, -0.282670897,
Markow Autoregressive (lag 1) bivariate joint 3 asset model cond. params
uProb.,   0.362927016,  0.637072984,
Prob (1),   0.481688912,  0.518311088,
Prob (2),   0.295270874,  0.704729126,
Mean,     -0.041435236,  0.000593410,  0.000016219,
Cor (1),    1.000000000,  0.281157864,  0.149025879,
Cor (2),    0.281157864,  1.000000000, -0.119355469,
Cor (3),    0.149025879, -0.119355469,  1.000000000,
VCV (1),    0.029560084,  0.000273635,  0.000006606,
VCV (2),    0.000273635,  0.000032043, -0.000000174,
VCV (3),    0.000006606, -0.000000174,  0.000000066,
St.dev,     0.171930463,  0.005660675,  0.000257824,
Mean,      0.020772761,  0.001310968, -0.000003284,
Cor (1),    1.000000000, -0.858953958, -0.317819824,
Cor (2),   -0.858953958,  1.000000000, -0.578576660,
Cor (3),   -0.317819824, -0.578576660,  1.000000000,
VCV (1),    0.015519331, -0.000519635, -0.000010270,
VCV (2),   -0.000519635,  0.000023582, -0.000000729,
VCV (3),   -0.000010270, -0.000000729,  0.000000067,
St.dev,     0.124576607,  0.004856152,  0.000259390,
AutoCor,    0.623659494,  0.752360283, -0.283237305,

No.; 21; Score; 62.28374069462;
Markow Autoregressive (lag 1) bivariate joint 3 asset model uncond. params
uMean,      0.000361463, -0.000165634,  0.000070506,
VCV (1),    0.033606178,  0.000241919, -0.000001519,
VCV (2),    0.000241919,  0.000096280,  0.000000342,
VCV (3),   -0.000001519,  0.000000342,  0.000000069,
Cor (1),    1.000000000,  0.134490235, -0.031455657,
Cor (2),    0.134490235,  1.000000000,  0.132359745,
Cor (3),   -0.031455657,  0.132359745,  1.000000000,
St.dev,     0.183319880,  0.009812262,  0.000263335,
Skewness,  -0.147254366,  0.127402990,  0.244712517,
Kurtosis,  -0.162521561,  0.406775659,  0.428030469,
AutoCor,    0.379475365,  0.787982572,  0.422904579,
Markow Autoregressive (lag 1) bivariate joint 3 asset model cond. params
uProb.,   0.688468578,  0.311531422,
Prob (1),   0.812156897,  0.187843103,
Prob (2),   0.415123693,  0.584876307,
Mean,     -0.057817839, -0.001134991,  0.000106902,
Cor (1),    1.000000000,  0.397917480,  0.060043945,
Cor (2),    0.397917480,  1.000000000,  0.346560059,
Cor (3),    0.060043945,  0.346560059,  1.000000000,
VCV (1),    0.025972891,  0.000291757,  0.000002600,
VCV (2),    0.000291757,  0.000020698,  0.000000424,
VCV (3),    0.000002600,  0.000000424,  0.000000072,
St.dev,     0.161161072,  0.004549549,  0.000268642,
Mean,      0.128934758,  0.001976597, -0.000009926,
Cor (1),    1.000000000, -0.390000000,  0.185595703,
Cor (2),   -0.390000000,  1.000000000, -0.043439941,
Cor (3),    0.185595703, -0.043439941,  1.000000000,
VCV (1),    0.014705440, -0.000380587,  0.000002791,
VCV (2),   -0.000380587,  0.000064759, -0.000000043,
VCV (3),    0.000002791, -0.000000043,  0.000000015,
St.dev,     0.121265990,  0.008047309,  0.000123989,
AutoCor,    0.374448242,  0.796600479,  0.424044862,

No.; 22; Score; 63.37976935645;
Markow Autoregressive (lag 1) bivariate joint 3 asset model uncond. params
uMean,     -0.001558174,  0.000920837,  0.000138258,
VCV (1),    0.032665571, -0.000310535,  0.000007182,
VCV (2),   -0.000310535,  0.000135823, -0.000000404,
VCV (3),    0.000007182, -0.000000404,  0.000000085,
Cor (1),    1.000000000, -0.147427981,  0.136522391,
Cor (2),   -0.147427981,  1.000000000, -0.119032036,
Cor (3),    0.136522391, -0.119032036,  1.000000000,
St.dev,     0.180736192,  0.011654291,  0.000291060,
Skewness,  -0.124241439, -0.008586019,  0.102516145,
Kurtosis,   0.156721930,  0.005779770,  0.154338164,
AutoCor,    0.223605422,  0.728453293, -0.036142023,
Markow Autoregressive (lag 1) bivariate joint 3 asset model cond. params
uProb.,   0.427898862,  0.572101138,
Prob (1),   0.368444560,  0.631555440,
Prob (2),   0.472367272,  0.527632728,
Mean,     -0.040294695, -0.000132097,  0.000189798,
Cor (1),    1.000000000,  0.106237793,  0.062270508,
Cor (2),    0.106237793,  1.000000000,  0.323613281,
Cor (3),    0.062270508,  0.323613281,  1.000000000,
VCV (1),    0.038158209,  0.000171541,  0.000003928,
VCV (2),    0.000171541,  0.000068327,  0.000000864,
VCV (3),    0.000003928,  0.000000864,  0.000000104,
