Round No; 4; best result RLS; 27.272656308832

;;;
Statistical description of data for: Meginajums1
Calib/Tail/Per/Cur, 4176, 9999, 23, 0,
Title,    PE MARKET w  ,EQUITY LM SNP,REX BOND     ,
Mean,       0.000104436,  0.000075211,  0.000042226,
VCV (1),    0.033533792, -0.000018247, -0.000000770,
VCV (2),   -0.000018247,  0.000044333, -0.000000146,
VCV (3),   -0.000000770, -0.000000146,  0.000000045,
St.dev,     0.183122341,  0.006658326,  0.000210996,
Skewness,  -0.359429482, -0.013261914,  0.151860187,
Kurtosis,  20.092276212,  7.412958555, 34.388660560,
AutoCor,   -0.271804758, -0.019537378, -0.152000145,
No.; 1; Score; 27.272656308832;
Markow Autoregressive (lag 1) bivariate joint 3 asset model uncond. params
uMean,      0.000464465,  0.000557513,  0.000104001,
VCV (1),    0.033803777, -0.000094174, -0.000022830,
VCV (2),   -0.000094174,  0.000057233,  0.000000637,
VCV (3),   -0.000022830,  0.000000637,  0.000000052,
Cor (1),    1.000000000, -0.067705925, -0.547023679,
Cor (2),   -0.067705925,  1.000000000,  0.370966816,
Cor (3),   -0.547023679,  0.370966816,  1.000000000,
St.dev,     0.183858035,  0.007565241,  0.000226993,
Skewness,  -0.255157373, -0.047410646,  0.387405087,
Kurtosis,  -0.388801229,  0.045865291,  0.411623633,
AutoCor,   -0.018150865,  0.072550777,  0.184926383,
Markow Autoregressive (lag 1) bivariate joint 3 asset model cond. params
uProb.,   0.514561601,  0.485438399,
Prob (1),   0.237405974,  0.762594026,
Prob (2),   0.808344796,  0.191655204,
Mean,      0.123402503, -0.000371815,  0.000028528,
Cor (1),    1.000000000, -0.970688624, -0.139055545,
Cor (2),   -0.970688624,  1.000000000,  0.609627022,
Cor (3),   -0.139055545,  0.609627022,  1.000000000,
VCV (1),    0.009441015, -0.000748143, -0.000002011,
VCV (2),   -0.000748143,  0.000062920,  0.000000720,
VCV (3),   -0.000002011,  0.000000720,  0.000000022,
St.dev,     0.097164885,  0.007932229,  0.000148826,
Mean,     -0.129849070,  0.001542594,  0.000184002,
Cor (1),    1.000000000,  0.900809025, -0.621498504,
Cor (2),    0.900809025,  1.000000000,  0.211641784,
Cor (3),   -0.621498504,  0.211641784,  1.000000000,
VCV (1),    0.018191280,  0.000846292, -0.000020973,
VCV (2),    0.000846292,  0.000048519,  0.000000369,
VCV (3),   -0.000020973,  0.000000369,  0.000000063,
St.dev,     0.134875053,  0.006965558,  0.000250203,
AutoCor,    0.479841115,  0.083010977,  0.285257742,

No.; 2; Score; 28.731022184364;
Markow Autoregressive (lag 1) bivariate joint 3 asset model uncond. params
uMean,     -0.000385670,  0.000146915,  0.000145699,
VCV (1),    0.033185858,  0.000295221, -0.000046731,
VCV (2),    0.000295221,  0.000054349,  0.000000607,
VCV (3),   -0.000046731,  0.000000607,  0.000000325,
Cor (1),    1.000000000,  0.219825157, -0.450221803,
Cor (2),    0.219825157,  1.000000000,  0.144626286,
Cor (3),   -0.450221803,  0.144626286,  1.000000000,
St.dev,     0.182169861,  0.007372146,  0.000569773,
Skewness,  -0.055185926, -0.020635511,  0.031990709,
Kurtosis,  -0.119514368, -0.129515027,  0.202210246,
AutoCor,    0.507004151,  0.663566735,  0.893257817,
Markow Autoregressive (lag 1) bivariate joint 3 asset model cond. params
uProb.,   0.423274196,  0.576725804,
Prob (1),   0.552247458,  0.447752542,
Prob (2),   0.328617336,  0.671382664,
Mean,      0.102767895,  0.004451134,  0.000190844,
Cor (1),    1.000000000, -0.985441278, -0.711585513,
Cor (2),   -0.985441278,  1.000000000, -0.107362589,
Cor (3),   -0.711585513, -0.107362589,  1.000000000,
VCV (1),    0.014194175, -0.000404067, -0.000028397,
VCV (2),   -0.000404067,  0.000011845, -0.000000124,
VCV (3),   -0.000028397, -0.000000124,  0.000000112,
St.dev,     0.119139308,  0.003441657,  0.000334960,
Mean,     -0.076092777, -0.003012065,  0.000112565,
Cor (1),    1.000000000,  0.507543440, -0.884235235,
Cor (2),    0.507543440,  1.000000000,  0.473553411,
Cor (3),   -0.884235235,  0.473553411,  1.000000000,
VCV (1),    0.018047226,  0.000269011, -0.000019799,
VCV (2),    0.000269011,  0.000015566,  0.000000311,
VCV (3),   -0.000019799,  0.000000311,  0.000000028,
St.dev,     0.134339963,  0.003945408,  0.000166673,
AutoCor,    0.594211064,  0.810353398,  0.896357488,

No.; 3; Score; 36.82337522162;
Markow Autoregressive (lag 1) bivariate joint 3 asset model uncond. params
uMean,      0.018752856, -0.000833867,  0.000130722,
VCV (1),    0.034010852, -0.000619365, -0.000009008,
VCV (2),   -0.000619365,  0.000065381,  0.000000166,
VCV (3),   -0.000009008,  0.000000166,  0.000000104,
Cor (1),    1.000000000, -0.415348220, -0.151629131,
Cor (2),   -0.415348220,  1.000000000,  0.063798245,
Cor (3),   -0.151629131,  0.063798245,  1.000000000,
St.dev,     0.184420314,  0.008085851,  0.000322131,
Skewness,   0.446895065,  0.056096750, -0.231868816,
Kurtosis,   0.150194379,  0.395098962,  0.086780451,
AutoCor,    0.172267612,  0.442733362,  0.077118652,
Markow Autoregressive (lag 1) bivariate joint 3 asset model cond. params
uProb.,   0.671985202,  0.328014798,
Prob (1),   0.607539007,  0.392460993,
Prob (2),   0.804012445,  0.195987555,
Mean,     -0.058125697, -0.000538212,  0.000233514,
Cor (1),    1.000000000, -0.400967419,  0.755133994,
Cor (2),   -0.400967419,  1.000000000, -0.142346237,
Cor (3),    0.755133994, -0.142346237,  1.000000000,
VCV (1),    0.014830311, -0.000406509,  0.000024621,
VCV (2),   -0.000406509,  0.000069306, -0.000000317,
VCV (3),    0.000024621, -0.000000317,  0.000000072,
St.dev,     0.121779766,  0.008325024,  0.000267732,
Mean,      0.176249560, -0.001439559, -0.000079862,
Cor (1),    1.000000000, -0.904556043, -0.579587132,
Cor (2),   -0.904556043,  1.000000000,  0.721974622,
Cor (3),   -0.579587132,  0.721974622,  1.000000000,
VCV (1),    0.026945764, -0.000621537, -0.000029774,
VCV (2),   -0.000621537,  0.000017522,  0.000000946,
VCV (3),   -0.000029774,  0.000000946,  0.000000098,
St.dev,     0.164151651,  0.004185873,  0.000312950,
AutoCor,    0.376112506,  0.444488934,  0.149233744,

No.; 4; Score; 40.279907991948;
Markow Autoregressive (lag 1) bivariate joint 3 asset model uncond. params
uMean,      0.000486724, -0.000130534, -0.000090299,
VCV (1),    0.032867506,  0.000968691,  0.000009165,
VCV (2),    0.000968691,  0.000060470,  0.000000715,
VCV (3),    0.000009165,  0.000000715,  0.000000052,
Cor (1),    1.000000000,  0.687121788,  0.220863450,
Cor (2),    0.687121788,  1.000000000,  0.401840032,
Cor (3),    0.220863450,  0.401840032,  1.000000000,
St.dev,     0.181293976,  0.007776215,  0.000228888,
Skewness,  -0.156409014, -0.135337629, -0.217050860,
Kurtosis,  -0.217222582, -0.436802255,  0.560329303,
AutoCor,    0.345477228,  0.303613325,  0.385728521,
Markow Autoregressive (lag 1) bivariate joint 3 asset model cond. params
uProb.,   0.441291296,  0.558708704,
Prob (1),   0.428372574,  0.571627426,
Prob (2),   0.451495038,  0.548504962,
Mean,      0.117072067,  0.005783899, -0.000047131,
Cor (1),    1.000000000,  0.052684020,  0.280655080,
Cor (2),    0.052684020,  1.000000000,  0.012899915,
Cor (3),    0.280655080,  0.012899915,  1.000000000,
VCV (1),    0.011695219,  0.000021922,  0.000003981,
VCV (2),    0.000021922,  0.000014804,  0.000000007,
VCV (3),    0.000003981,  0.000000007,  0.000000017,
St.dev,     0.108144437,  0.003847653,  0.000131155,
Mean,     -0.091597213, -0.004801999, -0.000124396,
Cor (1),    1.000000000,  0.699800664,  0.119981145,
Cor (2),    0.699800664,  1.000000000,  0.534053281,
Cor (3),    0.119981145,  0.534053281,  1.000000000,
VCV (1),    0.019487051,  0.000511494,  0.000004209,
VCV (2),    0.000511494,  0.000027415,  0.000000703,
VCV (3),    0.000004209,  0.000000703,  0.000000063,
St.dev,     0.139596026,  0.005235921,  0.000251286,
AutoCor,    0.524276081,  0.578499977,  0.397547240,

No.; 5; Score; 61.015361263404;
Markow Autoregressive (lag 1) bivariate joint 3 asset model uncond. params
uMean,      0.000115234,  0.000397998,  0.000056449,
VCV (1),    0.033396713, -0.001100557, -0.000008182,
VCV (2),   -0.001100557,  0.000095095,  0.000001205,
VCV (3),   -0.000008182,  0.000001205,  0.000000106,
Cor (1),    1.000000000, -0.617562074, -0.137243524,
Cor (2),   -0.617562074,  1.000000000,  0.378689647,
Cor (3),   -0.137243524,  0.378689647,  1.000000000,
St.dev,     0.182747676,  0.009751691,  0.000326237,
Skewness,   0.006896507,  0.111773305, -0.003624527,
Kurtosis,   0.302585619, -0.059455339,  0.088137279,
AutoCor,    0.584361235,  0.680608708,  0.081047584,
Markow Autoregressive (lag 1) bivariate joint 3 asset model cond. params
uProb.,   0.271212515,  0.728787485,
Prob (1),   0.450689862,  0.549310138,
Prob (2),   0.204421435,  0.795578565,
Mean,      0.002414432, -0.005734076,  0.000060218,
Cor (1),    1.000000000, -0.522542043,  0.610873809,
Cor (2),   -0.522542043,  1.000000000,  0.379696415,
Cor (3),    0.610873809,  0.379696415,  1.000000000,
VCV (1),    0.037007858, -0.000389705,  0.000032368,
VCV (2),   -0.000389705,  0.000015029,  0.000000405,
VCV (3),    0.000032368,  0.000000405,  0.000000076,
St.dev,     0.192374266,  0.003876748,  0.000275431,
Mean,     -0.000740395,  0.002680002,  0.000055046,
Cor (1),    1.000000000, -0.834910539, -0.519575563,
Cor (2),   -0.834910539,  1.000000000,  0.636196326,
Cor (3),   -0.519575563,  0.636196326,  1.000000000,
VCV (1),    0.016401765, -0.000694312, -0.000022745,
VCV (2),   -0.000694312,  0.000042164,  0.000001412,
VCV (3),   -0.000022745,  0.000001412,  0.000000117,
St.dev,     0.128069377,  0.006493357,  0.000341818,
AutoCor,    0.584381152,  0.755550118,  0.081039378,

No.; 6; Score; 78.752378079809;
Markow Autoregressive (lag 1) bivariate joint 3 asset model uncond. params
uMean,     -0.008742236, -0.001400302, -0.000040663,
VCV (1),    0.034442231, -0.000447236, -0.000017475,
VCV (2),   -0.000447236,  0.000090891, -0.000000731,
VCV (3),   -0.000017475, -0.000000731,  0.000000104,
Cor (1),    1.000000000, -0.252773482, -0.292567785,
Cor (2),   -0.252773482,  1.000000000, -0.238083858,
Cor (3),   -0.292567785, -0.238083858,  1.000000000,
St.dev,     0.185586181,  0.009533659,  0.000321845,
Skewness,   0.025430304,  0.304987521, -0.343016011,
Kurtosis,   0.189937244,  0.239208336,  0.578696225,
AutoCor,    0.202185389,  0.098924144, -0.003798768,
Markow Autoregressive (lag 1) bivariate joint 3 asset model cond. params
uProb.,   0.523965490,  0.476034510,
Prob (1),   0.249598031,  0.750401969,
Prob (2),   0.825958468,  0.174041532,
Mean,     -0.014706662, -0.004568821,  0.000039349,
Cor (1),    1.000000000,  0.481803380,  0.369535342,
Cor (2),    0.481803380,  1.000000000,  0.494651690,
Cor (3),    0.369535342,  0.494651690,  1.000000000,
VCV (1),    0.024535988,  0.000541234,  0.000013363,
VCV (2),    0.000541234,  0.000051431,  0.000000819,
VCV (3),    0.000013363,  0.000000819,  0.000000053,
St.dev,     0.156639677,  0.007171560,  0.000230856,
Mean,     -0.002177263,  0.002087250, -0.000128732,
Cor (1),    1.000000000, -0.731459439, -0.641636251,
Cor (2),   -0.731459439,  1.000000000, -0.474422656,
Cor (3),   -0.641636251, -0.474422656,  1.000000000,
VCV (1),    0.042283380, -0.001540518, -0.000050040,
VCV (2),   -0.001540518,  0.000104902, -0.000001843,
VCV (3),   -0.000050040, -0.000001843,  0.000000144,
St.dev,     0.205629230,  0.010242164,  0.000379264,
AutoCor,    0.203071501,  0.192387577,  0.037994279,

