Round No; 10; best result RLS; 22.147041835989

;;;
Statistical description of data for: Meginajums1
Calib/Tail/Per/Cur, 4176, 9999, 23, 0,
Title,    PE MARKET w  ,EQUITY LM SNP,REX BOND     ,
Mean,       0.000104436,  0.000075211,  0.000042226,
VCV (1),    0.033533792, -0.000018247, -0.000000770,
VCV (2),   -0.000018247,  0.000044333, -0.000000146,
VCV (3),   -0.000000770, -0.000000146,  0.000000045,
St.dev,     0.183122341,  0.006658326,  0.000210996,
Skewness,  -0.359429482, -0.013261914,  0.151860187,
Kurtosis,  20.092276212,  7.412958555, 34.388660560,
AutoCor,   -0.271804758, -0.019537378, -0.152000145,
No.; 1; Score; 22.147041835989;
Markow Autoregressive (lag 1) bivariate joint 3 asset model uncond. params
uMean,      0.000295087, -0.000176150,  0.000093643,
VCV (1),    0.033530037, -0.000076355, -0.000024480,
VCV (2),   -0.000076355,  0.000046895,  0.000000396,
VCV (3),   -0.000024480,  0.000000396,  0.000000050,
Cor (1),    1.000000000, -0.060891510, -0.596432395,
Cor (2),   -0.060891510,  1.000000000,  0.257913752,
Cor (3),   -0.596432395,  0.257913752,  1.000000000,
St.dev,     0.183112088,  0.006848024,  0.000224148,
Skewness,  -0.174861053, -0.009240317,  0.346798846,
Kurtosis,  -0.317717001,  0.010633158,  0.225782629,
AutoCor,    0.127937670,  0.105228552,  0.208125512,
Markow Autoregressive (lag 1) bivariate joint 3 asset model cond. params
uProb.,   0.527408651,  0.472591349,
Prob (1),   0.276125928,  0.723874072,
Prob (2),   0.807838418,  0.192161582,
Mean,      0.113113991, -0.000510225,  0.000009233,
Cor (1),    1.000000000, -0.999224564, -0.308279884,
Cor (2),   -0.999224564,  1.000000000,  0.729038493,
Cor (3),   -0.308279884,  0.729038493,  1.000000000,
VCV (1),    0.009249166, -0.000672066, -0.000004475,
VCV (2),   -0.000672066,  0.000048910,  0.000000770,
VCV (3),   -0.000004475,  0.000000770,  0.000000023,
St.dev,     0.096172586,  0.006993550,  0.000150927,
Mean,     -0.125610022,  0.000196676,  0.000187845,
Cor (1),    1.000000000,  0.840958499, -0.635059774,
Cor (2),    0.840958499,  1.000000000, -0.076608379,
Cor (3),   -0.635059774, -0.076608379,  1.000000000,
VCV (1),    0.015215194,  0.000682211, -0.000018081,
VCV (2),    0.000682211,  0.000043252, -0.000000116,
VCV (3),   -0.000018081, -0.000000116,  0.000000053,
St.dev,     0.123349884,  0.006576659,  0.000230816,
AutoCor,    0.612787010,  0.106924735,  0.347232134,

No.; 2; Score; 28.731022184364;
Markow Autoregressive (lag 1) bivariate joint 3 asset model uncond. params
uMean,     -0.000385670,  0.000146915,  0.000145699,
VCV (1),    0.033185858,  0.000295221, -0.000046731,
VCV (2),    0.000295221,  0.000054349,  0.000000607,
VCV (3),   -0.000046731,  0.000000607,  0.000000325,
Cor (1),    1.000000000,  0.219825157, -0.450221803,
Cor (2),    0.219825157,  1.000000000,  0.144626286,
Cor (3),   -0.450221803,  0.144626286,  1.000000000,
St.dev,     0.182169861,  0.007372146,  0.000569773,
Skewness,  -0.055185926, -0.020635511,  0.031990709,
Kurtosis,  -0.119514368, -0.129515027,  0.202210246,
AutoCor,    0.507004151,  0.663566735,  0.893257817,
Markow Autoregressive (lag 1) bivariate joint 3 asset model cond. params
uProb.,   0.423274196,  0.576725804,
Prob (1),   0.552247458,  0.447752542,
Prob (2),   0.328617336,  0.671382664,
Mean,      0.102767895,  0.004451134,  0.000190844,
Cor (1),    1.000000000, -0.985441278, -0.711585513,
Cor (2),   -0.985441278,  1.000000000, -0.107362589,
Cor (3),   -0.711585513, -0.107362589,  1.000000000,
VCV (1),    0.014194175, -0.000404067, -0.000028397,
VCV (2),   -0.000404067,  0.000011845, -0.000000124,
VCV (3),   -0.000028397, -0.000000124,  0.000000112,
St.dev,     0.119139308,  0.003441657,  0.000334960,
Mean,     -0.076092777, -0.003012065,  0.000112565,
Cor (1),    1.000000000,  0.507543440, -0.884235235,
Cor (2),    0.507543440,  1.000000000,  0.473553411,
Cor (3),   -0.884235235,  0.473553411,  1.000000000,
VCV (1),    0.018047226,  0.000269011, -0.000019799,
VCV (2),    0.000269011,  0.000015566,  0.000000311,
VCV (3),   -0.000019799,  0.000000311,  0.000000028,
St.dev,     0.134339963,  0.003945408,  0.000166673,
AutoCor,    0.594211064,  0.810353398,  0.896357488,

No.; 3; Score; 33.968684538053;
Markow Autoregressive (lag 1) bivariate joint 3 asset model uncond. params
uMean,     -0.000153634, -0.000313668,  0.000070851,
VCV (1),    0.033589768, -0.000960453, -0.000004755,
VCV (2),   -0.000960453,  0.000069916,  0.000001147,
VCV (3),   -0.000004755,  0.000001147,  0.000000096,
Cor (1),    1.000000000, -0.626736894, -0.083743865,
Cor (2),   -0.626736894,  1.000000000,  0.442842295,
Cor (3),   -0.083743865,  0.442842295,  1.000000000,
St.dev,     0.183275115,  0.008361558,  0.000309784,
Skewness,   0.014630968,  0.184769458, -0.016198386,
Kurtosis,   0.125730667, -0.044938759,  0.028869597,
AutoCor,    0.595319181,  0.569765018,  0.084662916,
Markow Autoregressive (lag 1) bivariate joint 3 asset model cond. params
uProb.,   0.326435156,  0.673564844,
Prob (1),   0.421075971,  0.578924029,
Prob (2),   0.280568615,  0.719431385,
Mean,      0.006555150, -0.005191416,  0.000094976,
Cor (1),    1.000000000, -0.682817958,  0.731924067,
Cor (2),   -0.682817958,  1.000000000,  0.386309818,
Cor (3),    0.731924067,  0.386309818,  1.000000000,
VCV (1),    0.030426092, -0.000464598,  0.000036377,
VCV (2),   -0.000464598,  0.000015216,  0.000000429,
VCV (3),    0.000036377,  0.000000429,  0.000000081,
St.dev,     0.174430766,  0.003900758,  0.000284931,
Mean,     -0.003404966,  0.002050275,  0.000059159,
Cor (1),    1.000000000, -0.735813269, -0.580911745,
Cor (2),   -0.735813269,  1.000000000,  0.715018099,
Cor (3),   -0.580911745,  0.715018099,  1.000000000,
VCV (1),    0.017410864, -0.000630494, -0.000024444,
VCV (2),   -0.000630494,  0.000042170,  0.000001481,
VCV (3),   -0.000024444,  0.000001481,  0.000000102,
St.dev,     0.131950232,  0.006493865,  0.000318898,
AutoCor,    0.595614718,  0.654541123,  0.084498284,

