Round No; 3; best result RLS; 15.075266316143

;;;
Statistical description of data for: Meginajums1
Calib/Tail/Per/Cur, 4176, 9999, 23, 0,
Title,    PE MARKET w  ,EQUITY LM SNP,REX BOND     ,
Mean,       0.000104436,  0.000075211,  0.000042226,
VCV (1),    0.033533792, -0.000018247, -0.000000770,
VCV (2),   -0.000018247,  0.000044333, -0.000000146,
VCV (3),   -0.000000770, -0.000000146,  0.000000045,
St.dev,     0.183122341,  0.006658326,  0.000210996,
Skewness,  -0.359429482, -0.013261914,  0.151860187,
Kurtosis,  20.092276212,  7.412958555, 34.388660560,
AutoCor,   -0.271804758, -0.019537378, -0.152000145,
No.; 1; Score; 15.075266316143;
Markow Autoregressive (lag 1) bivariate joint 3 asset model uncond. params
uMean,     -0.077250829,  0.002487364, -0.000045788,
VCV (1),    0.061770357,  0.000181105,  0.000022908,
VCV (2),    0.000181105,  0.000104286,  0.000000779,
VCV (3),    0.000022908,  0.000000779,  0.000000109,
Cor (1),    1.000000000,  0.071355546,  0.278880254,
Cor (2),    0.071355546,  1.000000000,  0.230697163,
Cor (3),    0.278880254,  0.230697163,  1.000000000,
St.dev,     0.248536430,  0.010212066,  0.000330511,
Skewness,  -0.032287652, -0.494211659, -0.294275598,
Kurtosis,   0.278170286,  0.971211788,  0.848054575,
AutoCor,    0.496991927, -0.614599446, -0.452359349,
Markow Autoregressive (lag 1) bivariate joint 3 asset model cond. params
uProb.,   0.658259484,  0.341740516,
Prob (1),   0.642648453,  0.357351547,
Prob (2),   0.688329401,  0.311670599,
Mean,     -0.083771497,  0.005046733,  0.000000526,
Cor (1),    1.000000000,  0.817976074,  0.806984497,
Cor (2),    0.817976074,  1.000000000,  0.218337402,
Cor (3),    0.806984497,  0.218337402,  1.000000000,
VCV (1),    0.059724329,  0.000730547,  0.000040716,
VCV (2),    0.000730547,  0.000013356,  0.000000165,
VCV (3),    0.000040716,  0.000000165,  0.000000043,
St.dev,     0.244385616,  0.003654532,  0.000206454,
Mean,     -0.064690739, -0.002442484, -0.000134998,
Cor (1),    1.000000000, -0.369670410,  0.110576300,
Cor (2),   -0.369670410,  1.000000000,  0.181757813,
Cor (3),    0.110576300,  0.181757813,  1.000000000,
VCV (1),    0.020755607, -0.000567959,  0.000006332,
VCV (2),   -0.000567959,  0.000113728,  0.000000770,
VCV (3),    0.000006332,  0.000000770,  0.000000158,
St.dev,     0.144068065,  0.010664355,  0.000397488,
AutoCor,    0.497712403, -0.692905273, -0.468345647,

No.; 2; Score; 25.643024766795;
Markow Autoregressive (lag 1) bivariate joint 3 asset model uncond. params
uMean,      0.000134037,  0.000064462,  0.000071365,
VCV (1),    0.033793615,  0.000030147,  0.000020453,
VCV (2),    0.000030147,  0.000094852,  0.000000568,
VCV (3),    0.000020453,  0.000000568,  0.000000025,
Cor (1),    1.000000000,  0.016838646,  0.705620547,
Cor (2),    0.016838646,  1.000000000,  0.369623628,
Cor (3),    0.705620547,  0.369623628,  1.000000000,
St.dev,     0.183830396,  0.009739191,  0.000157676,
Skewness,   0.726893281, -0.223451404, -0.100388369,
Kurtosis,   1.134572024,  0.404450744, -0.126919005,
AutoCor,   -0.154241474, -0.531220287, -0.285991487,
Markow Autoregressive (lag 1) bivariate joint 3 asset model cond. params
uProb.,   0.425611432,  0.574388568,
Prob (1),   0.171989655,  0.828010345,
Prob (2),   0.613540534,  0.386459466,
Mean,      0.086699509,  0.002380483,  0.000161540,
Cor (1),    1.000000000,  0.610251925,  0.621230157,
Cor (2),    0.610251925,  1.000000000,  0.364249072,
Cor (3),    0.621230157,  0.364249072,  1.000000000,
VCV (1),    0.050886987,  0.000602674,  0.000017194,
VCV (2),    0.000602674,  0.000019166,  0.000000196,
VCV (3),    0.000017194,  0.000000196,  0.000000015,
St.dev,     0.225581443,  0.004377945,  0.000122696,
Mean,     -0.064009395, -0.001651667,  0.000004547,
Cor (1),    1.000000000, -0.616320801,  0.827336356,
Cor (2),   -0.616320801,  1.000000000,  0.345371094,
Cor (3),    0.827336356,  0.345371094,  1.000000000,
VCV (1),    0.010990936, -0.000641937,  0.000012208,
VCV (2),   -0.000641937,  0.000098704,  0.000000483,
VCV (3),    0.000012208,  0.000000483,  0.000000020,
St.dev,     0.104837667,  0.009935007,  0.000140744,
AutoCor,   -0.097752128, -0.535142050, -0.236231467,

No.; 3; Score; 32.474860992111;
Markow Autoregressive (lag 1) bivariate joint 3 asset model uncond. params
uMean,      0.000025923,  0.000108138,  0.000046134,
VCV (1),    0.033269285, -0.000892512, -0.000028509,
VCV (2),   -0.000892512,  0.000112657, -0.000002268,
VCV (3),   -0.000028509, -0.000002268,  0.000000109,
Cor (1),    1.000000000, -0.461012603, -0.473101132,
Cor (2),   -0.461012603,  1.000000000, -0.646703006,
Cor (3),   -0.473101132, -0.646703006,  1.000000000,
St.dev,     0.182398698,  0.010614015,  0.000330372,
Skewness,  -0.207257671, -0.579973577, -0.255118891,
Kurtosis,  -0.048047656,  0.235704889,  0.561681812,
AutoCor,   -0.114397282,  0.068718089,  0.386075813,
Markow Autoregressive (lag 1) bivariate joint 3 asset model cond. params
uProb.,   0.370731260,  0.629268740,
Prob (1),   0.261660257,  0.738339743,
Prob (2),   0.434990021,  0.565009979,
Mean,     -0.126713763,  0.006491918,  0.000129145,
Cor (1),    1.000000000,  0.425399029, -0.396686868,
Cor (2),    0.425399029,  1.000000000, -0.910073579,
Cor (3),   -0.396686868, -0.910073579,  1.000000000,
VCV (1),    0.027028511,  0.000311157, -0.000009704,
VCV (2),    0.000311157,  0.000019795, -0.000000603,
VCV (3),   -0.000009704, -0.000000603,  0.000000022,
St.dev,     0.164403502,  0.004449103,  0.000148803,
Mean,      0.074694122, -0.003652841, -0.000002772,
Cor (1),    1.000000000, -0.515284445, -0.594842492,
Cor (2),   -0.515284445,  1.000000000, -0.880514821,
Cor (3),   -0.594842492, -0.880514821,  1.000000000,
VCV (1),    0.021594176, -0.000852231, -0.000031052,
VCV (2),   -0.000852231,  0.000126673, -0.000003520,
VCV (3),   -0.000031052, -0.000003520,  0.000000126,
St.dev,     0.146949569,  0.011254907,  0.000355240,
AutoCor,   -0.090970149,  0.134273859,  0.407687277,

No.; 4; Score; 34.822066566944;
Markow Autoregressive (lag 1) bivariate joint 3 asset model uncond. params
uMean,      0.000004073,  0.000083488, -0.000021542,
VCV (1),    0.034234152, -0.000062399,  0.000009116,
VCV (2),   -0.000062399,  0.000095283,  0.000001112,
VCV (3),    0.000009116,  0.000001112,  0.000000073,
Cor (1),    1.000000000, -0.034549319,  0.182818220,
Cor (2),   -0.034549319,  1.000000000,  0.422676767,
Cor (3),    0.182818220,  0.422676767,  1.000000000,
St.dev,     0.185024735,  0.009761290,  0.000269504,
Skewness,   0.321120827, -0.416122910, -0.128361084,
Kurtosis,  -0.481881804, -0.079052456, -0.015861464,
AutoCor,    0.190689886, -0.269645655,  0.291870207,
Markow Autoregressive (lag 1) bivariate joint 3 asset model cond. params
uProb.,   0.459097423,  0.540902577,
Prob (1),   0.676340019,  0.323659981,
Prob (2),   0.274710214,  0.725289786,
Mean,     -0.141776872,  0.006208615,  0.000090204,
Cor (1),    1.000000000,  0.416922596,  0.405879061,
Cor (2),    0.416922596,  1.000000000,  0.502261579,
Cor (3),    0.405879061,  0.502261579,  1.000000000,
VCV (1),    0.010519711,  0.000178051,  0.000009142,
VCV (2),    0.000178051,  0.000017337,  0.000000459,
VCV (3),    0.000009142,  0.000000459,  0.000000048,
St.dev,     0.102565640,  0.004163775,  0.000219613,
Mean,      0.120342318, -0.005115286, -0.000116388,
Cor (1),    1.000000000,  0.929409997,  0.886132523,
Cor (2),    0.929409997,  1.000000000,  0.383357497,
Cor (3),    0.886132523,  0.383357497,  1.000000000,
VCV (1),    0.022807773,  0.001081923,  0.000034170,
VCV (2),    0.001081923,  0.000059415,  0.000000755,
VCV (3),    0.000034170,  0.000000755,  0.000000065,
St.dev,     0.151022426,  0.007708105,  0.000255334,
AutoCor,   -0.018888861, -0.606588446,  0.273117339,

No.; 5; Score; 35.420776437457;
Markow Autoregressive (lag 1) bivariate joint 3 asset model uncond. params
uMean,      0.000436553,  0.000374238, -0.000007007,
VCV (1),    0.034983322,  0.000435810,  0.000049168,
VCV (2),    0.000435810,  0.000038069, -0.000000563,
VCV (3),    0.000049168, -0.000000563,  0.000000242,
Cor (1),    1.000000000,  0.377642261,  0.534185573,
Cor (2),    0.377642261,  1.000000000, -0.185569502,
Cor (3),    0.534185573, -0.185569502,  1.000000000,
St.dev,     0.187038289,  0.006170012,  0.000492106,
Skewness,   0.197228051, -0.007781715, -0.015617428,
Kurtosis,  -0.031969391,  0.375303412, -0.008504619,
AutoCor,    0.134486942,  0.234039389, -0.592871859,
Markow Autoregressive (lag 1) bivariate joint 3 asset model cond. params
uProb.,   0.320064094,  0.679935906,
Prob (1),   0.618800494,  0.381199506,
Prob (2),   0.179440846,  0.820559154,
Mean,      0.144241157,  0.000440264,  0.000159622,
Cor (1),    1.000000000, -0.116770020,  0.270695435,
Cor (2),   -0.116770020,  1.000000000,  0.441355917,
Cor (3),    0.270695435,  0.441355917,  1.000000000,
VCV (1),    0.027947527, -0.000080131,  0.000015765,
VCV (2),   -0.000080131,  0.000016850,  0.000000631,
VCV (3),    0.000015765,  0.000000631,  0.000000121,
St.dev,     0.167175139,  0.004104866,  0.000348371,
Mean,     -0.067256136,  0.000343157, -0.000085444,
Cor (1),    1.000000000,  0.644829603,  0.854662765,
Cor (2),    0.644829603,  1.000000000, -0.508498609,
Cor (3),    0.854662765, -0.508498609,  1.000000000,
VCV (1),    0.023967776,  0.000669588,  0.000048918,
VCV (2),    0.000669588,  0.000044988, -0.000001261,
VCV (3),    0.000048918, -0.000001261,  0.000000137,
St.dev,     0.154815296,  0.006707318,  0.000369707,
AutoCor,    0.016945141,  0.234028321, -0.651759372,

No.; 6; Score; 37.262780304336;
Markow Autoregressive (lag 1) bivariate joint 3 asset model uncond. params
uMean,     -0.000041875,  0.000114719,  0.000142343,
VCV (1),    0.034514588,  0.000675018,  0.000010154,
VCV (2),    0.000675018,  0.000038673, -0.000000728,
VCV (3),    0.000010154, -0.000000728,  0.000000060,
Cor (1),    1.000000000,  0.584263188,  0.222920369,
Cor (2),    0.584263188,  1.000000000, -0.477530832,
Cor (3),    0.222920369, -0.477530832,  1.000000000,
St.dev,     0.185781022,  0.006218785,  0.000245182,
Skewness,  -0.007664443, -0.065149028,  0.163809920,
Kurtosis,  -0.010443835,  0.068438842,  0.332965489,
AutoCor,    0.269167217,  0.582977975, -0.434766317,
Markow Autoregressive (lag 1) bivariate joint 3 asset model cond. params
uProb.,   0.509758716,  0.490241284,
Prob (1),   0.383055023,  0.616944977,
Prob (2),   0.641506723,  0.358493277,
Mean,      0.049363047,  0.001047716,  0.000102236,
Cor (1),    1.000000000,  0.479064681, -0.117402406,
Cor (2),    0.479064681,  1.000000000, -0.808357989,
Cor (3),   -0.117402406, -0.808357989,  1.000000000,
VCV (1),    0.028589206,  0.000345107, -0.000003256,
VCV (2),    0.000345107,  0.000018152, -0.000000565,
VCV (3),   -0.000003256, -0.000000565,  0.000000027,
St.dev,     0.169083429,  0.004260482,  0.000164003,
Mean,     -0.051413700, -0.000855424,  0.000184048,
Cor (1),    1.000000000,  0.725338511,  0.710788805,
Cor (2),    0.725338511,  1.000000000, -0.831126871,
Cor (3),    0.710788805, -0.831126871,  1.000000000,
VCV (1),    0.029188218,  0.000680322,  0.000031709,
VCV (2),    0.000680322,  0.000030140, -0.000001191,
VCV (3),    0.000031709, -0.000001191,  0.000000068,
St.dev,     0.170845597,  0.005489974,  0.000261118,
AutoCor,    0.311045005,  0.603143438, -0.439812696,

No.; 7; Score; 39.51410950998;
Markow Autoregressive (lag 1) bivariate joint 3 asset model uncond. params
uMean,      0.000043269,  0.000078138,  0.000007204,
VCV (1),    0.033742503,  0.000228977,  0.000023870,
VCV (2),    0.000228977,  0.000111071,  0.000000311,
VCV (3),    0.000023870,  0.000000311,  0.000000042,
Cor (1),    1.000000000,  0.118277495,  0.631126002,
Cor (2),    0.118277495,  1.000000000,  0.143529678,
Cor (3),    0.631126002,  0.143529678,  1.000000000,
St.dev,     0.183691325,  0.010539024,  0.000205893,
Skewness,  -0.144512884,  0.203766030, -0.132893170,
Kurtosis,   0.584312141, -0.000416175, -0.016991407,
AutoCor,    0.209401380, -0.542447932, -0.381774775,
Markow Autoregressive (lag 1) bivariate joint 3 asset model cond. params
uProb.,   0.489396334,  0.510603666,
Prob (1),   0.278924903,  0.721075097,
Prob (2),   0.691126077,  0.308873923,
Mean,      0.020521236,  0.004908069,  0.000091384,
Cor (1),    1.000000000, -0.049565649,  0.809510912,
Cor (2),   -0.049565649,  1.000000000,  0.383117297,
Cor (3),    0.809510912,  0.383117297,  1.000000000,
VCV (1),    0.016259171, -0.000055998,  0.000016448,
VCV (2),   -0.000055998,  0.000078504,  0.000000541,
VCV (3),    0.000016448,  0.000000541,  0.000000025,
St.dev,     0.127511455,  0.008860249,  0.000159351,
Mean,     -0.019584169, -0.004551188, -0.000073481,
Cor (1),    1.000000000,  0.252559909,  0.768789508,
Cor (2),    0.252559909,  1.000000000, -0.529099984,
Cor (3),    0.768789508, -0.529099984,  1.000000000,
VCV (1),    0.046640752,  0.000349243,  0.000031295,
VCV (2),    0.000349243,  0.000040998, -0.000000639,
VCV (3),    0.000031295, -0.000000639,  0.000000036,
St.dev,     0.215964701,  0.006402958,  0.000188488,
AutoCor,    0.216894975, -0.575275947, -0.375969747,

No.; 8; Score; 52.386550448597;
Markow Autoregressive (lag 1) bivariate joint 3 asset model uncond. params
uMean,     -0.063575588, -0.001277275, -0.000009976,
VCV (1),    0.058803383,  0.000562262,  0.000019251,
VCV (2),    0.000562262,  0.000129369, -0.000000056,
VCV (3),    0.000019251, -0.000000056,  0.000000173,
Cor (1),    1.000000000,  0.203855160,  0.190883568,
Cor (2),    0.203855160,  1.000000000, -0.011758380,
Cor (3),    0.190883568, -0.011758380,  1.000000000,
St.dev,     0.242494089,  0.011374066,  0.000415895,
Skewness,  -0.267349206,  0.051480565,  0.002363114,
Kurtosis,   0.224761156,  0.610601045,  0.020022606,
AutoCor,    0.507572016, -0.412276011,  0.895764434,
Markow Autoregressive (lag 1) bivariate joint 3 asset model cond. params
uProb.,   0.560552656,  0.439447344,
Prob (1),   0.541516384,  0.458483616,
Prob (2),   0.584835048,  0.415164952,
Mean,     -0.130920135, -0.001666212, -0.000015928,
Cor (1),    1.000000000,  0.593903808,  0.278273560,
Cor (2),    0.593903808,  1.000000000,  0.243874512,
Cor (3),    0.278273560,  0.243874512,  1.000000000,
VCV (1),    0.051354061,  0.001006293,  0.000010241,
VCV (2),    0.001006293,  0.000055904,  0.000000296,
VCV (3),    0.000010241,  0.000000296,  0.000000026,
St.dev,     0.226614344,  0.007476893,  0.000162403,
Mean,      0.022328139, -0.000781154, -0.000002384,
Cor (1),    1.000000000,  0.120515137,  0.295146612,
Cor (2),    0.120515137,  1.000000000, -0.203496093,
Cor (3),    0.295146612, -0.203496093,  1.000000000,
VCV (1),    0.016260664,  0.000201865,  0.000007889,
VCV (2),    0.000201865,  0.000172545, -0.000000560,
VCV (3),    0.000007889, -0.000000560,  0.000000044,
St.dev,     0.127517310,  0.013135625,  0.000209624,
AutoCor,    0.567683106, -0.412827148,  0.896009822,

No.; 9; Score; 62.700172501598;
Markow Autoregressive (lag 1) bivariate joint 3 asset model uncond. params
uMean,      0.000082256, -0.000007087, -0.000024443,
VCV (1),    0.031955792,  0.000696844,  0.000025471,
VCV (2),    0.000696844,  0.000122647, -0.000001001,
VCV (3),    0.000025471, -0.000001001,  0.000000079,
Cor (1),    1.000000000,  0.351991882,  0.507642440,
Cor (2),    0.351991882,  1.000000000, -0.321958139,
Cor (3),    0.507642440, -0.321958139,  1.000000000,
St.dev,     0.178761829,  0.011074606,  0.000280680,
Skewness,  -0.302798245,  0.006806783, -0.001462043,
Kurtosis,   0.981299535, -0.015748198,  0.000990605,
AutoCor,    0.125682534,  0.511111826,  0.199022050,
Markow Autoregressive (lag 1) bivariate joint 3 asset model cond. params
uProb.,   0.522113935,  0.477886065,
Prob (1),   0.266807885,  0.733192115,
Prob (2),   0.801048301,  0.198951699,
Mean,     -0.029979332,  0.003145612, -0.000031629,
Cor (1),    1.000000000,  0.501473932,  0.513226626,
Cor (2),    0.501473932,  1.000000000, -0.665917260,
Cor (3),    0.513226626, -0.665917260,  1.000000000,
VCV (1),    0.048086996,  0.000928358,  0.000031229,
VCV (2),    0.000928358,  0.000071270, -0.000001560,
VCV (3),    0.000031229, -0.000001560,  0.000000077,
St.dev,     0.219287474,  0.008442152,  0.000277478,
Mean,      0.032926014, -0.003451566, -0.000016593,
Cor (1),    1.000000000,  0.592118484,  0.604112895,
Cor (2),    0.592118484,  1.000000000, -0.039327583,
Cor (3),    0.604112895, -0.039327583,  1.000000000,
VCV (1),    0.010870572,  0.000510026,  0.000017141,
VCV (2),    0.000510026,  0.000068252, -0.000000088,
VCV (3),    0.000017141, -0.000000088,  0.000000074,
St.dev,     0.104262036,  0.008261475,  0.000272134,
AutoCor,    0.146722180,  0.612660810,  0.199547455,

No.; 10; Score; 63.440838651724;
Markow Autoregressive (lag 1) bivariate joint 3 asset model uncond. params
uMean,      0.000755906, -0.001265746, -0.000066542,
VCV (1),    0.036022572,  0.000194252,  0.000011468,
VCV (2),    0.000194252,  0.000053492,  0.000000219,
VCV (3),    0.000011468,  0.000000219,  0.000000113,
Cor (1),    1.000000000,  0.139936694,  0.179922020,
Cor (2),    0.139936694,  1.000000000,  0.089109208,
Cor (3),    0.179922020,  0.089109208,  1.000000000,
St.dev,     0.189796132,  0.007313852,  0.000335831,
Skewness,  -0.601808253, -0.083189058, -0.405362701,
Kurtosis,   0.635566897, -0.180611952,  0.598952555,
AutoCor,   -0.238410254, -0.315188034,  0.398688310,
Markow Autoregressive (lag 1) bivariate joint 3 asset model cond. params
uProb.,   0.465833187,  0.534166813,
Prob (1),   0.453522773,  0.546477227,
Prob (2),   0.476568784,  0.523431216,
Mean,     -0.086644752,  0.003020178,  0.000040968,
Cor (1),    1.000000000,  0.826368117,  0.381871811,
Cor (2),    0.826368117,  1.000000000, -0.766053944,
Cor (3),    0.381871811, -0.766053944,  1.000000000,
VCV (1),    0.044639848,  0.000899019,  0.000013377,
VCV (2),    0.000899019,  0.000026514, -0.000000654,
VCV (3),    0.000013377, -0.000000654,  0.000000027,
St.dev,     0.211281442,  0.005149133,  0.000165793,
Mean,      0.076975780, -0.005003390, -0.000160298,
Cor (1),    1.000000000,  0.109499323,  0.767527334,
Cor (2),    0.109499323,  1.000000000,  0.077120863,
Cor (3),    0.767527334,  0.077120863,  1.000000000,
VCV (1),    0.011500402,  0.000067910,  0.000029798,
VCV (2),    0.000067910,  0.000033445,  0.000000161,
VCV (3),    0.000029798,  0.000000161,  0.000000131,
St.dev,     0.107239925,  0.005783132,  0.000362022,
AutoCor,   -0.287274039, -0.440074656,  0.440079163,

No.; 11; Score; 83.427856221234;
Markow Autoregressive (lag 1) bivariate joint 3 asset model uncond. params
uMean,      0.000143015,  0.000090212,  0.000073931,
VCV (1),    0.033796525,  0.000767696,  0.000008251,
VCV (2),    0.000767696,  0.000202990, -0.000001213,
VCV (3),    0.000008251, -0.000001213,  0.000000059,
Cor (1),    1.000000000,  0.293100105,  0.184504030,
Cor (2),    0.293100105,  1.000000000, -0.350022207,
Cor (3),    0.184504030, -0.350022207,  1.000000000,
St.dev,     0.183838312,  0.014247457,  0.000243253,
Skewness,  -0.034765077,  0.353371396,  0.803176299,
Kurtosis,   1.142900685,  0.426569595,  0.908918785,
AutoCor,   -0.188531112, -0.572440362,  0.383606437,
Markow Autoregressive (lag 1) bivariate joint 3 asset model cond. params
uProb.,   0.375215613,  0.624784387,
Prob (1),   0.563056930,  0.436943070,
Prob (2),   0.262407105,  0.737592895,
Mean,     -0.004314316, -0.005696347,  0.000239866,
Cor (1),    1.000000000,  0.849064517,  0.685617428,
Cor (2),    0.849064517,  1.000000000,  0.008475774,
Cor (3),    0.685617428,  0.008475774,  1.000000000,
VCV (1),    0.059188017,  0.000728793,  0.000043640,
VCV (2),    0.000728793,  0.000012448,  0.000000008,
VCV (3),    0.000043640,  0.000000008,  0.000000068,
St.dev,     0.243285876,  0.003528146,  0.000261631,
Mean,      0.002819874,  0.003565343, -0.000025722,
Cor (1),    1.000000000,  0.383681664, -0.701841458,
Cor (2),    0.383681664,  1.000000000, -0.848877606,
Cor (3),   -0.701841458, -0.848877606,  1.000000000,
VCV (1),    0.016602983,  0.000614404, -0.000011199,
VCV (2),    0.000614404,  0.000154447, -0.000001306,
VCV (3),   -0.000011199, -0.000001306,  0.000000015,
St.dev,     0.128852563,  0.012427683,  0.000123841,
AutoCor,   -0.188703875, -0.668442772,  0.415779884,

No.; 12; Score; 89.697834581051;
Markow Autoregressive (lag 1) bivariate joint 3 asset model uncond. params
uMean,     -0.119053491,  0.000100732,  0.000008931,
VCV (1),    0.023429969,  0.000684165,  0.000013601,
VCV (2),    0.000684165,  0.000055016, -0.000001664,
VCV (3),    0.000013601, -0.000001664,  0.000000327,
Cor (1),    1.000000000,  0.602601769,  0.155270559,
Cor (2),    0.602601769,  1.000000000, -0.392042704,
Cor (3),    0.155270559, -0.392042704,  1.000000000,
St.dev,     0.153068512,  0.007417281,  0.000572256,
Skewness,   0.014424817, -0.008177992, -0.002816893,
Kurtosis,   0.012483049,  0.002344375,  0.022199560,
AutoCor,   -0.455407830,  0.438873393,  0.877914956,
Markow Autoregressive (lag 1) bivariate joint 3 asset model cond. params
uProb.,   0.053387826,  0.946612174,
Prob (1),   0.295987449,  0.704012551,
Prob (2),   0.039705489,  0.960294511,
Mean,     -0.048631322,  0.002150296,  0.000049349,
Cor (1),    1.000000000,  0.505720214,  0.684181763,
Cor (2),    0.505720214,  1.000000000,  0.144802246,
Cor (3),    0.684181763,  0.144802246,  1.000000000,
VCV (1),    0.020794385,  0.000423899,  0.000011077,
VCV (2),    0.000423899,  0.000033788,  0.000000095,
VCV (3),    0.000011077,  0.000000095,  0.000000013,
St.dev,     0.144202585,  0.005812717,  0.000112279,
Mean,     -0.123025219, -0.000014861,  0.000006652,
Cor (1),    1.000000000,  0.930671387,  0.514824346,
Cor (2),    0.930671387,  1.000000000, -0.580205078,
Cor (3),    0.514824346, -0.580205078,  1.000000000,
VCV (1),    0.018017735,  0.000835936,  0.000019359,
VCV (2),    0.000835936,  0.000044777, -0.000001088,
VCV (3),    0.000019359, -0.000001088,  0.000000078,
St.dev,     0.134230157,  0.006691549,  0.000280132,
AutoCor,   -0.464006348,  0.439663086,  0.878089900,

No.; 13; Score; 98.881498192974;
Markow Autoregressive (lag 1) bivariate joint 3 asset model uncond. params
uMean,      0.004748472, -0.000054835, -0.000003936,
VCV (1),    0.031928153, -0.000503733,  0.000008204,
VCV (2),   -0.000503733,  0.000132845, -0.000001428,
VCV (3),    0.000008204, -0.000001428,  0.000000556,
Cor (1),    1.000000000, -0.244591133,  0.061546436,
Cor (2),   -0.244591133,  1.000000000, -0.166074267,
Cor (3),    0.061546436, -0.166074267,  1.000000000,
St.dev,     0.178684507,  0.011525837,  0.000745982,
Skewness,  -0.119405250,  0.240439408,  0.017019470,
Kurtosis,  -0.260979193,  0.354747845,  0.037274229,
AutoCor,    0.203665235,  0.328148126,  0.917234790,
Markow Autoregressive (lag 1) bivariate joint 3 asset model cond. params
uProb.,   0.645834161,  0.354165839,
Prob (1),   0.593175314,  0.406824686,
Prob (2),   0.741859464,  0.258140536,
Mean,      0.086876081, -0.002183142,  0.000051179,
Cor (1),    1.000000000, -0.140531141, -0.251418193,
Cor (2),   -0.140531141,  1.000000000, -0.479956611,
Cor (3),   -0.251418193, -0.479956611,  1.000000000,
VCV (1),    0.016436534, -0.000158609, -0.000010390,
VCV (2),   -0.000158609,  0.000077500, -0.000001362,
VCV (3),   -0.000010390, -0.000001362,  0.000000104,
St.dev,     0.128205047,  0.008803380,  0.000322341,
Mean,     -0.145014180,  0.003826210, -0.000104440,
Cor (1),    1.000000000, -0.096019353,  0.929694309,
Cor (2),   -0.096019353,  1.000000000,  0.095530207,
Cor (3),    0.929694309,  0.095530207,  1.000000000,
VCV (1),    0.015464273, -0.000153341,  0.000018861,
VCV (2),   -0.000153341,  0.000164918,  0.000000200,
VCV (3),    0.000018861,  0.000000200,  0.000000027,
St.dev,     0.124355432,  0.012842021,  0.000163136,
AutoCor,    0.424455032,  0.359762407,  0.927951596,

No.; 14; Score; 127.0091187135;
Markow Autoregressive (lag 1) bivariate joint 3 asset model uncond. params
uMean,     -0.136090175, -0.002643502,  0.000123269,
VCV (1),    0.024417473,  0.000540414,  0.000026602,
VCV (2),    0.000540414,  0.000145254, -0.000001861,
VCV (3),    0.000026602, -0.000001861,  0.000000231,
Cor (1),    1.000000000,  0.286953492,  0.353833009,
Cor (2),    0.286953492,  1.000000000, -0.320946647,
Cor (3),    0.353833009, -0.320946647,  1.000000000,
St.dev,     0.156260912,  0.012052153,  0.000481127,
Skewness,   0.070770326, -0.325860538, -0.052588625,
Kurtosis,   0.632918363,  0.391998677,  0.071486403,
AutoCor,   -0.092553775, -0.188444842,  0.767046629,
Markow Autoregressive (lag 1) bivariate joint 3 asset model cond. params
uProb.,   0.329413910,  0.670586090,
Prob (1),   0.160842589,  0.839157411,
Prob (2),   0.412221678,  0.587778322,
Mean,     -0.124607422,  0.001984489,  0.000217569,
Cor (1),    1.000000000,  0.523249511,  0.525880981,
Cor (2),    0.523249511,  1.000000000, -0.004221192,
Cor (3),    0.525880981, -0.004221192,  1.000000000,
VCV (1),    0.040114497,  0.000680644,  0.000020021,
VCV (2),    0.000680644,  0.000042181, -0.000000005,
VCV (3),    0.000020021, -0.000000005,  0.000000036,
St.dev,     0.200286037,  0.006494724,  0.000190088,
Mean,     -0.141730880, -0.004916923,  0.000076946,
Cor (1),    1.000000000,  0.249567871,  0.747734503,
Cor (2),    0.249567871,  1.000000000, -0.805351562,
Cor (3),    0.747734503, -0.805351562,  1.000000000,
VCV (1),    0.016301737,  0.000419631,  0.000031858,
VCV (2),    0.000419631,  0.000173430, -0.000003539,
VCV (3),    0.000031858, -0.000003539,  0.000000111,
St.dev,     0.127678258,  0.013169274,  0.000333702,
AutoCor,   -0.092131348, -0.183530273,  0.786634822,

No.; 15; Score; 164.32040284596;
Markow Autoregressive (lag 1) bivariate joint 3 asset model uncond. params
uMean,     -0.059076465,  0.004562102, -0.000021512,
VCV (1),    0.089132176, -0.000086897,  0.000015759,
VCV (2),   -0.000086897,  0.000052035, -0.000000222,
VCV (3),    0.000015759, -0.000000222,  0.000000064,
Cor (1),    1.000000000, -0.040349689,  0.208071280,
Cor (2),   -0.040349689,  1.000000000, -0.121341195,
Cor (3),    0.208071280, -0.121341195,  1.000000000,
St.dev,     0.298550124,  0.007213534,  0.000253694,
Skewness,  -0.083806257,  0.048988344, -0.000994067,
Kurtosis,   0.026100729, -0.008058860,  0.004665714,
AutoCor,   -0.134672222,  0.453588002,  0.223871142,
Markow Autoregressive (lag 1) bivariate joint 3 asset model cond. params
uProb.,   0.572567401,  0.427432599,
Prob (1),   0.550178979,  0.449821021,
Prob (2),   0.602557815,  0.397442185,
Mean,     -0.120914574,  0.006331907, -0.000023356,
Cor (1),    1.000000000,  0.231403808, -0.046579956,
Cor (2),    0.231403808,  1.000000000,  0.396364746,
Cor (3),   -0.046579956,  0.396364746,  1.000000000,
VCV (1),    0.091787035,  0.000437564, -0.000003551,
VCV (2),    0.000437564,  0.000038955,  0.000000623,
VCV (3),   -0.000003551,  0.000000623,  0.000000063,
St.dev,     0.302963753,  0.006241380,  0.000251649,
Mean,      0.023758782,  0.002191360, -0.000019043,
Cor (1),    1.000000000, -0.292375488,  0.665703253,
Cor (2),   -0.292375488,  1.000000000, -0.942949219,
Cor (3),    0.665703253, -0.942949219,  1.000000000,
VCV (1),    0.069756566, -0.000436740,  0.000042412,
VCV (2),   -0.000436740,  0.000031987, -0.000001286,
VCV (3),    0.000042412, -0.000001286,  0.000000058,
St.dev,     0.264114684,  0.005655737,  0.000241219,
AutoCor,   -0.139689941,  0.497963867,  0.223890681,

No.; 16; Score; 164.99813701988;
Markow Autoregressive (lag 1) bivariate joint 3 asset model uncond. params
uMean,      0.000173869,  0.000103415,  0.000092542,
VCV (1),    0.032710813,  0.001582650,  0.000016534,
VCV (2),    0.001582650,  0.000307087, -0.000004934,
VCV (3),    0.000016534, -0.000004934,  0.000000139,
Cor (1),    1.000000000,  0.499353598,  0.244837517,
Cor (2),    0.499353598,  1.000000000, -0.754156766,
Cor (3),    0.244837517, -0.754156766,  1.000000000,
St.dev,     0.180861308,  0.017523906,  0.000373379,
Skewness,  -0.156072405, -0.095312169, -0.019283058,
Kurtosis,   0.262016862,  0.033785556,  0.349274008,
AutoCor,    0.215880829,  0.654534727,  0.479821499,
Markow Autoregressive (lag 1) bivariate joint 3 asset model cond. params
uProb.,   0.307186880,  0.692813120,
Prob (1),   0.115853415,  0.884146585,
Prob (2),   0.392022355,  0.607977645,
Mean,     -0.050650690,  0.006651202,  0.000103369,
Cor (1),    1.000000000,  0.490449875,  0.145039535,
Cor (2),    0.490449875,  1.000000000, -0.205304448,
Cor (3),    0.145039535, -0.205304448,  1.000000000,
VCV (1),    0.043218390,  0.000816358,  0.000005484,
VCV (2),    0.000816358,  0.000064107, -0.000000299,
VCV (3),    0.000005484, -0.000000299,  0.000000033,
St.dev,     0.207890332,  0.008006669,  0.000181884,
Mean,      0.022709005, -0.002799812,  0.000087742,
Cor (1),    1.000000000,  0.841440340,  0.329433094,
Cor (2),    0.841440340,  1.000000000, -0.925172545,
Cor (3),    0.329433094, -0.925172545,  1.000000000,
VCV (1),    0.023909580,  0.001717482,  0.000019068,
VCV (2),    0.001717482,  0.000174247, -0.000004571,
VCV (3),    0.000019068, -0.000004571,  0.000000140,
St.dev,     0.154627230,  0.013200269,  0.000374323,
AutoCor,    0.233734622,  0.715950171,  0.480103458,

No.; 17; Score; 201.63168697841;
Markow Autoregressive (lag 1) bivariate joint 3 asset model uncond. params
uMean,     -0.022220183,  0.001999882,  0.000045506,
VCV (1),    0.156447388,  0.000025242,  0.000009514,
VCV (2),    0.000025242,  0.000107157,  0.000000095,
VCV (3),    0.000009514,  0.000000095,  0.000000076,
Cor (1),    1.000000000,  0.006164923,  0.087236656,
Cor (2),    0.006164923,  1.000000000,  0.033229366,
Cor (3),    0.087236656,  0.033229366,  1.000000000,
St.dev,     0.395534307,  0.010351648,  0.000275715,
Skewness,   0.001063847, -0.094339117,  0.324350877,
Kurtosis,   0.002590917,  0.765172602, -0.318223070,
AutoCor,   -0.816381175,  0.069361617,  0.073003090,
Markow Autoregressive (lag 1) bivariate joint 3 asset model cond. params
uProb.,   0.458043980,  0.541956020,
Prob (1),   0.456308469,  0.543691531,
Prob (2),   0.459510780,  0.540489220,
Mean,     -0.029183515,  0.002700389,  0.000250764,
Cor (1),    1.000000000,  0.931208496,  0.336476685,
Cor (2),    0.931208496,  1.000000000, -0.175168457,
Cor (3),    0.336476685, -0.175168457,  1.000000000,
VCV (1),    0.048371417,  0.001408259,  0.000016631,
VCV (2),    0.001408259,  0.000047281, -0.000000271,
VCV (3),    0.000016631, -0.000000271,  0.000000051,
St.dev,     0.219935028,  0.006876083,  0.000224736,
Mean,     -0.016334996,  0.001407836, -0.000127972,
Cor (1),    1.000000000, -0.385783691,  0.194902471,
Cor (2),   -0.385783691,  1.000000000,  0.082636719,
Cor (3),    0.194902471,  0.082636719,  1.000000000,
VCV (1),    0.055270700, -0.001132952,  0.000007991,
VCV (2),   -0.001132952,  0.000156041,  0.000000180,
VCV (3),    0.000007991,  0.000000180,  0.000000030,
St.dev,     0.235097215,  0.012491656,  0.000174397,
AutoCor,   -0.816594238,  0.069643555,  0.140150447,

No.; 18; Score; 220.60249032206;
Markow Autoregressive (lag 1) bivariate joint 3 asset model uncond. params
uMean,      0.000102859, -0.000078490,  0.000206201,
VCV (1),    0.032625405,  0.000168684,  0.000009594,
VCV (2),    0.000168684,  0.000381966,  0.000000084,
VCV (3),    0.000009594,  0.000000084,  0.000000071,
Cor (1),    1.000000000,  0.047784259,  0.199557522,
Cor (2),    0.047784259,  1.000000000,  0.016082799,
Cor (3),    0.199557522,  0.016082799,  1.000000000,
St.dev,     0.180625040,  0.019543947,  0.000266178,
Skewness,  -0.236499772,  0.514824765,  0.075754283,
Kurtosis,   0.509287908,  1.168278395,  0.071775156,
AutoCor,    0.598052990, -0.700547527,  0.104733482,
Markow Autoregressive (lag 1) bivariate joint 3 asset model cond. params
uProb.,   0.548479833,  0.451520167,
Prob (1),   0.969018790,  0.030981210,
Prob (2),   0.037634130,  0.962365870,
Mean,     -0.031095415, -0.005380316,  0.000244474,
Cor (1),    1.000000000, -0.784199838,  0.527992884,
Cor (2),   -0.784199838,  1.000000000, -0.418394578,
Cor (3),    0.527992884, -0.418394578,  1.000000000,
VCV (1),    0.029054888, -0.000720994,  0.000025275,
VCV (2),   -0.000720994,  0.000029093, -0.000000634,
VCV (3),    0.000025275, -0.000000634,  0.000000079,
St.dev,     0.170454944,  0.005393809,  0.000280840,
Mean,      0.038000665,  0.006361853,  0.000159711,
Cor (1),    1.000000000,  0.585965520, -0.306844224,
Cor (2),    0.585965520,  1.000000000,  0.511791294,
Cor (3),   -0.306844224,  0.511791294,  1.000000000,
VCV (1),    0.010469840,  0.000768421, -0.000007437,
VCV (2),    0.000768421,  0.000164253,  0.000001554,
VCV (3),   -0.000007437,  0.000001554,  0.000000056,
St.dev,     0.102322236,  0.012816139,  0.000236858,
AutoCor,    0.585518796, -0.860754620,  0.083438682,

