Round No; 2; best result RLS; 15.075266316143

;;;
Statistical description of data for: Meginajums1
Calib/Tail/Per/Cur, 4176, 9999, 23, 0,
Title,    PE MARKET w  ,EQUITY LM SNP,REX BOND     ,
Mean,       0.000104436,  0.000075211,  0.000042226,
VCV (1),    0.033533792, -0.000018247, -0.000000770,
VCV (2),   -0.000018247,  0.000044333, -0.000000146,
VCV (3),   -0.000000770, -0.000000146,  0.000000045,
St.dev,     0.183122341,  0.006658326,  0.000210996,
Skewness,  -0.359429482, -0.013261914,  0.151860187,
Kurtosis,  20.092276212,  7.412958555, 34.388660560,
AutoCor,   -0.271804758, -0.019537378, -0.152000145,
No.; 1; Score; 15.075266316143;
Markow Autoregressive (lag 1) bivariate joint 3 asset model uncond. params
uMean,     -0.077250829,  0.002487364, -0.000045788,
VCV (1),    0.061770357,  0.000181105,  0.000022908,
VCV (2),    0.000181105,  0.000104286,  0.000000779,
VCV (3),    0.000022908,  0.000000779,  0.000000109,
Cor (1),    1.000000000,  0.071355546,  0.278880254,
Cor (2),    0.071355546,  1.000000000,  0.230697163,
Cor (3),    0.278880254,  0.230697163,  1.000000000,
St.dev,     0.248536430,  0.010212066,  0.000330511,
Skewness,  -0.032287652, -0.494211659, -0.294275598,
Kurtosis,   0.278170286,  0.971211788,  0.848054575,
AutoCor,    0.496991927, -0.614599446, -0.452359349,
Markow Autoregressive (lag 1) bivariate joint 3 asset model cond. params
uProb.,   0.658259484,  0.341740516,
Prob (1),   0.642648453,  0.357351547,
Prob (2),   0.688329401,  0.311670599,
Mean,     -0.083771497,  0.005046733,  0.000000526,
Cor (1),    1.000000000,  0.817976074,  0.806984497,
Cor (2),    0.817976074,  1.000000000,  0.218337402,
Cor (3),    0.806984497,  0.218337402,  1.000000000,
VCV (1),    0.059724329,  0.000730547,  0.000040716,
VCV (2),    0.000730547,  0.000013356,  0.000000165,
VCV (3),    0.000040716,  0.000000165,  0.000000043,
St.dev,     0.244385616,  0.003654532,  0.000206454,
Mean,     -0.064690739, -0.002442484, -0.000134998,
Cor (1),    1.000000000, -0.369670410,  0.110576300,
Cor (2),   -0.369670410,  1.000000000,  0.181757813,
Cor (3),    0.110576300,  0.181757813,  1.000000000,
VCV (1),    0.020755607, -0.000567959,  0.000006332,
VCV (2),   -0.000567959,  0.000113728,  0.000000770,
VCV (3),    0.000006332,  0.000000770,  0.000000158,
St.dev,     0.144068065,  0.010664355,  0.000397488,
AutoCor,    0.497712403, -0.692905273, -0.468345647,

No.; 2; Score; 25.643024766795;
Markow Autoregressive (lag 1) bivariate joint 3 asset model uncond. params
uMean,      0.000134037,  0.000064462,  0.000071365,
VCV (1),    0.033793615,  0.000030147,  0.000020453,
VCV (2),    0.000030147,  0.000094852,  0.000000568,
VCV (3),    0.000020453,  0.000000568,  0.000000025,
Cor (1),    1.000000000,  0.016838646,  0.705620547,
Cor (2),    0.016838646,  1.000000000,  0.369623628,
Cor (3),    0.705620547,  0.369623628,  1.000000000,
St.dev,     0.183830396,  0.009739191,  0.000157676,
Skewness,   0.726893281, -0.223451404, -0.100388369,
Kurtosis,   1.134572024,  0.404450744, -0.126919005,
AutoCor,   -0.154241474, -0.531220287, -0.285991487,
Markow Autoregressive (lag 1) bivariate joint 3 asset model cond. params
uProb.,   0.425611432,  0.574388568,
Prob (1),   0.171989655,  0.828010345,
Prob (2),   0.613540534,  0.386459466,
Mean,      0.086699509,  0.002380483,  0.000161540,
Cor (1),    1.000000000,  0.610251925,  0.621230157,
Cor (2),    0.610251925,  1.000000000,  0.364249072,
Cor (3),    0.621230157,  0.364249072,  1.000000000,
VCV (1),    0.050886987,  0.000602674,  0.000017194,
VCV (2),    0.000602674,  0.000019166,  0.000000196,
VCV (3),    0.000017194,  0.000000196,  0.000000015,
St.dev,     0.225581443,  0.004377945,  0.000122696,
Mean,     -0.064009395, -0.001651667,  0.000004547,
Cor (1),    1.000000000, -0.616320801,  0.827336356,
Cor (2),   -0.616320801,  1.000000000,  0.345371094,
Cor (3),    0.827336356,  0.345371094,  1.000000000,
VCV (1),    0.010990936, -0.000641937,  0.000012208,
VCV (2),   -0.000641937,  0.000098704,  0.000000483,
VCV (3),    0.000012208,  0.000000483,  0.000000020,
St.dev,     0.104837667,  0.009935007,  0.000140744,
AutoCor,   -0.097752128, -0.535142050, -0.236231467,

No.; 3; Score; 35.420776437457;
Markow Autoregressive (lag 1) bivariate joint 3 asset model uncond. params
uMean,      0.000436553,  0.000374238, -0.000007007,
VCV (1),    0.034983322,  0.000435810,  0.000049168,
VCV (2),    0.000435810,  0.000038069, -0.000000563,
VCV (3),    0.000049168, -0.000000563,  0.000000242,
Cor (1),    1.000000000,  0.377642261,  0.534185573,
Cor (2),    0.377642261,  1.000000000, -0.185569502,
Cor (3),    0.534185573, -0.185569502,  1.000000000,
St.dev,     0.187038289,  0.006170012,  0.000492106,
Skewness,   0.197228051, -0.007781715, -0.015617428,
Kurtosis,  -0.031969391,  0.375303412, -0.008504619,
AutoCor,    0.134486942,  0.234039389, -0.592871859,
Markow Autoregressive (lag 1) bivariate joint 3 asset model cond. params
uProb.,   0.320064094,  0.679935906,
Prob (1),   0.618800494,  0.381199506,
Prob (2),   0.179440846,  0.820559154,
Mean,      0.144241157,  0.000440264,  0.000159622,
Cor (1),    1.000000000, -0.116770020,  0.270695435,
Cor (2),   -0.116770020,  1.000000000,  0.441355917,
Cor (3),    0.270695435,  0.441355917,  1.000000000,
VCV (1),    0.027947527, -0.000080131,  0.000015765,
VCV (2),   -0.000080131,  0.000016850,  0.000000631,
VCV (3),    0.000015765,  0.000000631,  0.000000121,
St.dev,     0.167175139,  0.004104866,  0.000348371,
Mean,     -0.067256136,  0.000343157, -0.000085444,
Cor (1),    1.000000000,  0.644829603,  0.854662765,
Cor (2),    0.644829603,  1.000000000, -0.508498609,
Cor (3),    0.854662765, -0.508498609,  1.000000000,
VCV (1),    0.023967776,  0.000669588,  0.000048918,
VCV (2),    0.000669588,  0.000044988, -0.000001261,
VCV (3),    0.000048918, -0.000001261,  0.000000137,
St.dev,     0.154815296,  0.006707318,  0.000369707,
AutoCor,    0.016945141,  0.234028321, -0.651759372,

No.; 4; Score; 37.262780304336;
Markow Autoregressive (lag 1) bivariate joint 3 asset model uncond. params
uMean,     -0.000041875,  0.000114719,  0.000142343,
VCV (1),    0.034514588,  0.000675018,  0.000010154,
VCV (2),    0.000675018,  0.000038673, -0.000000728,
VCV (3),    0.000010154, -0.000000728,  0.000000060,
Cor (1),    1.000000000,  0.584263188,  0.222920369,
Cor (2),    0.584263188,  1.000000000, -0.477530832,
Cor (3),    0.222920369, -0.477530832,  1.000000000,
St.dev,     0.185781022,  0.006218785,  0.000245182,
Skewness,  -0.007664443, -0.065149028,  0.163809920,
Kurtosis,  -0.010443835,  0.068438842,  0.332965489,
AutoCor,    0.269167217,  0.582977975, -0.434766317,
Markow Autoregressive (lag 1) bivariate joint 3 asset model cond. params
uProb.,   0.509758716,  0.490241284,
Prob (1),   0.383055023,  0.616944977,
Prob (2),   0.641506723,  0.358493277,
Mean,      0.049363047,  0.001047716,  0.000102236,
Cor (1),    1.000000000,  0.479064681, -0.117402406,
Cor (2),    0.479064681,  1.000000000, -0.808357989,
Cor (3),   -0.117402406, -0.808357989,  1.000000000,
VCV (1),    0.028589206,  0.000345107, -0.000003256,
VCV (2),    0.000345107,  0.000018152, -0.000000565,
VCV (3),   -0.000003256, -0.000000565,  0.000000027,
St.dev,     0.169083429,  0.004260482,  0.000164003,
Mean,     -0.051413700, -0.000855424,  0.000184048,
Cor (1),    1.000000000,  0.725338511,  0.710788805,
Cor (2),    0.725338511,  1.000000000, -0.831126871,
Cor (3),    0.710788805, -0.831126871,  1.000000000,
VCV (1),    0.029188218,  0.000680322,  0.000031709,
VCV (2),    0.000680322,  0.000030140, -0.000001191,
VCV (3),    0.000031709, -0.000001191,  0.000000068,
St.dev,     0.170845597,  0.005489974,  0.000261118,
AutoCor,    0.311045005,  0.603143438, -0.439812696,

No.; 5; Score; 38.402764469471;
Markow Autoregressive (lag 1) bivariate joint 3 asset model uncond. params
uMean,      0.000007397,  0.000282336,  0.000050768,
VCV (1),    0.033935496, -0.000884848, -0.000028302,
VCV (2),   -0.000884848,  0.000115798, -0.000002062,
VCV (3),   -0.000028302, -0.000002062,  0.000000107,
Cor (1),    1.000000000, -0.446365989, -0.469891507,
Cor (2),   -0.446365989,  1.000000000, -0.586069657,
Cor (3),   -0.469891507, -0.586069657,  1.000000000,
St.dev,     0.184215895,  0.010760947,  0.000326958,
Skewness,  -0.057564266, -0.596997130, -0.223008811,
Kurtosis,  -0.162521008,  0.265224543,  0.446826339,
AutoCor,   -0.042451954, -0.019559149,  0.472408278,
Markow Autoregressive (lag 1) bivariate joint 3 asset model cond. params
uProb.,   0.372032017,  0.627967983,
Prob (1),   0.291679263,  0.708320737,
Prob (2),   0.419636032,  0.580363968,
Mean,     -0.129638934,  0.006730122,  0.000132243,
Cor (1),    1.000000000,  0.326537507, -0.461581911,
Cor (2),    0.326537507,  1.000000000, -0.925874828,
Cor (3),   -0.461581911, -0.925874828,  1.000000000,
VCV (1),    0.023254825,  0.000225980, -0.000010262,
VCV (2),    0.000225980,  0.000020595, -0.000000613,
VCV (3),   -0.000010262, -0.000000613,  0.000000021,
St.dev,     0.152495329,  0.004538165,  0.000145794,
Mean,      0.076814793, -0.003537577,  0.000002500,
Cor (1),    1.000000000, -0.418768841, -0.559605301,
Cor (2),   -0.418768841,  1.000000000, -0.883936126,
Cor (3),   -0.559605301, -0.883936126,  1.000000000,
VCV (1),    0.024404116, -0.000754351, -0.000029145,
VCV (2),   -0.000754351,  0.000132964, -0.000003398,
VCV (3),   -0.000029145, -0.000003398,  0.000000111,
St.dev,     0.156218169,  0.011531020,  0.000333387,
AutoCor,   -0.006942307,  0.009725592,  0.495337791,

No.; 6; Score; 39.51410950998;
Markow Autoregressive (lag 1) bivariate joint 3 asset model uncond. params
uMean,      0.000043269,  0.000078138,  0.000007204,
VCV (1),    0.033742503,  0.000228977,  0.000023870,
VCV (2),    0.000228977,  0.000111071,  0.000000311,
VCV (3),    0.000023870,  0.000000311,  0.000000042,
Cor (1),    1.000000000,  0.118277495,  0.631126002,
Cor (2),    0.118277495,  1.000000000,  0.143529678,
Cor (3),    0.631126002,  0.143529678,  1.000000000,
St.dev,     0.183691325,  0.010539024,  0.000205893,
Skewness,  -0.144512884,  0.203766030, -0.132893170,
Kurtosis,   0.584312141, -0.000416175, -0.016991407,
AutoCor,    0.209401380, -0.542447932, -0.381774775,
Markow Autoregressive (lag 1) bivariate joint 3 asset model cond. params
uProb.,   0.489396334,  0.510603666,
Prob (1),   0.278924903,  0.721075097,
Prob (2),   0.691126077,  0.308873923,
Mean,      0.020521236,  0.004908069,  0.000091384,
Cor (1),    1.000000000, -0.049565649,  0.809510912,
Cor (2),   -0.049565649,  1.000000000,  0.383117297,
Cor (3),    0.809510912,  0.383117297,  1.000000000,
VCV (1),    0.016259171, -0.000055998,  0.000016448,
VCV (2),   -0.000055998,  0.000078504,  0.000000541,
VCV (3),    0.000016448,  0.000000541,  0.000000025,
St.dev,     0.127511455,  0.008860249,  0.000159351,
Mean,     -0.019584169, -0.004551188, -0.000073481,
Cor (1),    1.000000000,  0.252559909,  0.768789508,
Cor (2),    0.252559909,  1.000000000, -0.529099984,
Cor (3),    0.768789508, -0.529099984,  1.000000000,
VCV (1),    0.046640752,  0.000349243,  0.000031295,
VCV (2),    0.000349243,  0.000040998, -0.000000639,
VCV (3),    0.000031295, -0.000000639,  0.000000036,
St.dev,     0.215964701,  0.006402958,  0.000188488,
AutoCor,    0.216894975, -0.575275947, -0.375969747,

No.; 7; Score; 52.386550448597;
Markow Autoregressive (lag 1) bivariate joint 3 asset model uncond. params
uMean,     -0.063575588, -0.001277275, -0.000009976,
VCV (1),    0.058803383,  0.000562262,  0.000019251,
VCV (2),    0.000562262,  0.000129369, -0.000000056,
VCV (3),    0.000019251, -0.000000056,  0.000000173,
Cor (1),    1.000000000,  0.203855160,  0.190883568,
Cor (2),    0.203855160,  1.000000000, -0.011758380,
Cor (3),    0.190883568, -0.011758380,  1.000000000,
St.dev,     0.242494089,  0.011374066,  0.000415895,
Skewness,  -0.267349206,  0.051480565,  0.002363114,
Kurtosis,   0.224761156,  0.610601045,  0.020022606,
AutoCor,    0.507572016, -0.412276011,  0.895764434,
Markow Autoregressive (lag 1) bivariate joint 3 asset model cond. params
uProb.,   0.560552656,  0.439447344,
Prob (1),   0.541516384,  0.458483616,
Prob (2),   0.584835048,  0.415164952,
Mean,     -0.130920135, -0.001666212, -0.000015928,
Cor (1),    1.000000000,  0.593903808,  0.278273560,
Cor (2),    0.593903808,  1.000000000,  0.243874512,
Cor (3),    0.278273560,  0.243874512,  1.000000000,
VCV (1),    0.051354061,  0.001006293,  0.000010241,
VCV (2),    0.001006293,  0.000055904,  0.000000296,
VCV (3),    0.000010241,  0.000000296,  0.000000026,
St.dev,     0.226614344,  0.007476893,  0.000162403,
Mean,      0.022328139, -0.000781154, -0.000002384,
Cor (1),    1.000000000,  0.120515137,  0.295146612,
Cor (2),    0.120515137,  1.000000000, -0.203496093,
Cor (3),    0.295146612, -0.203496093,  1.000000000,
VCV (1),    0.016260664,  0.000201865,  0.000007889,
VCV (2),    0.000201865,  0.000172545, -0.000000560,
VCV (3),    0.000007889, -0.000000560,  0.000000044,
St.dev,     0.127517310,  0.013135625,  0.000209624,
AutoCor,    0.567683106, -0.412827148,  0.896009822,

No.; 8; Score; 63.258267665185;
Markow Autoregressive (lag 1) bivariate joint 3 asset model uncond. params
uMean,      0.000312833,  0.000001913, -0.000035329,
VCV (1),    0.035239589,  0.000769434,  0.000028216,
VCV (2),    0.000769434,  0.000126137, -0.000001125,
VCV (3),    0.000028216, -0.000001125,  0.000000076,
Cor (1),    1.000000000,  0.364951448,  0.545637826,
Cor (2),    0.364951448,  1.000000000, -0.363525591,
Cor (3),    0.545637826, -0.363525591,  1.000000000,
St.dev,     0.187722106,  0.011231070,  0.000275473,
Skewness,  -0.279926823,  0.043694184, -0.007251169,
Kurtosis,   0.854247075, -0.019913944,  0.004878934,
AutoCor,    0.049228723,  0.496975960,  0.168026706,
Markow Autoregressive (lag 1) bivariate joint 3 asset model cond. params
uProb.,   0.535562388,  0.464437612,
Prob (1),   0.296441464,  0.703558536,
Prob (2),   0.811302702,  0.188697298,
Mean,     -0.030058960,  0.003455536, -0.000050544,
Cor (1),    1.000000000,  0.577438806,  0.516094976,
Cor (2),    0.577438806,  1.000000000, -0.732134235,
Cor (3),    0.516094976, -0.732134235,  1.000000000,
VCV (1),    0.051735596,  0.001145069,  0.000032438,
VCV (2),    0.001145069,  0.000076008, -0.000001764,
VCV (3),    0.000032438, -0.000001764,  0.000000076,
St.dev,     0.227454602,  0.008718283,  0.000276327,
Mean,      0.035335815, -0.003980604, -0.000017784,
Cor (1),    1.000000000,  0.567569227,  0.697396258,
Cor (2),    0.567569227,  1.000000000, -0.007178289,
Cor (3),    0.697396258, -0.007178289,  1.000000000,
VCV (1),    0.013598819,  0.000517223,  0.000021523,
VCV (2),    0.000517223,  0.000061069, -0.000000015,
VCV (3),    0.000021523, -0.000000015,  0.000000070,
St.dev,     0.116613973,  0.007814634,  0.000264646,
AutoCor,    0.066785801,  0.620810923,  0.170437315,

No.; 9; Score; 63.440838651724;
Markow Autoregressive (lag 1) bivariate joint 3 asset model uncond. params
uMean,      0.000755906, -0.001265746, -0.000066542,
VCV (1),    0.036022572,  0.000194252,  0.000011468,
VCV (2),    0.000194252,  0.000053492,  0.000000219,
VCV (3),    0.000011468,  0.000000219,  0.000000113,
Cor (1),    1.000000000,  0.139936694,  0.179922020,
Cor (2),    0.139936694,  1.000000000,  0.089109208,
Cor (3),    0.179922020,  0.089109208,  1.000000000,
St.dev,     0.189796132,  0.007313852,  0.000335831,
Skewness,  -0.601808253, -0.083189058, -0.405362701,
Kurtosis,   0.635566897, -0.180611952,  0.598952555,
AutoCor,   -0.238410254, -0.315188034,  0.398688310,
Markow Autoregressive (lag 1) bivariate joint 3 asset model cond. params
uProb.,   0.465833187,  0.534166813,
Prob (1),   0.453522773,  0.546477227,
Prob (2),   0.476568784,  0.523431216,
Mean,     -0.086644752,  0.003020178,  0.000040968,
Cor (1),    1.000000000,  0.826368117,  0.381871811,
Cor (2),    0.826368117,  1.000000000, -0.766053944,
Cor (3),    0.381871811, -0.766053944,  1.000000000,
VCV (1),    0.044639848,  0.000899019,  0.000013377,
VCV (2),    0.000899019,  0.000026514, -0.000000654,
VCV (3),    0.000013377, -0.000000654,  0.000000027,
St.dev,     0.211281442,  0.005149133,  0.000165793,
Mean,      0.076975780, -0.005003390, -0.000160298,
Cor (1),    1.000000000,  0.109499323,  0.767527334,
Cor (2),    0.109499323,  1.000000000,  0.077120863,
Cor (3),    0.767527334,  0.077120863,  1.000000000,
VCV (1),    0.011500402,  0.000067910,  0.000029798,
VCV (2),    0.000067910,  0.000033445,  0.000000161,
VCV (3),    0.000029798,  0.000000161,  0.000000131,
St.dev,     0.107239925,  0.005783132,  0.000362022,
AutoCor,   -0.287274039, -0.440074656,  0.440079163,

No.; 10; Score; 86.518781335948;
Markow Autoregressive (lag 1) bivariate joint 3 asset model uncond. params
uMean,      0.000245140, -0.000040166,  0.000063412,
VCV (1),    0.034859916,  0.000541119,  0.000011842,
VCV (2),    0.000541119,  0.000186135, -0.000001385,
VCV (3),    0.000011842, -0.000001385,  0.000000062,
Cor (1),    1.000000000,  0.212429730,  0.254114492,
Cor (2),    0.212429730,  1.000000000, -0.406739087,
Cor (3),    0.254114492, -0.406739087,  1.000000000,
St.dev,     0.186708103,  0.013643139,  0.000249598,
Skewness,   0.076506676,  0.394507140,  0.676124448,
Kurtosis,   0.883808196,  0.436216535,  0.565886558,
AutoCor,   -0.059968829, -0.517280430,  0.386911786,
Markow Autoregressive (lag 1) bivariate joint 3 asset model cond. params
uProb.,   0.378856840,  0.621143160,
Prob (1),   0.539888611,  0.460111389,
Prob (2),   0.280637957,  0.719362043,
Mean,      0.011493029, -0.005841065,  0.000239373,
Cor (1),    1.000000000,  0.813655789,  0.774593781,
Cor (2),    0.813655789,  1.000000000, -0.042578190,
Cor (3),    0.774593781, -0.042578190,  1.000000000,
VCV (1),    0.058809467,  0.000742294,  0.000046807,
VCV (2),    0.000742294,  0.000014152, -0.000000040,
VCV (3),    0.000046807, -0.000000040,  0.000000062,
St.dev,     0.242506633,  0.003761936,  0.000249180,
Mean,     -0.006615339,  0.003498004, -0.000043913,
Cor (1),    1.000000000,  0.252621610, -0.573778215,
Cor (2),    0.252621610,  1.000000000, -0.903610583,
Cor (3),   -0.573778215, -0.903610583,  1.000000000,
VCV (1),    0.019921851,  0.000447671, -0.000010968,
VCV (2),    0.000447671,  0.000157633, -0.000001536,
VCV (3),   -0.000010968, -0.000001536,  0.000000018,
St.dev,     0.141144787,  0.012555186,  0.000135428,
AutoCor,   -0.060677021, -0.613517958,  0.442443925,

No.; 11; Score; 89.697834581051;
Markow Autoregressive (lag 1) bivariate joint 3 asset model uncond. params
uMean,     -0.119053491,  0.000100732,  0.000008931,
VCV (1),    0.023429969,  0.000684165,  0.000013601,
VCV (2),    0.000684165,  0.000055016, -0.000001664,
VCV (3),    0.000013601, -0.000001664,  0.000000327,
Cor (1),    1.000000000,  0.602601769,  0.155270559,
Cor (2),    0.602601769,  1.000000000, -0.392042704,
Cor (3),    0.155270559, -0.392042704,  1.000000000,
St.dev,     0.153068512,  0.007417281,  0.000572256,
Skewness,   0.014424817, -0.008177992, -0.002816893,
Kurtosis,   0.012483049,  0.002344375,  0.022199560,
AutoCor,   -0.455407830,  0.438873393,  0.877914956,
Markow Autoregressive (lag 1) bivariate joint 3 asset model cond. params
uProb.,   0.053387826,  0.946612174,
Prob (1),   0.295987449,  0.704012551,
Prob (2),   0.039705489,  0.960294511,
Mean,     -0.048631322,  0.002150296,  0.000049349,
Cor (1),    1.000000000,  0.505720214,  0.684181763,
Cor (2),    0.505720214,  1.000000000,  0.144802246,
Cor (3),    0.684181763,  0.144802246,  1.000000000,
VCV (1),    0.020794385,  0.000423899,  0.000011077,
VCV (2),    0.000423899,  0.000033788,  0.000000095,
VCV (3),    0.000011077,  0.000000095,  0.000000013,
St.dev,     0.144202585,  0.005812717,  0.000112279,
Mean,     -0.123025219, -0.000014861,  0.000006652,
Cor (1),    1.000000000,  0.930671387,  0.514824346,
Cor (2),    0.930671387,  1.000000000, -0.580205078,
Cor (3),    0.514824346, -0.580205078,  1.000000000,
VCV (1),    0.018017735,  0.000835936,  0.000019359,
VCV (2),    0.000835936,  0.000044777, -0.000001088,
VCV (3),    0.000019359, -0.000001088,  0.000000078,
St.dev,     0.134230157,  0.006691549,  0.000280132,
AutoCor,   -0.464006348,  0.439663086,  0.878089900,

No.; 12; Score; 118.39240219681;
Markow Autoregressive (lag 1) bivariate joint 3 asset model uncond. params
uMean,      0.000220591,  0.000076237, -0.000024394,
VCV (1),    0.030332293,  0.000148873,  0.000011542,
VCV (2),    0.000148873,  0.000120185,  0.000001043,
VCV (3),    0.000011542,  0.000001043,  0.000000070,
Cor (1),    1.000000000,  0.077972032,  0.250758252,
Cor (2),    0.077972032,  1.000000000,  0.360108583,
Cor (3),    0.250758252,  0.360108583,  1.000000000,
St.dev,     0.174161686,  0.010962890,  0.000264293,
Skewness,   0.371792562, -0.360051310, -0.176782618,
Kurtosis,  -0.291260916,  0.009960221,  0.038758737,
AutoCor,    0.112766324, -0.407548427,  0.187693674,
Markow Autoregressive (lag 1) bivariate joint 3 asset model cond. params
uProb.,   0.456012333,  0.543987667,
Prob (1),   0.629220625,  0.370779375,
Prob (2),   0.310815811,  0.689184189,
Mean,     -0.122162798,  0.006314581,  0.000077118,
Cor (1),    1.000000000,  0.493971152,  0.228921847,
Cor (2),    0.493971152,  1.000000000,  0.592069155,
Cor (3),    0.228921847,  0.592069155,  1.000000000,
VCV (1),    0.010571527,  0.000225457,  0.000005061,
VCV (2),    0.000225457,  0.000019705,  0.000000565,
VCV (3),    0.000005061,  0.000000565,  0.000000046,
St.dev,     0.102817929,  0.004439083,  0.000215038,
Mean,      0.102811768, -0.005153224, -0.000109490,
Cor (1),    1.000000000,  0.949675603,  0.887270249,
Cor (2),    0.949675603,  1.000000000,  0.258620845,
Cor (3),    0.887270249,  0.258620845,  1.000000000,
VCV (1),    0.023782424,  0.001229242,  0.000036341,
VCV (2),    0.001229242,  0.000070448,  0.000000577,
VCV (3),    0.000036341,  0.000000577,  0.000000071,
St.dev,     0.154215512,  0.008393327,  0.000265593,
AutoCor,   -0.032472393, -0.678019236,  0.169247941,

No.; 13; Score; 127.0091187135;
Markow Autoregressive (lag 1) bivariate joint 3 asset model uncond. params
uMean,     -0.136090175, -0.002643502,  0.000123269,
VCV (1),    0.024417473,  0.000540414,  0.000026602,
VCV (2),    0.000540414,  0.000145254, -0.000001861,
VCV (3),    0.000026602, -0.000001861,  0.000000231,
Cor (1),    1.000000000,  0.286953492,  0.353833009,
Cor (2),    0.286953492,  1.000000000, -0.320946647,
Cor (3),    0.353833009, -0.320946647,  1.000000000,
St.dev,     0.156260912,  0.012052153,  0.000481127,
Skewness,   0.070770326, -0.325860538, -0.052588625,
Kurtosis,   0.632918363,  0.391998677,  0.071486403,
AutoCor,   -0.092553775, -0.188444842,  0.767046629,
Markow Autoregressive (lag 1) bivariate joint 3 asset model cond. params
uProb.,   0.329413910,  0.670586090,
Prob (1),   0.160842589,  0.839157411,
Prob (2),   0.412221678,  0.587778322,
Mean,     -0.124607422,  0.001984489,  0.000217569,
Cor (1),    1.000000000,  0.523249511,  0.525880981,
Cor (2),    0.523249511,  1.000000000, -0.004221192,
Cor (3),    0.525880981, -0.004221192,  1.000000000,
VCV (1),    0.040114497,  0.000680644,  0.000020021,
VCV (2),    0.000680644,  0.000042181, -0.000000005,
VCV (3),    0.000020021, -0.000000005,  0.000000036,
St.dev,     0.200286037,  0.006494724,  0.000190088,
Mean,     -0.141730880, -0.004916923,  0.000076946,
Cor (1),    1.000000000,  0.249567871,  0.747734503,
Cor (2),    0.249567871,  1.000000000, -0.805351562,
Cor (3),    0.747734503, -0.805351562,  1.000000000,
VCV (1),    0.016301737,  0.000419631,  0.000031858,
VCV (2),    0.000419631,  0.000173430, -0.000003539,
VCV (3),    0.000031858, -0.000003539,  0.000000111,
St.dev,     0.127678258,  0.013169274,  0.000333702,
AutoCor,   -0.092131348, -0.183530273,  0.786634822,

No.; 14; Score; 164.32040284596;
Markow Autoregressive (lag 1) bivariate joint 3 asset model uncond. params
uMean,     -0.059076465,  0.004562102, -0.000021512,
VCV (1),    0.089132176, -0.000086897,  0.000015759,
VCV (2),   -0.000086897,  0.000052035, -0.000000222,
VCV (3),    0.000015759, -0.000000222,  0.000000064,
Cor (1),    1.000000000, -0.040349689,  0.208071280,
Cor (2),   -0.040349689,  1.000000000, -0.121341195,
Cor (3),    0.208071280, -0.121341195,  1.000000000,
St.dev,     0.298550124,  0.007213534,  0.000253694,
Skewness,  -0.083806257,  0.048988344, -0.000994067,
Kurtosis,   0.026100729, -0.008058860,  0.004665714,
AutoCor,   -0.134672222,  0.453588002,  0.223871142,
Markow Autoregressive (lag 1) bivariate joint 3 asset model cond. params
uProb.,   0.572567401,  0.427432599,
Prob (1),   0.550178979,  0.449821021,
Prob (2),   0.602557815,  0.397442185,
Mean,     -0.120914574,  0.006331907, -0.000023356,
Cor (1),    1.000000000,  0.231403808, -0.046579956,
Cor (2),    0.231403808,  1.000000000,  0.396364746,
Cor (3),   -0.046579956,  0.396364746,  1.000000000,
VCV (1),    0.091787035,  0.000437564, -0.000003551,
VCV (2),    0.000437564,  0.000038955,  0.000000623,
VCV (3),   -0.000003551,  0.000000623,  0.000000063,
St.dev,     0.302963753,  0.006241380,  0.000251649,
Mean,      0.023758782,  0.002191360, -0.000019043,
Cor (1),    1.000000000, -0.292375488,  0.665703253,
Cor (2),   -0.292375488,  1.000000000, -0.942949219,
Cor (3),    0.665703253, -0.942949219,  1.000000000,
VCV (1),    0.069756566, -0.000436740,  0.000042412,
VCV (2),   -0.000436740,  0.000031987, -0.000001286,
VCV (3),    0.000042412, -0.000001286,  0.000000058,
St.dev,     0.264114684,  0.005655737,  0.000241219,
AutoCor,   -0.139689941,  0.497963867,  0.223890681,

No.; 15; Score; 186.91976665621;
Markow Autoregressive (lag 1) bivariate joint 3 asset model uncond. params
uMean,     -0.000022717,  0.000243547,  0.000111346,
VCV (1),    0.034968501,  0.001201066,  0.000011230,
VCV (2),    0.001201066,  0.000326496, -0.000004919,
VCV (3),    0.000011230, -0.000004919,  0.000000145,
Cor (1),    1.000000000,  0.355458944,  0.157651361,
Cor (2),    0.355458944,  1.000000000, -0.714639849,
Cor (3),    0.157651361, -0.714639849,  1.000000000,
St.dev,     0.186998665,  0.018069203,  0.000380914,
Skewness,  -0.281959088, -0.097850904,  0.020349170,
Kurtosis,   0.503079026,  0.049522189,  0.394031012,
AutoCor,    0.097711393,  0.687236968,  0.521333470,
Markow Autoregressive (lag 1) bivariate joint 3 asset model cond. params
uProb.,   0.319783727,  0.680216273,
Prob (1),   0.119167076,  0.880832924,
Prob (2),   0.414097761,  0.585902239,
Mean,     -0.066923452,  0.006637562,  0.000100580,
Cor (1),    1.000000000,  0.367956771,  0.232494182,
Cor (2),    0.367956771,  1.000000000, -0.093146183,
Cor (3),    0.232494182, -0.093146183,  1.000000000,
VCV (1),    0.051202016,  0.000600595,  0.000008406,
VCV (2),    0.000600595,  0.000052033, -0.000000107,
VCV (3),    0.000008406, -0.000000107,  0.000000026,
St.dev,     0.226278624,  0.007213419,  0.000159790,
Mean,      0.031428701, -0.002762412,  0.000116407,
Cor (1),    1.000000000,  0.785611322,  0.190130837,
Cor (2),    0.785611322,  1.000000000, -0.866786442,
Cor (3),    0.190130837, -0.866786442,  1.000000000,
VCV (1),    0.023514305,  0.001589411,  0.000011033,
VCV (2),    0.001589411,  0.000174070, -0.000004328,
VCV (3),    0.000011033, -0.000004328,  0.000000143,
St.dev,     0.153343746,  0.013193572,  0.000378422,
AutoCor,    0.122850077,  0.748671675,  0.521640095,

No.; 16; Score; 201.63168697841;
Markow Autoregressive (lag 1) bivariate joint 3 asset model uncond. params
uMean,     -0.022220183,  0.001999882,  0.000045506,
VCV (1),    0.156447388,  0.000025242,  0.000009514,
VCV (2),    0.000025242,  0.000107157,  0.000000095,
VCV (3),    0.000009514,  0.000000095,  0.000000076,
Cor (1),    1.000000000,  0.006164923,  0.087236656,
Cor (2),    0.006164923,  1.000000000,  0.033229366,
Cor (3),    0.087236656,  0.033229366,  1.000000000,
St.dev,     0.395534307,  0.010351648,  0.000275715,
Skewness,   0.001063847, -0.094339117,  0.324350877,
Kurtosis,   0.002590917,  0.765172602, -0.318223070,
AutoCor,   -0.816381175,  0.069361617,  0.073003090,
Markow Autoregressive (lag 1) bivariate joint 3 asset model cond. params
uProb.,   0.458043980,  0.541956020,
Prob (1),   0.456308469,  0.543691531,
Prob (2),   0.459510780,  0.540489220,
Mean,     -0.029183515,  0.002700389,  0.000250764,
Cor (1),    1.000000000,  0.931208496,  0.336476685,
Cor (2),    0.931208496,  1.000000000, -0.175168457,
Cor (3),    0.336476685, -0.175168457,  1.000000000,
VCV (1),    0.048371417,  0.001408259,  0.000016631,
VCV (2),    0.001408259,  0.000047281, -0.000000271,
VCV (3),    0.000016631, -0.000000271,  0.000000051,
St.dev,     0.219935028,  0.006876083,  0.000224736,
Mean,     -0.016334996,  0.001407836, -0.000127972,
Cor (1),    1.000000000, -0.385783691,  0.194902471,
Cor (2),   -0.385783691,  1.000000000,  0.082636719,
Cor (3),    0.194902471,  0.082636719,  1.000000000,
VCV (1),    0.055270700, -0.001132952,  0.000007991,
VCV (2),   -0.001132952,  0.000156041,  0.000000180,
VCV (3),    0.000007991,  0.000000180,  0.000000030,
St.dev,     0.235097215,  0.012491656,  0.000174397,
AutoCor,   -0.816594238,  0.069643555,  0.140150447,

No.; 17; Score; 238.94297111087;
Markow Autoregressive (lag 1) bivariate joint 3 asset model uncond. params
uMean,      0.048141602,  0.000439804,  0.000008633,
VCV (1),    0.087035136,  0.002047473,  0.000044794,
VCV (2),    0.002047473,  0.000066900,  0.000000511,
VCV (3),    0.000044794,  0.000000511,  0.000000102,
Cor (1),    1.000000000,  0.848513225,  0.474297088,
Cor (2),    0.848513225,  1.000000000,  0.195207968,
Cor (3),    0.474297088,  0.195207968,  1.000000000,
St.dev,     0.295017179,  0.008179226,  0.000320130,
Skewness,   0.052350427, -0.323331395, -0.644676689,
Kurtosis,  -0.042637093, -0.141254010,  0.915673245,
AutoCor,   -0.042260851,  0.036266742,  0.102023371,
Markow Autoregressive (lag 1) bivariate joint 3 asset model cond. params
uProb.,   0.608279696,  0.391720304,
Prob (1),   0.659638773,  0.340361227,
Prob (2),   0.528527171,  0.471472829,
Mean,      0.134732440,  0.004615308,  0.000114245,
Cor (1),    1.000000000,  0.959382324,  0.349269653,
Cor (2),    0.959382324,  1.000000000, -0.104025879,
Cor (3),    0.349269653, -0.104025879,  1.000000000,
VCV (1),    0.079743725,  0.001577684,  0.000020569,
VCV (2),    0.001577684,  0.000033913, -0.000000126,
VCV (3),    0.000020569, -0.000000126,  0.000000043,
St.dev,     0.282389314,  0.005823446,  0.000208548,
Mean,     -0.086320277, -0.006044092, -0.000155366,
Cor (1),    1.000000000,  0.734138184,  0.466484503,
Cor (2),    0.734138184,  1.000000000, -0.092314453,
Cor (3),    0.466484503, -0.092314453,  1.000000000,
VCV (1),    0.067717114,  0.001336310,  0.000046678,
VCV (2),    0.001336310,  0.000048928, -0.000000248,
VCV (3),    0.000046678, -0.000000248,  0.000000148,
St.dev,     0.260225123,  0.006994880,  0.000384530,
AutoCor,   -0.069035644, -0.028208008,  0.096107478,

No.; 18; Score; 248.59901257084;
Markow Autoregressive (lag 1) bivariate joint 3 asset model uncond. params
uMean,      0.000114144,  0.002124169,  0.000191174,
VCV (1),    0.035773664,  0.000375595,  0.000003731,
VCV (2),    0.000375595,  0.000372609,  0.000000595,
VCV (3),    0.000003731,  0.000000595,  0.000000072,
Cor (1),    1.000000000,  0.102875357,  0.073413947,
Cor (2),    0.102875357,  1.000000000,  0.114650797,
Cor (3),    0.073413947,  0.114650797,  1.000000000,
St.dev,     0.189139273,  0.019303080,  0.000268678,
Skewness,  -0.243863036,  0.358928443,  0.041043376,
Kurtosis,   0.554072596,  0.532150140,  0.028535340,
AutoCor,    0.710073397, -0.676155703, -0.021259982,
Markow Autoregressive (lag 1) bivariate joint 3 asset model cond. params
uProb.,   0.360987084,  0.639012916,
Prob (1),   0.931297733,  0.068702267,
Prob (2),   0.038810845,  0.961189155,
Mean,     -0.050549654, -0.005157469,  0.000244846,
Cor (1),    1.000000000, -0.686009768,  0.613458858,
Cor (2),   -0.686009768,  1.000000000, -0.294014731,
Cor (3),    0.613458858, -0.294014731,  1.000000000,
VCV (1),    0.027938973, -0.000597584,  0.000028776,
VCV (2),   -0.000597584,  0.000027160, -0.000000430,
VCV (3),    0.000028776, -0.000000430,  0.000000079,
St.dev,     0.167149553,  0.005211510,  0.000280633,
Mean,      0.028734812,  0.006237665,  0.000160854,
Cor (1),    1.000000000,  0.543112424, -0.283388554,
Cor (2),    0.543112424,  1.000000000,  0.446238132,
Cor (3),   -0.283388554,  0.446238132,  1.000000000,
VCV (1),    0.011432479,  0.000748673, -0.000007769,
VCV (2),    0.000748673,  0.000166213,  0.000001475,
VCV (3),   -0.000007769,  0.000001475,  0.000000066,
St.dev,     0.106922770,  0.012892351,  0.000256386,
AutoCor,    0.702367181, -0.813277347, -0.042333579,

No.; 19; Score; 273.68341034894;
Markow Autoregressive (lag 1) bivariate joint 3 asset model uncond. params
uMean,      0.000104851, -0.000219834, -0.000044978,
VCV (1),    0.028054245,  0.000289272, -0.000004113,
VCV (2),    0.000289272,  0.000064864, -0.000000819,
VCV (3),   -0.000004113, -0.000000819,  0.000000165,
Cor (1),    1.000000000,  0.214439972, -0.060435727,
Cor (2),    0.214439972,  1.000000000, -0.250375822,
Cor (3),   -0.060435727, -0.250375822,  1.000000000,
St.dev,     0.167494014,  0.008053811,  0.000406276,
Skewness,  -0.045986378,  0.273097159, -0.159287483,
Kurtosis,   0.096312704,  0.176078629,  0.487596132,
AutoCor,   -0.591359622, -0.522678537,  0.400514221,
Markow Autoregressive (lag 1) bivariate joint 3 asset model cond. params
uProb.,   0.259127827,  0.740872173,
Prob (1),   0.422929397,  0.577070603,
Prob (2),   0.201836507,  0.798163493,
Mean,      0.025229077,  0.006206435,  0.000043914,
Cor (1),    1.000000000,  0.894414526,  0.494227103,
Cor (2),    0.894414526,  1.000000000, -0.403263731,
Cor (3),    0.494227103, -0.403263731,  1.000000000,
VCV (1),    0.010211501,  0.000526022,  0.000007707,
VCV (2),    0.000526022,  0.000033872, -0.000000362,
VCV (3),    0.000007707, -0.000000362,  0.000000024,
St.dev,     0.101051973,  0.005819964,  0.000154318,
Mean,     -0.008682611, -0.002467489, -0.000076068,
Cor (1),    1.000000000, -0.012615895, -0.181548930,
Cor (2),   -0.012615895,  1.000000000, -0.900019178,
Cor (3),   -0.181548930, -0.900019178,  1.000000000,
VCV (1),    0.020571084, -0.000007963, -0.000010895,
VCV (2),   -0.000007963,  0.000019368, -0.000001657,
VCV (3),   -0.000010895, -0.000001657,  0.000000175,
St.dev,     0.143426233,  0.004400867,  0.000418395,
AutoCor,   -0.597804086, -0.735750691,  0.403569570,

No.; 20; Score; 276.25425524332;
Markow Autoregressive (lag 1) bivariate joint 3 asset model uncond. params
uMean,     -0.002779312,  0.000243257,  0.000100586,
VCV (1),    0.018889930,  0.000016059,  0.000005174,
VCV (2),    0.000016059,  0.000065736,  0.000000023,
VCV (3),    0.000005174,  0.000000023,  0.000000064,
Cor (1),    1.000000000,  0.014411612,  0.149190097,
Cor (2),    0.014411612,  1.000000000,  0.011261712,
Cor (3),    0.149190097,  0.011261712,  1.000000000,
St.dev,     0.137440640,  0.008107779,  0.000252334,
Skewness,  -0.070689137,  0.012708034,  0.022602734,
Kurtosis,   3.314883148,  0.027778498,  0.015394142,
AutoCor,    0.114755443,  0.494174649,  0.441029530,
Markow Autoregressive (lag 1) bivariate joint 3 asset model cond. params
uProb.,   0.071830629,  0.928169371,
Prob (1),   0.182072613,  0.817927387,
Prob (2),   0.063299049,  0.936700951,
Mean,     -0.013866690, -0.001025738,  0.000253092,
Cor (1),    1.000000000,  0.353718261,  0.413136841,
Cor (2),    0.353718261,  1.000000000, -0.287424317,
Cor (3),    0.413136841, -0.287424317,  1.000000000,
VCV (1),    0.089778617,  0.000548068,  0.000028323,
VCV (2),    0.000548068,  0.000026741, -0.000000340,
VCV (3),    0.000028323, -0.000000340,  0.000000052,
St.dev,     0.299630801,  0.005171187,  0.000228800,
Mean,     -0.001921265,  0.000341464,  0.000088783,
Cor (1),    1.000000000, -0.033146973,  0.127177862,
Cor (2),   -0.033146973,  1.000000000,  0.036640625,
Cor (3),    0.127177862,  0.036640625,  1.000000000,
VCV (1),    0.013125770, -0.000027202,  0.000003228,
VCV (2),   -0.000027202,  0.000051307,  0.000000058,
VCV (3),    0.000003228,  0.000000058,  0.000000049,
St.dev,     0.114567753,  0.007162882,  0.000221554,
AutoCor,    0.114753418,  0.494887696,  0.450404353,

No.; 21; Score; 306.48607618671;
Markow Autoregressive (lag 1) bivariate joint 3 asset model uncond. params
uMean,     -0.000205401,  0.000102396, -0.000024937,
VCV (1),    0.039168366, -0.000581987,  0.000010975,
VCV (2),   -0.000581987,  0.000141169, -0.000001450,
VCV (3),    0.000010975, -0.000001450,  0.000000568,
Cor (1),    1.000000000, -0.247500762,  0.073587198,
Cor (2),   -0.247500762,  1.000000000, -0.161989201,
Cor (3),    0.073587198, -0.161989201,  1.000000000,
St.dev,     0.197909994,  0.011881444,  0.000753613,
Skewness,  -0.112191374,  0.177772376,  0.014298549,
Kurtosis,  -0.200965038,  0.225239624,  0.044162955,
AutoCor,    0.284340366,  0.382590465,  0.929837246,
Markow Autoregressive (lag 1) bivariate joint 3 asset model cond. params
uProb.,   0.629919238,  0.370080762,
Prob (1),   0.595648635,  0.404351365,
Prob (2),   0.688251672,  0.311748328,
Mean,      0.088841593, -0.002004704,  0.000022484,
Cor (1),    1.000000000, -0.114832209, -0.189236957,
Cor (2),   -0.114832209,  1.000000000, -0.452947110,
Cor (3),   -0.189236957, -0.452947110,  1.000000000,
VCV (1),    0.019636682, -0.000147589, -0.000008258,
VCV (2),   -0.000147589,  0.000084122, -0.000001294,
VCV (3),   -0.000008258, -0.000001294,  0.000000097,
St.dev,     0.140130947,  0.009171810,  0.000311404,
Mean,     -0.151773438,  0.003688917, -0.000105652,
Cor (1),    1.000000000, -0.180327506,  0.951160575,
Cor (2),   -0.180327506,  1.000000000,  0.037621695,
Cor (3),    0.951160575,  0.037621695,  1.000000000,
VCV (1),    0.019793670, -0.000318208,  0.000019665,
VCV (2),   -0.000318208,  0.000157316,  0.000000069,
VCV (3),    0.000019665,  0.000000069,  0.000000022,
St.dev,     0.140689979,  0.012542566,  0.000146950,
AutoCor,    0.482515252,  0.409467722,  0.936774689,

No.; 22; Score; 313.56553937577;
Markow Autoregressive (lag 1) bivariate joint 3 asset model uncond. params
uMean,      0.027771398,  0.003338790,  0.000028457,
VCV (1),    0.028170776,  0.000528024,  0.000009505,
VCV (2),    0.000528024,  0.000066011,  0.000000139,
VCV (3),    0.000009505,  0.000000139,  0.000000104,
Cor (1),    1.000000000,  0.387210076,  0.175681703,
Cor (2),    0.387210076,  1.000000000,  0.053025073,
Cor (3),    0.175681703,  0.053025073,  1.000000000,
St.dev,     0.167841522,  0.008124701,  0.000322348,
Skewness,  -0.025232489, -0.366031822, -0.174892658,
Kurtosis,  -0.028331965,  0.416694989,  0.499047506,
AutoCor,   -0.222191114,  0.307908795, -0.257840409,
Markow Autoregressive (lag 1) bivariate joint 3 asset model cond. params
uProb.,   0.358370501,  0.641629499,
Prob (1),   0.194719386,  0.805280614,
Prob (2),   0.449774858,  0.550225142,
Mean,     -0.052869602,  0.006555585,  0.000089024,
Cor (1),    1.000000000,  0.600837402,  0.804445435,
Cor (2),    0.600837402,  1.000000000, -0.621750489,
Cor (3),    0.804445435, -0.621750489,  1.000000000,
VCV (1),    0.023304779,  0.000332365,  0.000023247,
VCV (2),    0.000332365,  0.000013130, -0.000000426,
VCV (3),    0.000023247, -0.000000426,  0.000000036,
