Round No; 13; best result RLS; 22.131299625812

;;;
Statistical description of data for: Meginajums1
Calib/Tail/Per/Cur, 4176, 9999, 23, 0,
Title,    PE MARKET w  ,EQUITY LM SNP,REX BOND     ,
Mean,       0.000104436,  0.000075211,  0.000042226,
VCV (1),    0.033533792, -0.000018247, -0.000000770,
VCV (2),   -0.000018247,  0.000044333, -0.000000146,
VCV (3),   -0.000000770, -0.000000146,  0.000000045,
St.dev,     0.183122341,  0.006658326,  0.000210996,
Skewness,  -0.359429482, -0.013261914,  0.151860187,
Kurtosis,  20.092276212,  7.412958555, 34.388660560,
AutoCor,   -0.271804758, -0.019537378, -0.152000145,
No.; 1; Score; 22.131299625812;
Markow Autoregressive (lag 1) bivariate joint 3 asset model uncond. params
uMean,      0.000210441, -0.000179574,  0.000093339,
VCV (1),    0.033535392, -0.000077153, -0.000024461,
VCV (2),   -0.000077153,  0.000046807,  0.000000395,
VCV (3),   -0.000024461,  0.000000395,  0.000000050,
Cor (1),    1.000000000, -0.061580596, -0.595443980,
Cor (2),   -0.061580596,  1.000000000,  0.257137936,
Cor (3),   -0.595443980,  0.257137936,  1.000000000,
St.dev,     0.183126710,  0.006841562,  0.000224324,
Skewness,  -0.175974101, -0.009355087,  0.349442531,
Kurtosis,  -0.315397413,  0.010589705,  0.231296136,
AutoCor,    0.129833838,  0.105447417,  0.208510422,
Markow Autoregressive (lag 1) bivariate joint 3 asset model cond. params
uProb.,   0.527999135,  0.472000865,
Prob (1),   0.277577206,  0.722422794,
Prob (2),   0.808131168,  0.191868832,
Mean,      0.112784134, -0.000517698,  0.000009085,
Cor (1),    1.000000000, -0.999180270, -0.305672222,
Cor (2),   -0.999180270,  1.000000000,  0.729444809,
Cor (3),   -0.305672222,  0.729444809,  1.000000000,
VCV (1),    0.009243943, -0.000671117, -0.000004431,
VCV (2),   -0.000671117,  0.000048804,  0.000000768,
VCV (3),   -0.000004431,  0.000000768,  0.000000023,
St.dev,     0.096145424,  0.006985952,  0.000150778,
Mean,     -0.125719017,  0.000198665,  0.000187590,
Cor (1),    1.000000000,  0.841211859, -0.635041117,
Cor (2),    0.841211859,  1.000000000, -0.078612042,
Cor (3),   -0.635041117, -0.078612042,  1.000000000,
VCV (1),    0.015240668,  0.000682307, -0.000018141,
VCV (2),    0.000682307,  0.000043166, -0.000000120,
VCV (3),   -0.000018141, -0.000000120,  0.000000054,
St.dev,     0.123453101,  0.006570107,  0.000231400,
AutoCor,    0.613426052,  0.107189941,  0.346993346,

No.; 2; Score; 28.731022184364;
Markow Autoregressive (lag 1) bivariate joint 3 asset model uncond. params
uMean,     -0.000385670,  0.000146915,  0.000145699,
VCV (1),    0.033185858,  0.000295221, -0.000046731,
VCV (2),    0.000295221,  0.000054349,  0.000000607,
VCV (3),   -0.000046731,  0.000000607,  0.000000325,
Cor (1),    1.000000000,  0.219825157, -0.450221803,
Cor (2),    0.219825157,  1.000000000,  0.144626286,
Cor (3),   -0.450221803,  0.144626286,  1.000000000,
St.dev,     0.182169861,  0.007372146,  0.000569773,
Skewness,  -0.055185926, -0.020635511,  0.031990709,
Kurtosis,  -0.119514368, -0.129515027,  0.202210246,
AutoCor,    0.507004151,  0.663566735,  0.893257817,
Markow Autoregressive (lag 1) bivariate joint 3 asset model cond. params
uProb.,   0.423274196,  0.576725804,
Prob (1),   0.552247458,  0.447752542,
Prob (2),   0.328617336,  0.671382664,
Mean,      0.102767895,  0.004451134,  0.000190844,
Cor (1),    1.000000000, -0.985441278, -0.711585513,
Cor (2),   -0.985441278,  1.000000000, -0.107362589,
Cor (3),   -0.711585513, -0.107362589,  1.000000000,
VCV (1),    0.014194175, -0.000404067, -0.000028397,
VCV (2),   -0.000404067,  0.000011845, -0.000000124,
VCV (3),   -0.000028397, -0.000000124,  0.000000112,
St.dev,     0.119139308,  0.003441657,  0.000334960,
Mean,     -0.076092777, -0.003012065,  0.000112565,
Cor (1),    1.000000000,  0.507543440, -0.884235235,
Cor (2),    0.507543440,  1.000000000,  0.473553411,
Cor (3),   -0.884235235,  0.473553411,  1.000000000,
VCV (1),    0.018047226,  0.000269011, -0.000019799,
VCV (2),    0.000269011,  0.000015566,  0.000000311,
VCV (3),   -0.000019799,  0.000000311,  0.000000028,
St.dev,     0.134339963,  0.003945408,  0.000166673,
AutoCor,    0.594211064,  0.810353398,  0.896357488,

