Round No; 1; best result RLS; 15.502087655799

;;;
Statistical description of data for: Meginajums1
Calib/Tail/Per/Cur, 4176, 9999, 23, 0,
Title,    PE MARKET w  ,EQUITY LM SNP,REX BOND     ,
Mean,       0.000104436,  0.000075211,  0.000042226,
VCV (1),    0.033533792, -0.000018247, -0.000000770,
VCV (2),   -0.000018247,  0.000044333, -0.000000146,
VCV (3),   -0.000000770, -0.000000146,  0.000000045,
St.dev,     0.183122341,  0.006658326,  0.000210996,
Skewness,  -0.359429482, -0.013261914,  0.151860187,
Kurtosis,  20.092276212,  7.412958555, 34.388660560,
AutoCor,   -0.271804758, -0.019537378, -0.152000145,
No.; 1; Score; 15.502087655799;
Markow Autoregressive (lag 1) bivariate joint 3 asset model uncond. params
uMean,     -0.051434379,  0.000199141, -0.000003817,
VCV (1),    0.025128805, -0.000006342, -0.000014920,
VCV (2),   -0.000006342,  0.000057431, -0.000000200,
VCV (3),   -0.000014920, -0.000000200,  0.000000105,
Cor (1),    1.000000000, -0.005279330, -0.290538512,
Cor (2),   -0.005279330,  1.000000000, -0.081321108,
Cor (3),   -0.290538512, -0.081321108,  1.000000000,
St.dev,     0.158520677,  0.007578338,  0.000323955,
Skewness,  -0.323587175, -0.069035128,  0.272352108,
Kurtosis,  -0.477614206,  0.175745068,  0.204264551,
AutoCor,   -0.055637410, -0.479511059,  0.439380789,
Markow Autoregressive (lag 1) bivariate joint 3 asset model cond. params
uProb.,   0.546549988,  0.453450012,
Prob (1),   0.498794593,  0.501205407,
Prob (2),   0.604110270,  0.395889730,
Mean,      0.055170530,  0.000876676, -0.000108164,
Cor (1),    1.000000000, -0.785749097,  0.119166138,
Cor (2),   -0.785749097,  1.000000000,  0.772126171,
Cor (3),    0.119166138,  0.772126171,  1.000000000,
VCV (1),    0.008864598, -0.000412348,  0.000002321,
VCV (2),   -0.000412348,  0.000031067,  0.000000890,
VCV (3),    0.000002321,  0.000000890,  0.000000043,
St.dev,     0.094151993,  0.005573787,  0.000206862,
Mean,     -0.179926848, -0.000617501,  0.000121954,
Cor (1),    1.000000000,  0.314758460, -0.163425672,
Cor (2),    0.314758460,  1.000000000, -0.582604404,
Cor (3),   -0.163425672, -0.582604404,  1.000000000,
VCV (1),    0.014523669,  0.000290645, -0.000006126,
VCV (2),    0.000290645,  0.000058707, -0.000001388,
VCV (3),   -0.000006126, -0.000001388,  0.000000097,
St.dev,     0.120514187,  0.007662077,  0.000311041,
AutoCor,    0.003893396, -0.483151200,  0.517231890,

No.; 2; Score; 21.315370526724;
Markow Autoregressive (lag 1) bivariate joint 3 asset model uncond. params
uMean,     -0.020267939,  0.002142700,  0.000051713,
VCV (1),    0.045520048,  0.000147428, -0.000038501,
VCV (2),    0.000147428,  0.000063897, -0.000000158,
VCV (3),   -0.000038501, -0.000000158,  0.000000067,
Cor (1),    1.000000000,  0.086444797, -0.698257849,
Cor (2),    0.086444797,  1.000000000, -0.076442324,
Cor (3),   -0.698257849, -0.076442324,  1.000000000,
St.dev,     0.213354277,  0.007993560,  0.000258439,
Skewness,  -0.163539804,  0.129762761,  0.496701547,
Kurtosis,  -0.013959134,  0.176652116, -0.096439051,
AutoCor,    0.132821403,  0.514221756,  0.157736448,
Markow Autoregressive (lag 1) bivariate joint 3 asset model cond. params
uProb.,   0.515014162,  0.484985838,
Prob (1),   0.405320647,  0.594679353,
Prob (2),   0.631499448,  0.368500552,
Mean,      0.068623048,  0.003568616, -0.000108095,
Cor (1),    1.000000000, -0.501972241, -0.379869507,
Cor (2),   -0.501972241,  1.000000000,  0.590778515,
Cor (3),   -0.379869507,  0.590778515,  1.000000000,
VCV (1),    0.029927646, -0.000668861, -0.000008235,
VCV (2),   -0.000668861,  0.000059325,  0.000000570,
VCV (3),   -0.000008235,  0.000000570,  0.000000016,
St.dev,     0.172996085,  0.007702285,  0.000125307,
Mean,     -0.114662690,  0.000628497,  0.000221415,
Cor (1),    1.000000000,  0.692907874, -0.769578016,
Cor (2),    0.692907874,  1.000000000, -0.401842685,
Cor (3),   -0.769578016, -0.401842685,  1.000000000,
VCV (1),    0.041272211,  0.000733669, -0.000035197,
VCV (2),    0.000733669,  0.000027164, -0.000000471,
VCV (3),   -0.000035197, -0.000000471,  0.000000051,
St.dev,     0.203155631,  0.005211900,  0.000225127,
AutoCor,    0.213951990,  0.540115402,  0.420185992,

No.; 3; Score; 27.128653397648;
Markow Autoregressive (lag 1) bivariate joint 3 asset model uncond. params
uMean,     -0.055079824,  0.001608342,  0.000053828,
VCV (1),    0.027886524, -0.000259031, -0.000010057,
VCV (2),   -0.000259031,  0.000076983, -0.000000258,
VCV (3),   -0.000010057, -0.000000258,  0.000000039,
Cor (1),    1.000000000, -0.176790214, -0.304558075,
Cor (2),   -0.176790214,  1.000000000, -0.148849705,
Cor (3),   -0.304558075, -0.148849705,  1.000000000,
St.dev,     0.166992587,  0.008773984,  0.000197739,
Skewness,  -0.652979719,  0.106323372,  0.065192775,
Kurtosis,   0.563852751,  0.170832709,  0.467292954,
AutoCor,    0.058631569,  0.397525818,  0.279649000,
Markow Autoregressive (lag 1) bivariate joint 3 asset model cond. params
uProb.,   0.546818304,  0.453181696,
Prob (1),   0.415775852,  0.584224148,
Prob (2),   0.704936806,  0.295063194,
Mean,      0.019037846,  0.000395345,  0.000043878,
Cor (1),    1.000000000, -0.968195386, -0.714110230,
Cor (2),   -0.968195386,  1.000000000,  0.529035351,
Cor (3),   -0.714110230,  0.529035351,  1.000000000,
VCV (1),    0.009620695, -0.000638990, -0.000010291,
VCV (2),   -0.000638990,  0.000045275,  0.000000523,
VCV (3),   -0.000010291,  0.000000523,  0.000000022,
St.dev,     0.098085144,  0.006728651,  0.000146923,
Mean,     -0.144511721,  0.003071969,  0.000065834,
Cor (1),    1.000000000,  0.275061194, -0.161374891,
Cor (2),    0.275061194,  1.000000000, -0.553930088,
Cor (3),   -0.161374891, -0.553930088,  1.000000000,
VCV (1),    0.033990463,  0.000461775, -0.000006860,
VCV (2),    0.000461775,  0.000082917, -0.000001163,
VCV (3),   -0.000006860, -0.000001163,  0.000000053,
St.dev,     0.184365026,  0.009105886,  0.000230563,
AutoCor,    0.167076990,  0.413736007,  0.281392047,

No.; 4; Score; 32.941936268573;
Markow Autoregressive (lag 1) bivariate joint 3 asset model uncond. params
uMean,     -0.047310411, -0.000102844,  0.000112746,
VCV (1),    0.034562349,  0.000645233, -0.000033270,
VCV (2),    0.000645233,  0.000097777, -0.000000186,
VCV (3),   -0.000033270, -0.000000186,  0.000000080,
Cor (1),    1.000000000,  0.350990891, -0.632215390,
Cor (2),    0.350990891,  1.000000000, -0.066421794,
Cor (3),   -0.632215390, -0.066421794,  1.000000000,
St.dev,     0.185909517,  0.009888243,  0.000283062,
Skewness,  -0.359840562,  0.025690090,  0.157557035,
Kurtosis,  -0.121016617,  0.053143961,  0.166881621,
AutoCor,    0.092138743,  0.644709390,  0.567206536,
Markow Autoregressive (lag 1) bivariate joint 3 asset model cond. params
uProb.,   0.413346044,  0.586653956,
Prob (1),   0.018667124,  0.981332876,
Prob (2),   0.691429859,  0.308570141,
Mean,      0.072713794,  0.000704772,  0.000038307,
Cor (1),    1.000000000, -0.656256909, -0.825182007,
Cor (2),   -0.656256909,  1.000000000,  0.782746289,
Cor (3),   -0.825182007,  0.782746289,  1.000000000,
VCV (1),    0.008580882, -0.000525406, -0.000009794,
VCV (2),   -0.000525406,  0.000074698,  0.000000867,
VCV (3),   -0.000009794,  0.000000867,  0.000000016,
St.dev,     0.092633052,  0.008642818,  0.000128135,
Mean,     -0.131877352, -0.000671876,  0.000165194,
Cor (1),    1.000000000,  0.984814612, -0.622910536,
Cor (2),    0.984814612,  1.000000000, -0.446080966,
Cor (3),   -0.622910536, -0.446080966,  1.000000000,
VCV (1),    0.028565959,  0.001091058, -0.000027184,
VCV (2),    0.001091058,  0.000042967, -0.000000755,
VCV (3),   -0.000027184, -0.000000755,  0.000000067,
St.dev,     0.169014671,  0.006554944,  0.000258206,
AutoCor,    0.410167810,  0.650930832,  0.630720660,

No.; 5; Score; 38.755219139497;
Markow Autoregressive (lag 1) bivariate joint 3 asset model uncond. params
uMean,      0.010947920, -0.001415976,  0.000030816,
VCV (1),    0.029009934, -0.000414640, -0.000017094,
VCV (2),   -0.000414640,  0.000084001,  0.000000857,
VCV (3),   -0.000017094,  0.000000857,  0.000000031,
Cor (1),    1.000000000, -0.265617566, -0.573491414,
Cor (2),   -0.265617566,  1.000000000,  0.534094369,
Cor (3),   -0.573491414,  0.534094369,  1.000000000,
St.dev,     0.170323029,  0.009165180,  0.000175006,
Skewness,   0.458899842, -0.065772766, -0.255848283,
Kurtosis,   0.159228837,  0.044684064,  0.558285841,
AutoCor,   -0.048602434,  0.255456818, -0.179454723,
Markow Autoregressive (lag 1) bivariate joint 3 asset model cond. params
uProb.,   0.418174717,  0.581825283,
Prob (1),   0.184999033,  0.815000967,
Prob (2),   0.585764848,  0.414235152,
Mean,      0.120924237, -0.003429697, -0.000010736,
Cor (1),    1.000000000, -0.965045972, -0.362877319,
Cor (2),   -0.965045972,  1.000000000,  0.714777539,
Cor (3),   -0.362877319,  0.714777539,  1.000000000,
VCV (1),    0.028568672, -0.001516233, -0.000012845,
VCV (2),   -0.001516233,  0.000086406,  0.000001391,
VCV (3),   -0.000012845,  0.000001391,  0.000000044,
St.dev,     0.169022697,  0.009295504,  0.000209418,
Mean,     -0.068095251,  0.000031344,  0.000060680,
Cor (1),    1.000000000,  0.687231605, -0.951511610,
Cor (2),    0.687231605,  1.000000000,  0.402246670,
Cor (3),   -0.951511610,  0.402246670,  1.000000000,
VCV (1),    0.014022548,  0.000663185, -0.000014916,
VCV (2),    0.000663185,  0.000066410,  0.000000434,
VCV (3),   -0.000014916,  0.000000434,  0.000000018,
St.dev,     0.118416841,  0.008149260,  0.000132381,
AutoCor,    0.102074548,  0.279043625, -0.170109418,

No.; 6; Score; 44.568502010422;
Markow Autoregressive (lag 1) bivariate joint 3 asset model uncond. params
uMean,      0.006752687, -0.000011919,  0.000166250,
VCV (1),    0.033070597,  0.000226965, -0.000015242,
VCV (2),    0.000226965,  0.000039023,  0.000000224,
VCV (3),   -0.000015242,  0.000000224,  0.000000038,
Cor (1),    1.000000000,  0.199791506, -0.429662620,
Cor (2),    0.199791506,  1.000000000,  0.184164705,
Cor (3),   -0.429662620,  0.184164705,  1.000000000,
St.dev,     0.181853230,  0.006246836,  0.000195068,
Skewness,  -0.022836071, -0.364788079,  0.171633821,
Kurtosis,  -0.013907521,  0.165680393,  0.021800316,
AutoCor,    0.567865052, -0.128139222, -0.100799854,
Markow Autoregressive (lag 1) bivariate joint 3 asset model cond. params
uProb.,   0.504577410,  0.495422590,
Prob (1),   0.169908803,  0.830091197,
Prob (2),   0.845430296,  0.154569704,
Mean,      0.060890868,  0.002684226,  0.000091321,
Cor (1),    1.000000000, -0.619159741, -0.603697632,
Cor (2),   -0.619159741,  1.000000000,  0.313263867,
Cor (3),   -0.603697632,  0.313263867,  1.000000000,
VCV (1),    0.014636138, -0.000342195, -0.000011957,
VCV (2),   -0.000342195,  0.000020870,  0.000000234,
VCV (3),   -0.000011957,  0.000000234,  0.000000027,
St.dev,     0.120979907,  0.004568332,  0.000163717,
Mean,     -0.048385904, -0.002757886,  0.000242563,
Cor (1),    1.000000000,  0.598938148, -0.405198133,
Cor (2),    0.598938148,  1.000000000,  0.495300869,
Cor (3),   -0.405198133,  0.495300869,  1.000000000,
VCV (1),    0.016804679,  0.000506568, -0.000010235,
VCV (2),    0.000506568,  0.000042568,  0.000000630,
VCV (3),   -0.000010235,  0.000000630,  0.000000038,
St.dev,     0.129632861,  0.006524403,  0.000194848,
AutoCor,    0.691234705,  0.000027511,  0.000837847,

No.; 7; Score; 50.381784881347;
Markow Autoregressive (lag 1) bivariate joint 3 asset model uncond. params
uMean,      0.062374557,  0.000055806, -0.000024273,
VCV (1),    0.029936951,  0.000053354, -0.000032769,
VCV (2),    0.000053354,  0.000074729,  0.000000167,
VCV (3),   -0.000032769,  0.000000167,  0.000000063,
Cor (1),    1.000000000,  0.035671151, -0.756884152,
Cor (2),    0.035671151,  1.000000000,  0.076983088,
Cor (3),   -0.756884152,  0.076983088,  1.000000000,
St.dev,     0.173022977,  0.008644593,  0.000250223,
Skewness,  -0.297507336,  0.012315538,  0.222591824,
Kurtosis,  -0.290981647,  0.076090270,  0.088218585,
AutoCor,   -0.012633916,  0.257756212, -0.182887758,
Markow Autoregressive (lag 1) bivariate joint 3 asset model cond. params
uProb.,   0.532997563,  0.467002437,
Prob (1),   0.415623184,  0.584376816,
Prob (2),   0.666958873,  0.333041127,
Mean,      0.170026597, -0.000153284, -0.000113094,
Cor (1),    1.000000000, -0.510285230, -0.619224976,
Cor (2),   -0.510285230,  1.000000000,  0.472712109,
Cor (3),   -0.619224976,  0.472712109,  1.000000000,
VCV (1),    0.012527568, -0.000436497, -0.000014009,
VCV (2),   -0.000436497,  0.000058408,  0.000000730,
VCV (3),   -0.000014009,  0.000000730,  0.000000041,
St.dev,     0.111926618,  0.007642484,  0.000202127,
Mean,     -0.060490488,  0.000294443,  0.000077099,
Cor (1),    1.000000000,  0.508593909, -0.887021864,
Cor (2),    0.508593909,  1.000000000, -0.219799228,
Cor (3),   -0.887021864, -0.219799228,  1.000000000,
VCV (1),    0.020371840,  0.000659736, -0.000032226,
VCV (2),    0.000659736,  0.000082598, -0.000000508,
VCV (3),   -0.000032226, -0.000000508,  0.000000065,
St.dev,     0.142729953,  0.009088330,  0.000254538,
AutoCor,    0.176305505,  0.258096359, -0.171391157,

No.; 8; Score; 56.195067752271;
Markow Autoregressive (lag 1) bivariate joint 3 asset model uncond. params
uMean,      0.030135007, -0.000325014,  0.000029650,
VCV (1),    0.039213192,  0.000053187, -0.000025745,
VCV (2),    0.000053187,  0.000034610,  0.000000105,
VCV (3),   -0.000025745,  0.000000105,  0.000000081,
Cor (1),    1.000000000,  0.045654790, -0.456103321,
Cor (2),    0.045654790,  1.000000000,  0.062803621,
Cor (3),   -0.456103321,  0.062803621,  1.000000000,
St.dev,     0.198023211,  0.005883018,  0.000285047,
Skewness,  -0.129087986,  0.088713222,  0.064253643,
Kurtosis,   0.123030151,  0.231823731, -0.003771054,
AutoCor,    0.664817603, -0.184166475,  0.695796891,
Markow Autoregressive (lag 1) bivariate joint 3 asset model cond. params
uProb.,   0.569802533,  0.430197467,
Prob (1),   0.439246560,  0.560753440,
Prob (2),   0.742725737,  0.257274263,
Mean,      0.073089338,  0.000214663, -0.000056432,
Cor (1),    1.000000000, -0.697492261, -0.242943237,
Cor (2),   -0.697492261,  1.000000000,  0.556794140,
Cor (3),   -0.242943237,  0.556794140,  1.000000000,
VCV (1),    0.010630577, -0.000463951, -0.000003319,
VCV (2),   -0.000463951,  0.000041621,  0.000000476,
VCV (3),   -0.000003319,  0.000000476,  0.000000018,
St.dev,     0.103104690,  0.006451410,  0.000132516,
Mean,     -0.026758601, -0.001039823,  0.000143667,
Cor (1),    1.000000000,  0.896484534, -0.547068251,
Cor (2),    0.896484534,  1.000000000, -0.237047763,
Cor (3),   -0.547068251, -0.237047763,  1.000000000,
VCV (1),    0.025946107,  0.000673738, -0.000014626,
VCV (2),    0.000673738,  0.000021768, -0.000000184,
VCV (3),   -0.000014626, -0.000000184,  0.000000028,
St.dev,     0.161077953,  0.004665648,  0.000165976,
AutoCor,    0.729174158, -0.182821610,  0.833088824,

No.; 9; Score; 62.008350623196;
Markow Autoregressive (lag 1) bivariate joint 3 asset model uncond. params
uMean,      0.056088694, -0.000977043,  0.000096435,
VCV (1),    0.052846012, -0.000602967,  0.000005717,
VCV (2),   -0.000602967,  0.000105323,  0.000000752,
VCV (3),    0.000005717,  0.000000752,  0.000000033,
Cor (1),    1.000000000, -0.255579564,  0.137907917,
Cor (2),   -0.255579564,  1.000000000,  0.406588742,
Cor (3),    0.137907917,  0.406588742,  1.000000000,
St.dev,     0.229882604,  0.010262689,  0.000180334,
Skewness,  -0.304910894, -0.061991814,  0.071638401,
Kurtosis,  -0.093286886,  0.076838726,  0.242230214,
AutoCor,   -0.135494745,  0.450865027,  0.218370416,
Markow Autoregressive (lag 1) bivariate joint 3 asset model cond. params
uProb.,   0.609089180,  0.390910820,
Prob (1),   0.464219704,  0.535780296,
Prob (2),   0.834814399,  0.165185601,
Mean,      0.167686154, -0.002025938,  0.000108498,
Cor (1),    1.000000000, -0.684674878,  0.345594360,
Cor (2),   -0.684674878,  1.000000000,  0.462128613,
Cor (3),    0.345594360,  0.462128613,  1.000000000,
VCV (1),    0.028657153, -0.001137038,  0.000011451,
VCV (2),   -0.001137038,  0.000096238,  0.000000887,
VCV (3),    0.000011451,  0.000000887,  0.000000038,
St.dev,     0.169284237,  0.009810118,  0.000195729,
Mean,     -0.117794457,  0.000657269,  0.000077640,
Cor (1),    1.000000000,  0.452380530, -0.309360731,
Cor (2),    0.452380530,  1.000000000,  0.372144131,
Cor (3),   -0.309360731,  0.372144131,  1.000000000,
VCV (1),    0.040895013,  0.000696213, -0.000008585,
VCV (2),    0.000696213,  0.000057917,  0.000000389,
VCV (3),   -0.000008585,  0.000000389,  0.000000019,
St.dev,     0.202225154,  0.007610323,  0.000137220,
AutoCor,    0.000927087,  0.464456222,  0.222505328,

No.; 10; Score; 67.821633494121;
Markow Autoregressive (lag 1) bivariate joint 3 asset model uncond. params
uMean,     -0.023373215,  0.000829040,  0.000107316,
VCV (1),    0.110606787, -0.000122100, -0.000025833,
VCV (2),   -0.000122100,  0.000036453,  0.000000118,
VCV (3),   -0.000025833,  0.000000118,  0.000000180,
Cor (1),    1.000000000, -0.060807389, -0.183092162,
Cor (2),   -0.060807389,  1.000000000,  0.045900471,
Cor (3),   -0.183092162,  0.045900471,  1.000000000,
St.dev,     0.332575987,  0.006037666,  0.000424249,
Skewness,  -0.076292507,  0.125681251,  0.065564868,
Kurtosis,  -0.042813001,  0.138838313,  0.039208410,
AutoCor,    0.583153412,  0.195257083,  0.749393839,
Markow Autoregressive (lag 1) bivariate joint 3 asset model cond. params
uProb.,   0.457072360,  0.542927640,
Prob (1),   0.219704232,  0.780295768,
Prob (2),   0.656904535,  0.343095465,
Mean,      0.123968825,  0.002124137,  0.000004038,
Cor (1),    1.000000000, -0.844379468,  0.114625122,
Cor (2),   -0.844379468,  1.000000000,  0.888581249,
Cor (3),    0.114625122,  0.888581249,  1.000000000,
VCV (1),    0.024388140, -0.000853363,  0.000003246,
VCV (2),   -0.000853363,  0.000041881,  0.000001043,
VCV (3),    0.000003246,  0.000001043,  0.000000033,
St.dev,     0.156167026,  0.006471527,  0.000181357,
Mean,     -0.147415479, -0.000261258,  0.000194262,
Cor (1),    1.000000000,  0.266345374, -0.191477430,
Cor (2),    0.266345374,  1.000000000, -0.367052646,
Cor (3),   -0.191477430, -0.367052646,  1.000000000,
VCV (1),    0.044698109,  0.000287893, -0.000011433,
VCV (2),    0.000287893,  0.000026139, -0.000000530,
VCV (3),   -0.000011433, -0.000000530,  0.000000080,
St.dev,     0.211419273,  0.005112598,  0.000282418,
AutoCor,    0.785131189,  0.220742843,  0.811702105,

No.; 11; Score; 73.634916365045;
Markow Autoregressive (lag 1) bivariate joint 3 asset model uncond. params
uMean,      0.013834212,  0.003024139,  0.000148671,
VCV (1),    0.056192385, -0.000294698, -0.000035692,
VCV (2),   -0.000294698,  0.000090325, -0.000000093,
VCV (3),   -0.000035692, -0.000000093,  0.000000073,
Cor (1),    1.000000000, -0.130807907, -0.557041765,
Cor (2),   -0.130807907,  1.000000000, -0.036071357,
Cor (3),   -0.557041765, -0.036071357,  1.000000000,
St.dev,     0.237049330,  0.009503958,  0.000270301,
Skewness,  -0.301583201, -0.071074611,  0.171570995,
Kurtosis,  -0.530484653,  0.189763900,  0.287274709,
AutoCor,    0.008543364,  0.476911561,  0.630636105,
Markow Autoregressive (lag 1) bivariate joint 3 asset model cond. params
uProb.,   0.532044745,  0.467955255,
Prob (1),   0.332619149,  0.667380851,
Prob (2),   0.758782964,  0.241217036,
Mean,      0.179931566,  0.002167539,  0.000096815,
Cor (1),    1.000000000, -0.513361402, -0.052916382,
Cor (2),   -0.513361402,  1.000000000,  0.466523144,
Cor (3),   -0.052916382,  0.466523144,  1.000000000,
VCV (1),    0.010497206, -0.000502919, -0.000000668,
VCV (2),   -0.000502919,  0.000091427,  0.000000550,
VCV (3),   -0.000000668,  0.000000550,  0.000000015,
St.dev,     0.102455871,  0.009561772,  0.000123249,
Mean,     -0.175011247,  0.003998055,  0.000207630,
Cor (1),    1.000000000,  0.357605140, -0.850254286,
Cor (2),    0.357605140,  1.000000000, -0.505883213,
Cor (3),   -0.850254286, -0.505883213,  1.000000000,
VCV (1),    0.024610780,  0.000364627, -0.000033693,
VCV (2),    0.000364627,  0.000042244, -0.000000831,
VCV (3),   -0.000033693, -0.000000831,  0.000000064,
St.dev,     0.156878233,  0.006499532,  0.000252596,
AutoCor,    0.557787439,  0.485330246,  0.676789996,

No.; 12; Score; 79.44819923597;
Markow Autoregressive (lag 1) bivariate joint 3 asset model uncond. params
uMean,     -0.004196475,  0.001043361,  0.000064380,
VCV (1),    0.281064899, -0.000251210, -0.000058386,
VCV (2),   -0.000251210,  0.000074003,  0.000000284,
VCV (3),   -0.000058386,  0.000000284,  0.000000150,
Cor (1),    1.000000000, -0.055081876, -0.284610147,
Cor (2),   -0.055081876,  1.000000000,  0.085262828,
Cor (3),   -0.284610147,  0.085262828,  1.000000000,
St.dev,     0.530155542,  0.008602494,  0.000386950,
Skewness,  -0.001535599, -0.215394076,  0.000003813,
Kurtosis,  -0.000079481,  0.467796793, -0.056546580,
AutoCor,    0.933168357, -0.195037082,  0.569991307,
Markow Autoregressive (lag 1) bivariate joint 3 asset model cond. params
uProb.,   0.527894689,  0.472105311,
Prob (1),   0.151606060,  0.848393940,
Prob (2),   0.948649897,  0.051350103,
Mean,      0.049758675, -0.000423697, -0.000085547,
Cor (1),    1.000000000, -0.707160230,  0.021314575,
Cor (2),   -0.707160230,  1.000000000,  0.178095410,
Cor (3),    0.021314575,  0.178095410,  1.000000000,
VCV (1),    0.023284006, -0.001068420,  0.000000624,
VCV (2),   -0.001068420,  0.000098037,  0.000000339,
VCV (3),    0.000000624,  0.000000339,  0.000000037,
St.dev,     0.152590977,  0.009901373,  0.000191992,
Mean,     -0.064527584,  0.002683783,  0.000232024,
Cor (1),    1.000000000,  0.781823890, -0.685642469,
Cor (2),    0.781823890,  1.000000000, -0.254369541,
Cor (3),   -0.685642469, -0.254369541,  1.000000000,
VCV (1),    0.027483219,  0.000792613, -0.000020934,
VCV (2),    0.000792613,  0.000037397, -0.000000286,
VCV (3),   -0.000020934, -0.000000286,  0.000000034,
St.dev,     0.165780634,  0.006115309,  0.000184167,
AutoCor,    0.953441736, -0.174801590,  0.845759722,

No.; 13; Score; 85.261482106895;
Markow Autoregressive (lag 1) bivariate joint 3 asset model uncond. params
uMean,      0.063270258, -0.000311141,  0.000088894,
VCV (1),    0.024111252,  0.000011160, -0.000013203,
VCV (2),    0.000011160,  0.000081002,  0.000000087,
VCV (3),   -0.000013203,  0.000000087,  0.000000082,
Cor (1),    1.000000000,  0.007985447, -0.296287879,
Cor (2),    0.007985447,  1.000000000,  0.033750279,
Cor (3),   -0.296287879,  0.033750279,  1.000000000,
St.dev,     0.155277983,  0.009000121,  0.000286987,
Skewness,  -0.183983886,  0.147844840,  0.173299387,
Kurtosis,  -0.103926451,  0.232830054,  0.025514105,
AutoCor,    0.367951436, -0.396473664,  0.130702086,
Markow Autoregressive (lag 1) bivariate joint 3 asset model cond. params
uProb.,   0.629552531,  0.370447469,
Prob (1),   0.543599943,  0.456400057,
Prob (2),   0.775623631,  0.224376369,
Mean,      0.129950702, -0.001595081, -0.000007622,
Cor (1),    1.000000000, -0.389838452,  0.057935669,
Cor (2),   -0.389838452,  1.000000000,  0.300519726,
Cor (3),    0.057935669,  0.300519726,  1.000000000,
VCV (1),    0.008651846, -0.000253450,  0.000001289,
VCV (2),   -0.000253450,  0.000048855,  0.000000502,
VCV (3),    0.000001289,  0.000000502,  0.000000057,
St.dev,     0.093015302,  0.006989616,  0.000239118,
Mean,     -0.050049027,  0.001870837,  0.000252917,
Cor (1),    1.000000000,  0.923401038, -0.254758680,
Cor (2),    0.923401038,  1.000000000, -0.461351963,
Cor (3),   -0.254758680, -0.461351963,  1.000000000,
VCV (1),    0.011578446,  0.000962806, -0.000007455,
VCV (2),    0.000962806,  0.000093896, -0.000001216,
VCV (3),   -0.000007455, -0.000001216,  0.000000074,
St.dev,     0.107603190,  0.009689994,  0.000271970,
AutoCor,    0.641796228, -0.402365067,  0.217012164,

No.; 14; Score; 91.074764977819;
Markow Autoregressive (lag 1) bivariate joint 3 asset model uncond. params
uMean,     -0.033447238, -0.002785714,  0.000131166,
VCV (1),    0.026038505,  0.000435638, -0.000018459,
VCV (2),    0.000435638,  0.000054586,  0.000000813,
VCV (3),   -0.000018459,  0.000000813,  0.000000088,
Cor (1),    1.000000000,  0.365407368, -0.385034078,
Cor (2),    0.365407368,  1.000000000,  0.370410762,
Cor (3),   -0.385034078,  0.370410762,  1.000000000,
St.dev,     0.161364511,  0.007388227,  0.000297094,
Skewness,  -0.467478567, -0.005646036,  0.138516123,
Kurtosis,   0.119803463,  0.002461592,  0.121479710,
AutoCor,   -0.045181960, -0.174283440,  0.196464420,
Markow Autoregressive (lag 1) bivariate joint 3 asset model cond. params
uProb.,   0.409089197,  0.590910803,
Prob (1),   0.112043473,  0.887956527,
Prob (2),   0.614734779,  0.385265221,
Mean,      0.057671921, -0.002225395,  0.000054881,
Cor (1),    1.000000000, -0.492816968, -0.205662964,
Cor (2),   -0.492816968,  1.000000000,  0.872358105,
Cor (3),   -0.205662964,  0.872358105,  1.000000000,
VCV (1),    0.008875019, -0.000330654, -0.000004570,
VCV (2),   -0.000330654,  0.000050723,  0.000001465,
VCV (3),   -0.000004570,  0.000001465,  0.000000056,
St.dev,     0.094207318,  0.007122018,  0.000235873,
Mean,     -0.096529286, -0.003173625,  0.000183978,
Cor (1),    1.000000000,  0.744836585, -0.375132215,
Cor (2),    0.744836585,  1.000000000,  0.204822354,
Cor (3),   -0.375132215,  0.204822354,  1.000000000,
VCV (1),    0.027948773,  0.000916219, -0.000019482,
VCV (2),    0.000916219,  0.000054139,  0.000000468,
VCV (3),   -0.000019482,  0.000000468,  0.000000097,
St.dev,     0.167178865,  0.007357954,  0.000310647,
AutoCor,    0.084423181, -0.172970536,  0.229902789,

No.; 15; Score; 96.888047848744;
Markow Autoregressive (lag 1) bivariate joint 3 asset model uncond. params
uMean,      0.010858835, -0.001637237,  0.000070779,
VCV (1),    0.044001906, -0.000247510, -0.000028039,
VCV (2),   -0.000247510,  0.000109847,  0.000000683,
VCV (3),   -0.000028039,  0.000000683,  0.000000046,
Cor (1),    1.000000000, -0.112580372, -0.625751590,
Cor (2),   -0.112580372,  1.000000000,  0.304943830,
Cor (3),   -0.625751590,  0.304943830,  1.000000000,
St.dev,     0.209766314,  0.010480799,  0.000213608,
Skewness,  -0.042816689, -0.001423429,  0.065808528,
Kurtosis,  -0.117057185,  0.000214327,  0.205950591,
AutoCor,    0.327605918, -0.470680673,  0.576012338,
Markow Autoregressive (lag 1) bivariate joint 3 asset model cond. params
uProb.,   0.533980155,  0.466019845,
Prob (1),   0.476156961,  0.523843039,
Prob (2),   0.600235783,  0.399764217,
Mean,      0.108383755, -0.001082052,  0.000053004,
Cor (1),    1.000000000, -0.990204663, -0.321934937,
Cor (2),   -0.990204663,  1.000000000,  0.682807324,
Cor (3),   -0.321934937,  0.682807324,  1.000000000,
VCV (1),    0.024856934, -0.001432995, -0.000007002,
VCV (2),   -0.001432995,  0.000084254,  0.000000865,
VCV (3),   -0.000007002,  0.000000865,  0.000000019,
St.dev,     0.157660819,  0.009179012,  0.000137957,
Mean,     -0.100888277, -0.002273386,  0.000091147,
Cor (1),    1.000000000,  0.549060218, -0.966745985,
Cor (2),    0.549060218,  1.000000000,  0.474353604,
Cor (3),   -0.966745985,  0.474353604,  1.000000000,
VCV (1),    0.026437750,  0.000828459, -0.000032393,
VCV (2),    0.000828459,  0.000086115,  0.000000907,
VCV (3),   -0.000032393,  0.000000907,  0.000000042,
St.dev,     0.162596894,  0.009279802,  0.000206079,
AutoCor,    0.476305505, -0.471798661,  0.581611773,

No.; 16; Score; 102.70133071967;
Markow Autoregressive (lag 1) bivariate joint 3 asset model uncond. params
uMean,     -0.004329565,  0.001563889,  0.000013831,
VCV (1),    0.029218688, -0.000541242, -0.000024080,
VCV (2),   -0.000541242,  0.000091060,  0.000001324,
VCV (3),   -0.000024080,  0.000001324,  0.000000231,
Cor (1),    1.000000000, -0.331815457, -0.292983543,
Cor (2),   -0.331815457,  1.000000000,  0.288643030,
Cor (3),   -0.292983543,  0.288643030,  1.000000000,
St.dev,     0.170934749,  0.009542559,  0.000480812,
Skewness,   0.084801793,  0.019027076,  0.023100747,
Kurtosis,  -0.297419537, -0.016032289,  0.000684079,
AutoCor,    0.039768416, -0.072582082,  0.783970010,
Markow Autoregressive (lag 1) bivariate joint 3 asset model cond. params
uProb.,   0.497096170,  0.502903830,
Prob (1),   0.321371148,  0.678628852,
Prob (2),   0.670791875,  0.329208125,
Mean,      0.103059079, -0.001360756, -0.000098026,
Cor (1),    1.000000000, -0.789997144, -0.352769897,
Cor (2),   -0.789997144,  1.000000000,  0.417890331,
Cor (3),   -0.352769897,  0.417890331,  1.000000000,
VCV (1),    0.017657082, -0.000941872, -0.000010659,
VCV (2),   -0.000941872,  0.000080503,  0.000000853,
VCV (3),   -0.000010659,  0.000000853,  0.000000052,
St.dev,     0.132879954,  0.008972361,  0.000227389,
Mean,     -0.110478058,  0.004454758,  0.000124396,
Cor (1),    1.000000000,  0.414074866, -0.238425672,
Cor (2),    0.414074866,  1.000000000,  0.499146084,
Cor (3),   -0.238425672,  0.499146084,  1.000000000,
VCV (1),    0.015026188,  0.000466205, -0.000007792,
VCV (2),    0.000466205,  0.000084362,  0.000001222,
VCV (3),   -0.000007792,  0.000001222,  0.000000071,
St.dev,     0.122581354,  0.009184889,  0.000266621,
AutoCor,    0.288732263, -0.044247391,  0.848030230,

No.; 17; Score; 108.51461359059;
Markow Autoregressive (lag 1) bivariate joint 3 asset model uncond. params
uMean,     -0.036107045,  0.001353399,  0.000180592,
VCV (1),    0.050774131, -0.000148198, -0.000014680,
VCV (2),   -0.000148198,  0.000108664,  0.000001258,
VCV (3),   -0.000014680,  0.000001258,  0.000000051,
Cor (1),    1.000000000, -0.063092559, -0.289175171,
Cor (2),   -0.063092559,  1.000000000,  0.535620848,
Cor (3),   -0.289175171,  0.535620848,  1.000000000,
St.dev,     0.225331159,  0.010424216,  0.000225294,
Skewness,   0.296232267,  0.069689783,  0.018436741,
Kurtosis,  -0.424546759, -0.001661438, -0.015062245,
AutoCor,    0.022135149,  0.424229919,  0.547613677,
Markow Autoregressive (lag 1) bivariate joint 3 asset model cond. params
uProb.,   0.449105190,  0.550894810,
Prob (1),   0.250302288,  0.749697712,
Prob (2),   0.611174997,  0.388825003,
Mean,      0.143188623, -0.002069828,  0.000107115,
Cor (1),    1.000000000, -0.536139722,  0.079066040,
Cor (2),   -0.536139722,  1.000000000,  0.939631054,
Cor (3),    0.079066040,  0.939631054,  1.000000000,
VCV (1),    0.026143505, -0.000689575,  0.000002062,
VCV (2),   -0.000689575,  0.000063277,  0.000001205,
VCV (3),    0.000002062,  0.000001205,  0.000000026,
St.dev,     0.161689533,  0.007954654,  0.000161266,
Mean,     -0.182273997,  0.004144112,  0.000240492,
Cor (1),    1.000000000,  0.951013343, -0.329026258,
Cor (2),    0.951013343,  1.000000000,  0.207202725,
Cor (3),   -0.329026258,  0.207202725,  1.000000000,
VCV (1),    0.015008930,  0.001063778, -0.000006881,
VCV (2),    0.001063778,  0.000083364,  0.000000323,
VCV (3),   -0.000006881,  0.000000323,  0.000000029,
St.dev,     0.122510940,  0.009130392,  0.000170693,
AutoCor,    0.430712244,  0.499905441,  0.633870074,

No.; 18; Score; 114.32789646152;
Markow Autoregressive (lag 1) bivariate joint 3 asset model uncond. params
uMean,     -0.028775413, -0.001484696,  0.000142415,
VCV (1),    0.069751648,  0.000198505, -0.000000642,
VCV (2),    0.000198505,  0.000051825,  0.000000087,
VCV (3),   -0.000000642,  0.000000087,  0.000000062,
Cor (1),    1.000000000,  0.104405528, -0.009749172,
Cor (2),    0.104405528,  1.000000000,  0.048660276,
Cor (3),   -0.009749172,  0.048660276,  1.000000000,
St.dev,     0.264105374,  0.007198971,  0.000249488,
Skewness,  -0.066860324,  0.005639475,  0.008924375,
Kurtosis,  -0.022856272, -0.006478573,  0.005243573,
AutoCor,    0.599605271,  0.130746963, -0.059309617,
Markow Autoregressive (lag 1) bivariate joint 3 asset model cond. params
uProb.,   0.521983255,  0.478016745,
Prob (1),   0.132549004,  0.867450996,
Prob (2),   0.947236469,  0.052763531,
Mean,      0.065752820,  0.000159557,  0.000125389,
Cor (1),    1.000000000, -0.422248120,  0.314503052,
Cor (2),   -0.422248120,  1.000000000,  0.154841015,
Cor (3),    0.314503052,  0.154841015,  1.000000000,
VCV (1),    0.012921299, -0.000331272,  0.000008702,
VCV (2),   -0.000331272,  0.000047635,  0.000000260,
VCV (3),    0.000008702,  0.000000260,  0.000000059,
St.dev,     0.113671891,  0.006901835,  0.000243424,
Mean,     -0.131998063, -0.003280181,  0.000161006,
Cor (1),    1.000000000,  0.382068030, -0.175913465,
Cor (2),    0.382068030,  1.000000000, -0.020031162,
Cor (3),   -0.175913465, -0.020031162,  1.000000000,
VCV (1),    0.025013242,  0.000412567, -0.000007063,
VCV (2),    0.000412567,  0.000046616, -0.000000035,
VCV (3),   -0.000007063, -0.000000035,  0.000000064,
St.dev,     0.158155753,  0.006827612,  0.000253866,
AutoCor,    0.829625818,  0.187857101, -0.055448774,

No.; 19; Score; 120.14117933244;
Markow Autoregressive (lag 1) bivariate joint 3 asset model uncond. params
uMean,     -0.018773447,  0.000819109,  0.000131386,
VCV (1),    0.083329342, -0.000472183, -0.000008172,
VCV (2),   -0.000472183,  0.000038341,  0.000000630,
VCV (3),   -0.000008172,  0.000000630,  0.000000055,
Cor (1),    1.000000000, -0.264168503, -0.120341776,
Cor (2),   -0.264168503,  1.000000000,  0.432360647,
Cor (3),   -0.120341776,  0.432360647,  1.000000000,
St.dev,     0.288668222,  0.006191991,  0.000235237,
Skewness,   0.060350061, -0.356463153, -0.057303120,
Kurtosis,  -0.142386958,  0.463281556,  0.019150915,
AutoCor,    0.455814784,  0.179613095,  0.224890752,
Markow Autoregressive (lag 1) bivariate joint 3 asset model cond. params
uProb.,   0.439677836,  0.560322164,
Prob (1),   0.119130132,  0.880869868,
Prob (2),   0.691207635,  0.308792365,
Mean,      0.153046650, -0.001337835,  0.000070134,
Cor (1),    1.000000000, -0.987018628,  0.198890259,
Cor (2),   -0.987018628,  1.000000000,  0.336335156,
Cor (3),    0.198890259,  0.336335156,  1.000000000,
VCV (1),    0.018612006, -0.000945717,  0.000006287,
VCV (2),   -0.000945717,  0.000049326,  0.000000547,
VCV (3),    0.000006287,  0.000000547,  0.000000054,
St.dev,     0.136425825,  0.007023265,  0.000231712,
Mean,     -0.153598541,  0.002511636,  0.000179450,
Cor (1),    1.000000000,  0.918933265, -0.186826551,
Cor (2),    0.918933265,  1.000000000,  0.481604580,
Cor (3),   -0.186826551,  0.481604580,  1.000000000,
VCV (1),    0.014899450,  0.000489716, -0.000004815,
VCV (2),    0.000489716,  0.000019061,  0.000000444,
VCV (3),   -0.000004815,  0.000000444,  0.000000045,
St.dev,     0.122063305,  0.004365913,  0.000211126,
AutoCor,    0.851598474,  0.258718918,  0.269673297,

No.; 20; Score; 125.95446220337;
Markow Autoregressive (lag 1) bivariate joint 3 asset model uncond. params
uMean,     -0.017254334, -0.001836567,  0.000042337,
VCV (1),    0.077246165, -0.000697933, -0.000035671,
VCV (2),   -0.000697933,  0.000080230,  0.000001484,
VCV (3),   -0.000035671,  0.000001484,  0.000000052,
Cor (1),    1.000000000, -0.280354913, -0.564978135,
Cor (2),   -0.280354913,  1.000000000,  0.729526327,
Cor (3),   -0.564978135,  0.729526327,  1.000000000,
St.dev,     0.277931943,  0.008957097,  0.000227165,
Skewness,  -0.159218349, -0.205983372, -0.420442425,
Kurtosis,  -0.305146507,  0.224633398,  0.213319814,
AutoCor,    0.205065661,  0.094520316, -0.175115365,
Markow Autoregressive (lag 1) bivariate joint 3 asset model cond. params
uProb.,   0.471534075,  0.528465925,
Prob (1),   0.332277764,  0.667722236,
Prob (2),   0.595788247,  0.404211753,
Mean,      0.167659330, -0.004215578, -0.000068881,
Cor (1),    1.000000000, -0.973981519, -0.307432983,
Cor (2),   -0.973981519,  1.000000000,  0.889130566,
Cor (3),   -0.307432983,  0.889130566,  1.000000000,
VCV (1),    0.025841857, -0.001544030, -0.000011679,
VCV (2),   -0.001544030,  0.000097249,  0.000002072,
VCV (3),   -0.000011679,  0.000002072,  0.000000056,
St.dev,     0.160754026,  0.009861506,  0.000236325,
Mean,     -0.182247173,  0.000286152,  0.000141573,
Cor (1),    1.000000000,  0.555029456, -0.762546766,
Cor (2),    0.555029456,  1.000000000,  0.478711514,
Cor (3),   -0.762546766,  0.478711514,  1.000000000,
VCV (1),    0.042292052,  0.000834779, -0.000024884,
VCV (2),    0.000834779,  0.000053488,  0.000000556,
VCV (3),   -0.000024884,  0.000000556,  0.000000025,
St.dev,     0.205650316,  0.007313515,  0.000158680,
AutoCor,    0.510949060,  0.118569992, -0.151066450,

No.; 21; Score; 131.76774507429;
Markow Autoregressive (lag 1) bivariate joint 3 asset model uncond. params
uMean,     -0.023730961,  0.003036005,  0.000049674,
VCV (1),    0.037153334,  0.000078008, -0.000009706,
VCV (2),    0.000078008,  0.000059726,  0.000000309,
VCV (3),   -0.000009706,  0.000000309,  0.000000063,
Cor (1),    1.000000000,  0.052367168, -0.200596311,
Cor (2),    0.052367168,  1.000000000,  0.159064152,
Cor (3),   -0.200596311,  0.159064152,  1.000000000,
St.dev,     0.192752002,  0.007728273,  0.000251031,
Skewness,   0.047856001,  0.036003063,  0.091452916,
Kurtosis,  -0.470184372,  0.593254930,  0.255542279,
AutoCor,   -0.021486493, -0.403871716,  0.608134113,
Markow Autoregressive (lag 1) bivariate joint 3 asset model cond. params
uProb.,   0.445485740,  0.554514260,
Prob (1),   0.217678577,  0.782321423,
Prob (2),   0.628501490,  0.371498510,
Mean,      0.126309268,  0.003271381,  0.000018557,
Cor (1),    1.000000000, -0.412506909, -0.502769897,
Cor (2),   -0.412506909,  1.000000000,  0.820575878,
Cor (3),   -0.502769897,  0.820575878,  1.000000000,
VCV (1),    0.016207111, -0.000473220, -0.000008053,
VCV (2),   -0.000473220,  0.000081200,  0.000000930,
VCV (3),   -0.000008053,  0.000000930,  0.000000016,
St.dev,     0.127307151,  0.009011131,  0.000125811,
Mean,     -0.144270300,  0.002846909,  0.000074673,
Cor (1),    1.000000000,  0.737695472, -0.062717665,
Cor (2),    0.737695472,  1.000000000, -0.032189365,
Cor (3),   -0.062717665, -0.032189365,  1.000000000,
VCV (1),    0.017206073,  0.000482262, -0.000001951,
VCV (2),    0.000482262,  0.000024839, -0.000000038,
VCV (3),   -0.000001951, -0.000000038,  0.000000056,
St.dev,     0.131171920,  0.004983853,  0.000237187,
AutoCor,    0.347802087, -0.403866532,  0.620869586,

No.; 22; Score; 137.58102794522;
Markow Autoregressive (lag 1) bivariate joint 3 asset model uncond. params
uMean,      0.021800581,  0.000581952,  0.000089229,
VCV (1),    0.049778734,  0.000108650, -0.000015193,
VCV (2),    0.000108650,  0.000059591,  0.000000858,
VCV (3),   -0.000015193,  0.000000858,  0.000000077,
Cor (1),    1.000000000,  0.063083260, -0.246042216,
Cor (2),    0.063083260,  1.000000000,  0.401596988,
Cor (3),   -0.246042216,  0.401596988,  1.000000000,
St.dev,     0.223111483,  0.007719553,  0.000276759,
Skewness,  -0.160626567,  0.310480097,  0.635963568,
Kurtosis,  -0.024594130,  0.512831411,  0.282914470,
AutoCor,    0.268408875,  0.260321238, -0.097315158,
Markow Autoregressive (lag 1) bivariate joint 3 asset model cond. params
uProb.,   0.524563716,  0.475436284,
Prob (1),   0.203859355,  0.796140645,
Prob (2),   0.878406863,  0.121593137,
Mean,      0.116357355, -0.001267123, -0.000058001,
Cor (1),    1.000000000, -0.675373120,  0.214783813,
Cor (2),   -0.675373120,  1.000000000,  0.849762890,
Cor (3),    0.214783813,  0.849762890,  1.000000000,
VCV (1),    0.023570381, -0.000519682,  0.000005091,
VCV (2),   -0.000519682,  0.000025120,  0.000000658,
VCV (3),    0.000005091,  0.000000658,  0.000000024,
