Round No; 2; best result RLS; 1039.9756506211

;;;
Statistical description of data for: Meginajums1
Calib/Tail/Per/Cur, 4176, 9999, 23, 0,
Title,    PE MARKET w  ,EQUITY LM SNP,REX BOND     ,
Mean,       0.000104436,  0.000075211,  0.000042226,
VCV (1),    0.033533792, -0.000018247, -0.000000770,
VCV (2),   -0.000018247,  0.000044333, -0.000000146,
VCV (3),   -0.000000770, -0.000000146,  0.000000045,
St.dev,     0.183122341,  0.006658326,  0.000210996,
Skewness,  -0.359429482, -0.013261914,  0.151860187,
Kurtosis,  20.092276212,  7.412958555, 34.388660560,
AutoCor,   -0.271804758, -0.019537378, -0.152000145,
No.; 1; Score; 1039.9756506211;
Markow Autoregressive (lag 1) bivariate joint 3 asset model uncond. params
uMean,      0.000939476,  0.008088738, -0.000002888,
VCV (1),    0.028032409, -0.000241293, -0.000132231,
VCV (2),   -0.000241293,  0.000023451,  0.000006657,
VCV (3),   -0.000132231,  0.000006657,  0.000006440,
Cor (1),    1.000000000, -0.297602440, -0.311205255,
Cor (2),   -0.297602440,  1.000000000,  0.541661555,
Cor (3),   -0.311205255,  0.541661555,  1.000000000,
St.dev,     0.167428818,  0.004842603,  0.002537800,
Skewness,   0.813582674, -0.605301969, -0.020643769,
Kurtosis,   3.149820911,  0.819197720,  0.622040293,
AutoCor,    0.450247729,  0.149333548,  0.144082701,
Markow Autoregressive (lag 1) bivariate joint 3 asset model cond. params
uProb.,   0.227930534,  0.772069466,
Prob (1),   0.356718934,  0.643281066,
Prob (2),   0.189909591,  0.810090409,
Mean,      0.090085701,  0.003640510, -0.000073517,
Cor (1),    1.000000000, -0.231907080, -0.093983374,
Cor (2),   -0.231907080,  1.000000000,  0.385936230,
Cor (3),   -0.093983374,  0.385936230,  1.000000000,
VCV (1),    0.064601690, -0.000322860, -0.000081636,
VCV (2),   -0.000322860,  0.000030002,  0.000007224,
VCV (3),   -0.000081636,  0.000007224,  0.000011679,
St.dev,     0.254168625,  0.005477452,  0.003417520,
Mean,     -0.025378295,  0.009401945,  0.000017963,
Cor (1),    1.000000000, -0.182248012, -0.751503624,
Cor (2),   -0.182248012,  1.000000000,  0.776511428,
Cor (3),   -0.751503624,  0.776511428,  1.000000000,
VCV (1),    0.006655297, -0.000054589, -0.000133176,
VCV (2),   -0.000054589,  0.000013481,  0.000006193,
VCV (3),   -0.000133176,  0.000006193,  0.000004719,
St.dev,     0.081580005,  0.003671614,  0.002172265,
AutoCor,    0.476136385,  0.143536410,  0.144077503,

No.; 2; Score; 2068.340601791;
Markow Autoregressive (lag 1) bivariate joint 3 asset model uncond. params
uMean,      0.011780843, -0.003473755,  0.000148797,
VCV (1),    0.032289045, -0.000192421,  0.000081560,
VCV (2),   -0.000192421,  0.000830453, -0.000000923,
VCV (3),    0.000081560, -0.000000923,  0.000011003,
Cor (1),    1.000000000, -0.037159258,  0.136832133,
Cor (2),   -0.037159258,  1.000000000, -0.009652954,
Cor (3),    0.136832133, -0.009652954,  1.000000000,
St.dev,     0.179691527,  0.028817580,  0.003317106,
Skewness,   0.087666036, -0.005115944,  0.143517156,
Kurtosis,   2.153055003,  0.036089827,  3.033118578,
AutoCor,    0.025556572,  0.968477967,  0.162661250,
Markow Autoregressive (lag 1) bivariate joint 3 asset model cond. params
uProb.,   0.570690176,  0.429309824,
Prob (1),   0.329251590,  0.670748410,
Prob (2),   0.891639339,  0.108360661,
Mean,      0.006403447, -0.002489105,  0.000011824,
Cor (1),    1.000000000, -0.910215343,  0.160421962,
Cor (2),   -0.910215343,  1.000000000, -0.953846623,
Cor (3),    0.160421962, -0.953846623,  1.000000000,
VCV (1),    0.008503623, -0.000023678,  0.000014410,
VCV (2),   -0.000023678,  0.000000080, -0.000000262,
VCV (3),    0.000014410, -0.000000262,  0.000000949,
St.dev,     0.092215093,  0.000282102,  0.000974117,
Mean,      0.018929123, -0.004782671,  0.000330879,
Cor (1),    1.000000000, -0.146455196,  0.136672009,
Cor (2),   -0.146455196,  1.000000000, -0.021637443,
Cor (3),    0.136672009, -0.021637443,  1.000000000,
VCV (1),    0.063766154, -0.000389331,  0.000167732,
VCV (2),   -0.000389331,  0.000110825, -0.000001107,
VCV (3),    0.000167732, -0.000001107,  0.000023620,
St.dev,     0.252519611,  0.010527341,  0.004860051,
AutoCor,    0.026257336,  0.970857494,  0.164308416,

No.; 3; Score; 4158.4555033501;
Markow Autoregressive (lag 1) bivariate joint 3 asset model uncond. params
uMean,     -0.004034592,  0.000886070, -0.000121451,
VCV (1),    0.043970432, -0.002027390, -0.000070204,
VCV (2),   -0.002027390,  0.000610873,  0.000013491,
VCV (3),   -0.000070204,  0.000013491,  0.000002825,
Cor (1),    1.000000000, -0.391184473, -0.199175318,
Cor (2),   -0.391184473,  1.000000000,  0.324721747,
Cor (3),   -0.199175318,  0.324721747,  1.000000000,
St.dev,     0.209691277,  0.024715841,  0.001680907,
Skewness,  -0.037287077, -0.050850196,  0.117545574,
Kurtosis,   0.066848796,  0.415416648,  0.561547570,
AutoCor,    0.864989106,  0.159851493,  0.544371442,
Markow Autoregressive (lag 1) bivariate joint 3 asset model cond. params
uProb.,   0.737114639,  0.262885361,
Prob (1),   0.752400135,  0.247599865,
Prob (2),   0.694255033,  0.305744967,
Mean,      0.012537807,  0.001561328, -0.000218095,
Cor (1),    1.000000000, -0.806899719, -0.322107252,
Cor (2),   -0.806899719,  1.000000000,  0.132847176,
Cor (3),   -0.322107252,  0.132847176,  1.000000000,
VCV (1),    0.007596173, -0.001507160, -0.000031844,
VCV (2),   -0.001507160,  0.000459288,  0.000003229,
VCV (3),   -0.000031844,  0.000003229,  0.000001287,
St.dev,     0.087156029,  0.021431001,  0.001134304,
Mean,     -0.050502595, -0.001007314,  0.000149534,
Cor (1),    1.000000000, -0.635731622, -0.161839139,
Cor (2),   -0.635731622,  1.000000000,  0.629114550,
Cor (3),   -0.161839139,  0.629114550,  1.000000000,
VCV (1),    0.015955587, -0.002503119, -0.000040018,
VCV (2),   -0.002503119,  0.000971634,  0.000038388,
VCV (3),   -0.000040018,  0.000038388,  0.000003832,
St.dev,     0.126315426,  0.031171037,  0.001957570,
AutoCor,    0.879371850,  0.160064805,  0.548920450,

No.; 4; Score; 5687.3998168854;
Markow Autoregressive (lag 1) bivariate joint 3 asset model uncond. params
uMean,      0.054323736, -0.001548422,  0.000053365,
VCV (1),    0.027815831,  0.000496939,  0.000348134,
VCV (2),    0.000496939,  0.001622228, -0.000082443,
VCV (3),    0.000348134, -0.000082443,  0.000021094,
Cor (1),    1.000000000,  0.073977753,  0.454487027,
Cor (2),    0.073977753,  1.000000000, -0.445673529,
Cor (3),    0.454487027, -0.445673529,  1.000000000,
St.dev,     0.166780787,  0.040276888,  0.004592813,
Skewness,   0.036929824, -0.035596817,  0.014157976,
Kurtosis,  -0.023881918,  0.384803467,  0.642220200,
AutoCor,    0.511652771,  0.158777815,  0.301167605,
Markow Autoregressive (lag 1) bivariate joint 3 asset model cond. params
uProb.,   0.333732138,  0.666267862,
Prob (1),   0.365890352,  0.634109648,
Prob (2),   0.317624158,  0.682375842,
Mean,      0.139567252, -0.003437181,  0.000119837,
Cor (1),    1.000000000, -0.086810516,  0.136339556,
Cor (2),   -0.086810516,  1.000000000, -0.840591684,
Cor (3),    0.136339556, -0.840591684,  1.000000000,
VCV (1),    0.016129942, -0.000539833,  0.000099243,
VCV (2),   -0.000539833,  0.002397403, -0.000235895,
VCV (3),    0.000099243, -0.000235895,  0.000032849,
St.dev,     0.127003711,  0.048963279,  0.005731429,
Mean,      0.011625442, -0.000602347,  0.000020069,
Cor (1),    1.000000000,  0.244821172,  0.852136403,
Cor (2),    0.244821172,  1.000000000,  0.003607616,
Cor (3),    0.852136403,  0.003607616,  1.000000000,
VCV (1),    0.015940125,  0.001057208,  0.000377787,
VCV (2),    0.001057208,  0.001169854,  0.000000433,
VCV (3),    0.000377787,  0.000000433,  0.000012331,
St.dev,     0.126254209,  0.034203122,  0.003511491,
AutoCor,    0.581416466,  0.158899680,  0.301194143,

No.; 5; Score; 5921.0948310195;
Markow Autoregressive (lag 1) bivariate joint 3 asset model uncond. params
uMean,     -0.017529464, -0.005065258,  0.000035374,
VCV (1),    0.042948275, -0.001326308,  0.000591834,
VCV (2),   -0.001326308,  0.001323337,  0.000048489,
VCV (3),    0.000591834,  0.000048489,  0.000011460,
Cor (1),    1.000000000, -0.175928549,  0.843610559,
Cor (2),   -0.175928549,  1.000000000,  0.393749673,
Cor (3),    0.843610559,  0.393749673,  1.000000000,
St.dev,     0.207239657,  0.036377704,  0.003385205,
Skewness,   0.319118048, -0.007453953, -0.197198318,
Kurtosis,   0.781393808,  0.022608961,  1.325498526,
AutoCor,    0.645010580,  0.930053136,  0.627484750,
Markow Autoregressive (lag 1) bivariate joint 3 asset model cond. params
uProb.,   0.524105381,  0.475894619,
Prob (1),   0.531562518,  0.468437482,
Prob (2),   0.515892796,  0.484107204,
Mean,     -0.064089908, -0.007083419,  0.000384188,
Cor (1),    1.000000000, -0.334228608, -0.949714259,
Cor (2),   -0.334228608,  1.000000000,  0.508190979,
Cor (3),   -0.949714259,  0.508190979,  1.000000000,
VCV (1),    0.003435303, -0.000292943, -0.000023008,
VCV (2),   -0.000292943,  0.000223621,  0.000003141,
VCV (3),   -0.000023008,  0.000003141,  0.000000171,
St.dev,     0.058611461,  0.014953974,  0.000413341,
Mean,      0.033747811, -0.002842646, -0.000348778,
Cor (1),    1.000000000, -0.356012778,  0.982115930,
Cor (2),   -0.356012778,  1.000000000,  0.978563243,
Cor (3),    0.982115930,  0.978563243,  1.000000000,
VCV (1),    0.041798100, -0.000769587,  0.000751892,
VCV (2),   -0.000769587,  0.000111796,  0.000038745,
VCV (3),    0.000751892,  0.000038745,  0.000014023,
St.dev,     0.204445835,  0.010573382,  0.003744676,
AutoCor,    0.682054902,  0.933163074,  0.634723358,

No.; 6; Score; 6232.7812053852;
Markow Autoregressive (lag 1) bivariate joint 3 asset model uncond. params
uMean,      0.058053281, -0.006030734,  0.000187334,
VCV (1),    0.037664249,  0.001933967, -0.000111997,
VCV (2),    0.001933967,  0.001976747, -0.000059857,
VCV (3),   -0.000111997, -0.000059857,  0.000004743,
Cor (1),    1.000000000,  0.224134560, -0.264973350,
Cor (2),    0.224134560,  1.000000000, -0.618156816,
Cor (3),   -0.264973350, -0.618156816,  1.000000000,
St.dev,     0.194072793,  0.044460618,  0.002177909,
Skewness,  -1.286619395, -0.007289767,  0.004874943,
Kurtosis,   1.052582985, -0.000688552,  0.046080673,
AutoCor,    0.028193784,  0.452212273,  0.453361886,
Markow Autoregressive (lag 1) bivariate joint 3 asset model cond. params
uProb.,   0.160185010,  0.839814990,
Prob (1),   0.018793547,  0.981206453,
Prob (2),   0.187153799,  0.812846201,
Mean,     -0.327877512,  0.004664985,  0.000120676,
Cor (1),    1.000000000, -0.793843854, -0.534620719,
Cor (2),   -0.793843854,  1.000000000,  0.985964462,
Cor (3),   -0.534620719,  0.985964462,  1.000000000,
VCV (1),    0.008134739, -0.002681341, -0.000074700,
VCV (2),   -0.002681341,  0.001402460,  0.000057201,
VCV (3),   -0.000074700,  0.000057201,  0.000002400,
St.dev,     0.090192790,  0.037449427,  0.001549175,
Mean,      0.131665123, -0.008070819,  0.000200048,
Cor (1),    1.000000000,  0.996545404, -0.595208235,
Cor (2),    0.996545404,  1.000000000, -0.845353723,
Cor (3),   -0.595208235, -0.845353723,  1.000000000,
VCV (1),    0.005073672,  0.002812226, -0.000085089,
VCV (2),    0.002812226,  0.001569582, -0.000067216,
VCV (3),   -0.000085089, -0.000067216,  0.000004028,
St.dev,     0.071229714,  0.039617947,  0.002006989,
AutoCor,    0.631523288,  0.459138878,  0.453472991,

No.; 7; Score; 7391.2282245831;
Markow Autoregressive (lag 1) bivariate joint 3 asset model uncond. params
uMean,      0.006445236,  0.005656292,  0.000036041,
VCV (1),    0.035301163,  0.000427412, -0.000377231,
VCV (2),    0.000427412,  0.002426356, -0.000039293,
VCV (3),   -0.000377231, -0.000039293,  0.000005915,
Cor (1),    1.000000000,  0.046182245, -0.825510084,
Cor (2),    0.046182245,  1.000000000, -0.327977517,
Cor (3),   -0.825510084, -0.327977517,  1.000000000,
St.dev,     0.187886036,  0.049258054,  0.002432150,
Skewness,   0.035819171, -0.128797653,  0.020207806,
Kurtosis,   0.073202436,  0.582625203,  0.193509648,
AutoCor,    0.053166533,  0.168762878,  0.268157610,
Markow Autoregressive (lag 1) bivariate joint 3 asset model cond. params
uProb.,   0.813672068,  0.186327932,
Prob (1),   0.786582515,  0.213417485,
Prob (2),   0.931968949,  0.068031051,
Mean,      0.013061648,  0.008009317,  0.000005001,
Cor (1),    1.000000000,  0.016001940, -0.919950262,
Cor (2),    0.016001940,  1.000000000, -0.182727222,
Cor (3),   -0.919950262, -0.182727222,  1.000000000,
VCV (1),    0.037797837,  0.000133300, -0.000390368,
VCV (2),    0.000133300,  0.001835901, -0.000017089,
VCV (3),   -0.000390368, -0.000017089,  0.000004764,
St.dev,     0.194416659,  0.042847412,  0.002182612,
Mean,     -0.022447852, -0.004619093,  0.000171587,
Cor (1),    1.000000000,  0.131231564, -0.643483120,
Cor (2),    0.131231564,  1.000000000, -0.633980320,
Cor (3),   -0.643483120, -0.633980320,  1.000000000,
VCV (1),    0.022817984,  0.001328900, -0.000285636,
VCV (2),    0.001328900,  0.004493972, -0.000124890,
VCV (3),   -0.000285636, -0.000124890,  0.000008635,
St.dev,     0.151056227,  0.067037098,  0.002938577,
AutoCor,    0.054247623,  0.171924833,  0.268451954,

No.; 8; Score; 7435.8395449939;
Markow Autoregressive (lag 1) bivariate joint 3 asset model uncond. params
uMean,      0.078345394,  0.009262780,  0.000195304,
VCV (1),    0.047540600,  0.000244096, -0.000008480,
VCV (2),    0.000244096,  0.001013702,  0.000008082,
VCV (3),   -0.000008480,  0.000008082,  0.000001170,
Cor (1),    1.000000000,  0.035161971, -0.035952452,
Cor (2),    0.035161971,  1.000000000,  0.234673997,
Cor (3),   -0.035952452,  0.234673997,  1.000000000,
St.dev,     0.218038071,  0.031838683,  0.001081709,
Skewness,   1.280834917, -0.004698702, -0.163892265,
Kurtosis,   3.283156203,  0.479011212,  0.649901975,
AutoCor,    0.308173266,  0.046148238,  0.696630669,
Markow Autoregressive (lag 1) bivariate joint 3 asset model cond. params
uProb.,   0.808157901,  0.191842099,
Prob (1),   0.807858588,  0.192141412,
Prob (2),   0.809418790,  0.190581210,
Mean,      0.024408258,  0.009201980,  0.000269192,
Cor (1),    1.000000000, -0.104265563, -0.808500383,
Cor (2),   -0.104265563,  1.000000000,  0.327978089,
Cor (3),   -0.808500383,  0.327978089,  1.000000000,
VCV (1),    0.012819859, -0.000410465, -0.000054261,
VCV (2),   -0.000410465,  0.001208894,  0.000006759,
VCV (3),   -0.000054261,  0.000006759,  0.000000351,
St.dev,     0.113224815,  0.034769146,  0.000592747,
Mean,      0.305562064,  0.009518910, -0.000115962,
Cor (1),    1.000000000,  0.691365480,  0.679942759,
Cor (2),    0.691365480,  1.000000000,  0.757655703,
Cor (3),    0.679942759,  0.757655703,  1.000000000,
VCV (1),    0.098131215,  0.002906472,  0.000259099,
VCV (2),    0.002906472,  0.000180098,  0.000012368,
VCV (3),    0.000259099,  0.000012368,  0.000001480,
St.dev,     0.313259023,  0.013420072,  0.001216438,
AutoCor,    0.415751355,  0.046148971,  0.710629240,

No.; 9; Score; 8061.4226618076;
Markow Autoregressive (lag 1) bivariate joint 3 asset model uncond. params
uMean,     -0.003555444, -0.011345461,  0.000134720,
VCV (1),    0.033513689, -0.000402552, -0.000016829,
VCV (2),   -0.000402552,  0.002620153,  0.000060103,
VCV (3),   -0.000016829,  0.000060103,  0.000005282,
Cor (1),    1.000000000, -0.042958336, -0.039999447,
Cor (2),   -0.042958336,  1.000000000,  0.510908813,
Cor (3),   -0.039999447,  0.510908813,  1.000000000,
St.dev,     0.183067445,  0.051187431,  0.002298209,
Skewness,   1.288304698,  0.000949069, -0.004437785,
Kurtosis,  104.676865602,  0.025895635,  0.030104969,
AutoCor,    0.607554334,  0.621975520,  0.482876589,
Markow Autoregressive (lag 1) bivariate joint 3 asset model cond. params
uProb.,   0.982050882,  0.017949118,
Prob (1),   0.994883796,  0.005116204,
Prob (2),   0.279923122,  0.720076878,
Mean,     -0.005430637, -0.011320919,  0.000130116,
Cor (1),    1.000000000, -0.043428721, -0.228329638,
Cor (2),   -0.043428721,  1.000000000,  0.522123045,
Cor (3),   -0.228329638,  0.522123045,  1.000000000,
VCV (1),    0.002176522, -0.000081784, -0.000021594,
VCV (2),   -0.000081784,  0.001629388,  0.000042724,
VCV (3),   -0.000021594,  0.000042724,  0.000004109,
St.dev,     0.046653212,  0.040365682,  0.002027141,
Mean,      0.099042104, -0.012688202,  0.000386629,
Cor (1),    1.000000000, -0.485752593,  0.550778157,
Cor (2),   -0.485752593,  1.000000000,  0.338163304,
Cor (3),    0.550778157,  0.338163304,  1.000000000,
VCV (1),    1.053495013, -0.009399106,  0.000500021,
VCV (2),   -0.009399106,  0.000355394,  0.000005639,
VCV (3),    0.000500021,  0.000005639,  0.000000782,
St.dev,     1.026399051,  0.018851902,  0.000884494,
AutoCor,    0.606934193,  0.621974351,  0.482825614,

No.; 10; Score; 8967.7534403003;
Markow Autoregressive (lag 1) bivariate joint 3 asset model uncond. params
uMean,     -0.025322438, -0.001978751,  0.000035918,
VCV (1),    0.041998292,  0.005238393,  0.000166976,
VCV (2),    0.005238393,  0.002355707,  0.000019628,
VCV (3),    0.000166976,  0.000019628,  0.000008398,
Cor (1),    1.000000000,  0.526649439,  0.281153301,
Cor (2),    0.526649439,  1.000000000,  0.139547965,
Cor (3),    0.281153301,  0.139547965,  1.000000000,
St.dev,     0.204934849,  0.048535628,  0.002897979,
Skewness,   1.233655713, -0.226581073, -0.002228883,
Kurtosis,   2.062370029,  2.593953378,  0.044427119,
AutoCor,    0.388262202,  0.403454490,  0.274283062,
Markow Autoregressive (lag 1) bivariate joint 3 asset model cond. params
uProb.,   0.298373183,  0.701626817,
Prob (1),   0.286928875,  0.713071125,
Prob (2),   0.303239980,  0.696760020,
Mean,      0.167274129, -0.008133804,  0.000008705,
Cor (1),    1.000000000,  0.899306273,  0.643886058,
Cor (2),    0.899306273,  1.000000000,  0.134988965,
Cor (3),    0.643886058,  0.134988965,  1.000000000,
VCV (1),    0.052103946,  0.014879523,  0.000448946,
VCV (2),    0.014879523,  0.005254025,  0.000029888,
VCV (3),    0.000448946,  0.000029888,  0.000009330,
St.dev,     0.228262887,  0.072484654,  0.003054569,
Mean,     -0.107225879,  0.000638741,  0.000047491,
Cor (1),    1.000000000, -0.593037964,  0.181144819,
Cor (2),   -0.593037964,  1.000000000,  0.192994403,
Cor (3),    0.181144819,  0.192994403,  1.000000000,
VCV (1),    0.000307260, -0.000243707,  0.000008461,
VCV (2),   -0.000243707,  0.000549624,  0.000012057,
VCV (3),    0.000008461,  0.000012057,  0.000007101,
St.dev,     0.017528820,  0.023444054,  0.002664754,
AutoCor,    0.631622352,  0.406345057,  0.274293960,

No.; 11; Score; 9349.0015560845;
Markow Autoregressive (lag 1) bivariate joint 3 asset model uncond. params
uMean,      0.010646978, -0.000509637,  0.000042750,
VCV (1),    0.051842658,  0.000143211,  0.000029434,
VCV (2),    0.000143211,  0.000636694,  0.000001347,
VCV (3),    0.000029434,  0.000001347,  0.000000802,
Cor (1),    1.000000000,  0.024926799,  0.144375349,
Cor (2),    0.024926799,  1.000000000,  0.059626017,
Cor (3),    0.144375349,  0.059626017,  1.000000000,
St.dev,     0.227689828,  0.025232798,  0.000895379,
Skewness,   1.121297155, -0.014556241, -0.001043941,
Kurtosis,   0.768694559,  0.023424353, -0.001761158,
AutoCor,   -0.094664481,  0.944199995,  0.242725549,
Markow Autoregressive (lag 1) bivariate joint 3 asset model cond. params
uProb.,   0.609677758,  0.390322242,
Prob (1),   0.415834856,  0.584165144,
Prob (2),   0.912457599,  0.087542401,
Mean,     -0.118782197,  0.002648090,  0.000166187,
Cor (1),    1.000000000, -0.246613419,  0.600500520,
Cor (2),   -0.246613419,  1.000000000, -0.667775062,
Cor (3),    0.600500520, -0.667775062,  1.000000000,
VCV (1),    0.003523524, -0.000027804,  0.000030346,
VCV (2),   -0.000027804,  0.000003607, -0.000001080,
VCV (3),    0.000030346, -0.000001080,  0.000000725,
St.dev,     0.059359280,  0.001899305,  0.000851320,
Mean,      0.212813496, -0.005441961, -0.000150056,
Cor (1),    1.000000000,  0.820239679,  0.407989191,
Cor (2),    0.820239679,  1.000000000,  0.484270146,
Cor (3),    0.407989191,  0.484270146,  1.000000000,
VCV (1),    0.053753202,  0.001427583,  0.000080297,
VCV (2),    0.001427583,  0.000056353,  0.000003086,
VCV (3),    0.000080297,  0.000003086,  0.000000721,
St.dev,     0.231847368,  0.007506862,  0.000848889,
AutoCor,    0.314962009,  0.980329476,  0.265345284,

No.; 12; Score; 9837.3936874909;
Markow Autoregressive (lag 1) bivariate joint 3 asset model uncond. params
uMean,     -0.057025554, -0.000019315, -0.000103406,
VCV (1),    0.047212247, -0.000468149,  0.000265839,
VCV (2),   -0.000468149,  0.001565441,  0.000176168,
VCV (3),    0.000265839,  0.000176168,  0.000209825,
Cor (1),    1.000000000, -0.054455110,  0.084462219,
Cor (2),   -0.054455110,  1.000000000,  0.307384170,
Cor (3),    0.084462219,  0.307384170,  1.000000000,
St.dev,     0.217283794,  0.039565657,  0.014485327,
Skewness,   0.278959077,  0.155637772,  0.001936216,
Kurtosis,  -0.886753284,  0.267711395,  0.059152181,
AutoCor,    0.000491466,  0.336573537,  0.952489180,
Markow Autoregressive (lag 1) bivariate joint 3 asset model cond. params
uProb.,   0.511900495,  0.488099505,
Prob (1),   0.476424620,  0.523575380,
Prob (2),   0.549106264,  0.450893736,
Mean,      0.117231977, -0.006777331, -0.000257815,
Cor (1),    1.000000000, -0.262101621,  0.368737875,
Cor (2),   -0.262101621,  1.000000000,  0.805282833,
Cor (3),    0.368737875,  0.805282833,  1.000000000,
VCV (1),    0.020732881, -0.001116702,  0.000135375,
VCV (2),   -0.001116702,  0.000875539,  0.000060754,
VCV (3),    0.000135375,  0.000060754,  0.000006501,
St.dev,     0.143989171,  0.029589514,  0.002549715,
Mean,     -0.239780332,  0.007068240,  0.000058531,
Cor (1),    1.000000000,  0.658257288,  0.684877570,
Cor (2),    0.658257288,  1.000000000,  0.718579275,
Cor (3),    0.684877570,  0.718579275,  1.000000000,
VCV (1),    0.009008376,  0.002658826,  0.000373160,
VCV (2),    0.002658826,  0.001811098,  0.000175552,
VCV (3),    0.000373160,  0.000175552,  0.000032955,
St.dev,     0.094912465,  0.042556993,  0.005740625,
AutoCor,    0.152145930,  0.349490748,  0.952611362,

No.; 13; Score; 11359.86088936;
Markow Autoregressive (lag 1) bivariate joint 3 asset model uncond. params
uMean,     -0.024678805, -0.001159435,  0.000255005,
VCV (1),    0.045480047,  0.001069354, -0.000016197,
VCV (2),    0.001069354,  0.002554410,  0.000000967,
VCV (3),   -0.000016197,  0.000000967,  0.000001593,
Cor (1),    1.000000000,  0.099212360, -0.060168326,
Cor (2),    0.099212360,  1.000000000,  0.015159360,
Cor (3),   -0.060168326,  0.015159360,  1.000000000,
St.dev,     0.213260514,  0.050541173,  0.001262307,
Skewness,  -0.210574222,  0.069230380, -0.660760577,
Kurtosis,  -0.453482058,  0.461786755,  3.436758152,
AutoCor,    0.125297959,  0.790562704,  0.006120694,
Markow Autoregressive (lag 1) bivariate joint 3 asset model cond. params
uProb.,   0.614172499,  0.385827501,
Prob (1),   0.439994812,  0.560005188,
Prob (2),   0.891434086,  0.108565914,
Mean,     -0.136355841, -0.004090261,  0.000463393,
Cor (1),    1.000000000,  0.488704185, -0.012729331,
Cor (2),    0.488704185,  1.000000000,  0.846551664,
Cor (3),   -0.012729331,  0.846551664,  1.000000000,
VCV (1),    0.024459090,  0.000787608, -0.000000881,
VCV (2),    0.000787608,  0.000106191,  0.000003860,
VCV (3),   -0.000000881,  0.000003860,  0.000000196,
St.dev,     0.156394022,  0.010304900,  0.000442506,
Mean,      0.153092255,  0.003505948, -0.000076713,
Cor (1),    1.000000000, -0.134262155,  0.377719807,
Cor (2),   -0.134262155,  1.000000000, -0.013614174,
Cor (3),    0.377719807, -0.013614174,  1.000000000,
VCV (1),    0.005747763, -0.000480742,  0.000054606,
VCV (2),   -0.000480742,  0.002230579, -0.000001226,
VCV (3),    0.000054606, -0.000001226,  0.000003636,
St.dev,     0.075814003,  0.047229008,  0.001906872,
AutoCor,    0.572087947,  0.797246758,  0.026870798,

No.; 14; Score; 11781.721988233;
Markow Autoregressive (lag 1) bivariate joint 3 asset model uncond. params
uMean,      0.036802241, -0.007757959,  0.000377642,
VCV (1),    0.045307132,  0.000661351, -0.000146267,
VCV (2),    0.000661351,  0.002701741,  0.000002816,
VCV (3),   -0.000146267,  0.000002816,  0.000003090,
Cor (1),    1.000000000,  0.059775969, -0.390907036,
Cor (2),    0.059775969,  1.000000000,  0.030814174,
Cor (3),   -0.390907036,  0.030814174,  1.000000000,
St.dev,     0.212854721,  0.051978271,  0.001757879,
Skewness,   0.023600989, -0.010023309, -0.048249502,
Kurtosis,  -0.003731502,  0.005208227,  2.200314231,
AutoCor,    0.822406604,  0.208761282,  0.451463762,
Markow Autoregressive (lag 1) bivariate joint 3 asset model cond. params
uProb.,   0.484682414,  0.515317586,
Prob (1),   0.623114677,  0.376885323,
Prob (2),   0.354479825,  0.645520175,
Mean,     -0.020611701, -0.003514551,  0.000342924,
Cor (1),    1.000000000, -0.855419176, -0.990244779,
Cor (2),   -0.855419176,  1.000000000, -0.059172659,
Cor (3),   -0.990244779, -0.059172659,  1.000000000,
VCV (1),    0.009590209, -0.004147867, -0.000216583,
VCV (2),   -0.004147867,  0.002451679, -0.000006544,
VCV (3),   -0.000216583, -0.000006544,  0.000004988,
St.dev,     0.097929614,  0.049514437,  0.002233405,
Mean,      0.090802975, -0.011749100,  0.000410297,
Cor (1),    1.000000000,  0.943260316,  0.913223693,
Cor (2),    0.943260316,  1.000000000,  0.772052868,
Cor (3),    0.913223693,  0.772052868,  1.000000000,
VCV (1),    0.011872396,  0.005318541,  0.000028263,
VCV (2),    0.005318541,  0.002677833,  0.000011348,
VCV (3),    0.000028263,  0.000011348,  0.000000081,
St.dev,     0.108960523,  0.051747784,  0.000284037,
AutoCor,    0.863085209,  0.208383593,  0.451530864,

No.; 15; Score; 12096.265301814;
Markow Autoregressive (lag 1) bivariate joint 3 asset model uncond. params
uMean,      0.015787818, -0.004867279,  0.000249068,
VCV (1),    0.022453702,  0.000753003,  0.000003537,
VCV (2),    0.000753003,  0.002538844, -0.000007289,
VCV (3),    0.000003537, -0.000007289,  0.000000058,
Cor (1),    1.000000000,  0.099731977,  0.097738580,
Cor (2),    0.099731977,  1.000000000, -0.598978996,
Cor (3),    0.097738580, -0.598978996,  1.000000000,
St.dev,     0.149845594,  0.050386946,  0.000241496,
Skewness,  -0.434269779,  0.597953565, -0.818089474,
Kurtosis,   0.451967576,  6.095965958,  3.685449407,
AutoCor,    0.172742549,  0.326454188,  0.558397237,
Markow Autoregressive (lag 1) bivariate joint 3 asset model cond. params
uProb.,   0.732314099,  0.267685901,
Prob (1),   0.766241293,  0.233758707,
Prob (2),   0.639498740,  0.360501260,
Mean,     -0.012110289, -0.009193842,  0.000288927,
Cor (1),    1.000000000, -0.169317272,  0.584690752,
Cor (2),   -0.169317272,  1.000000000,  0.782510957,
Cor (3),    0.584690752,  0.782510957,  1.000000000,
VCV (1),    0.026488205, -0.000278473,  0.000004475,
VCV (2),   -0.000278473,  0.000102120,  0.000000372,
VCV (3),    0.000004475,  0.000000372,  0.000000002,
St.dev,     0.162751975,  0.010105436,  0.000047023,
Mean,      0.092109271,  0.006968993,  0.000140025,
Cor (1),    1.000000000,  0.769194706,  0.844661846,
Cor (2),    0.769194706,  1.000000000, -0.680608745,
Cor (3),    0.844661846, -0.680608745,  1.000000000,
VCV (1),    0.001068414,  0.002248554,  0.000009747,
VCV (2),    0.002248554,  0.007998246, -0.000021489,
VCV (3),    0.000009747, -0.000021489,  0.000000125,
St.dev,     0.032686598,  0.089432913,  0.000353046,
AutoCor,    0.177561581,  0.330565448,  0.593157084,

No.; 16; Score; 12586.061956703;
Markow Autoregressive (lag 1) bivariate joint 3 asset model uncond. params
uMean,      0.053829167, -0.010303940, -0.000301249,
VCV (1),    0.016407776,  0.000119617,  0.000012352,
VCV (2),    0.000119617,  0.000297427,  0.000016138,
VCV (3),    0.000012352,  0.000016138,  0.000004320,
Cor (1),    1.000000000,  0.054147302,  0.046393616,
Cor (2),    0.054147302,  1.000000000,  0.450210725,
Cor (3),    0.046393616,  0.450210725,  1.000000000,
St.dev,     0.128092842,  0.017246073,  0.002078516,
Skewness,   0.304020112,  0.233147523,  0.079930598,
Kurtosis,  -0.184269282,  7.416869444, 15.440066571,
AutoCor,    0.399510399,  0.692775198,  0.378544943,
Markow Autoregressive (lag 1) bivariate joint 3 asset model cond. params
uProb.,   0.128046310,  0.871953690,
Prob (1),   0.165093441,  0.834906559,
Prob (2),   0.122605943,  0.877394057,
Mean,      0.264811949, -0.007758674, -0.000236879,
Cor (1),    1.000000000,  0.104561567,  0.305556703,
Cor (2),    0.104561567,  1.000000000,  0.499824800,
Cor (3),    0.305556703,  0.499824800,  1.000000000,
VCV (1),    0.000193746,  0.000050337,  0.000022847,
VCV (2),    0.000050337,  0.001196174,  0.000092860,
VCV (3),    0.000022847,  0.000092860,  0.000028855,
St.dev,     0.013919280,  0.034585755,  0.005371718,
Mean,      0.022846368, -0.010677712, -0.000310702,
Cor (1),    1.000000000,  0.529828303,  0.858032055,
Cor (2),    0.529828303,  1.000000000, -0.503998309,
Cor (3),    0.858032055, -0.503998309,  1.000000000,
VCV (1),    0.006713780,  0.000018695,  0.000005664,
VCV (2),    0.000018695,  0.000000185, -0.000000017,
VCV (3),    0.000005664, -0.000000017,  0.000000006,
St.dev,     0.081937658,  0.000430641,  0.000080559,
AutoCor,    0.635941868,  0.694861881,  0.378592281,

No.; 17; Score; 13222.48017391;
Markow Autoregressive (lag 1) bivariate joint 3 asset model uncond. params
uMean,      0.024756893, -0.005489601, -0.000274396,
VCV (1),    0.034189448, -0.003574456,  0.000096530,
VCV (2),   -0.003574456,  0.004075523, -0.000002199,
VCV (3),    0.000096530, -0.000002199,  0.000029642,
Cor (1),    1.000000000, -0.302811391,  0.095887913,
Cor (2),   -0.302811391,  1.000000000, -0.006325360,
Cor (3),    0.095887913, -0.006325360,  1.000000000,
St.dev,     0.184903888,  0.063839821,  0.005444413,
Skewness,  -0.919063302, -0.048827623, -0.023892853,
Kurtosis,   1.319823231,  0.708415234,  0.225280723,
AutoCor,    0.475704168,  0.644877717,  0.403540816,
Markow Autoregressive (lag 1) bivariate joint 3 asset model cond. params
uProb.,   0.863349285,  0.136650715,
Prob (1),   0.867225612,  0.132774388,
Prob (2),   0.838858932,  0.161141068,
Mean,      0.075323027, -0.004550733, -0.000337927,
Cor (1),    1.000000000, -0.928080366,  0.463150945,
Cor (2),   -0.928080366,  1.000000000,  0.034966128,
Cor (3),    0.463150945,  0.034966128,  1.000000000,
VCV (1),    0.002686397, -0.001965191,  0.000126979,
VCV (2),   -0.001965191,  0.001669045,  0.000007556,
VCV (3),    0.000126979,  0.000007556,  0.000027980,
St.dev,     0.051830467,  0.040853952,  0.005289614,
Mean,     -0.294716263, -0.011421302,  0.000126988,
Cor (1),    1.000000000,  0.011237920, -0.997500322,
Cor (2),    0.011237920,  1.000000000, -0.325045634,
Cor (3),   -0.997500322, -0.325045634,  1.000000000,
VCV (1),    0.013636288,  0.000108376, -0.000249916,
VCV (2),    0.000108376,  0.006820256, -0.000057594,
VCV (3),   -0.000249916, -0.000057594,  0.000004603,
St.dev,     0.116774520,  0.082584840,  0.002145524,
AutoCor,    0.876400221,  0.645721314,  0.403863850,

No.; 18; Score; 13491.67754075;
Markow Autoregressive (lag 1) bivariate joint 3 asset model uncond. params
uMean,      0.009694687, -0.002989021,  0.000145605,
VCV (1),    0.021718921,  0.004382758,  0.000070570,
VCV (2),    0.004382758,  0.002739627, -0.000045614,
VCV (3),    0.000070570, -0.000045614,  0.000003406,
Cor (1),    1.000000000,  0.568175646,  0.259461979,
Cor (2),    0.568175646,  1.000000000, -0.472199814,
Cor (3),    0.259461979, -0.472199814,  1.000000000,
St.dev,     0.147373405,  0.052341450,  0.001845560,
Skewness,  -0.040477693,  0.084400154, -0.125791147,
Kurtosis,   1.210650410,  0.200120463,  0.490323262,
AutoCor,    0.539987101,  0.533675592,  0.400585138,
Markow Autoregressive (lag 1) bivariate joint 3 asset model cond. params
uProb.,   0.500281777,  0.499718223,
Prob (1),   0.319550138,  0.680449862,
Prob (2),   0.681217234,  0.318782766,
Mean,      0.006441988, -0.008917929,  0.000339249,
Cor (1),    1.000000000,  0.878370500,  0.281921070,
Cor (2),    0.878370500,  1.000000000, -0.753493070,
Cor (3),    0.281921070, -0.753493070,  1.000000000,
VCV (1),    0.030031335,  0.005156200,  0.000057036,
VCV (2),    0.005156200,  0.001147438, -0.000029798,
VCV (3),    0.000057036, -0.000029798,  0.000001363,
St.dev,     0.173295515,  0.033873857,  0.001167448,
Mean,      0.012951056,  0.002946574, -0.000048257,
Cor (1),    1.000000000,  0.737206481,  0.996299825,
Cor (2),    0.737206481,  1.000000000, -0.370112976,
Cor (3),    0.996299825, -0.370112976,  1.000000000,
VCV (1),    0.000688456,  0.000996461,  0.000053881,
VCV (2),    0.000996461,  0.002653788, -0.000039299,
VCV (3),    0.000053881, -0.000039299,  0.000004248,
St.dev,     0.026238452,  0.051514930,  0.002061156,
AutoCor,    0.540427039,  0.545326280,  0.409079926,

No.; 19; Score; 13540.598121999;
Markow Autoregressive (lag 1) bivariate joint 3 asset model uncond. params
uMean,     -0.008404627, -0.000406717,  0.000129543,
VCV (1),    0.024608159,  0.000596739,  0.000061196,
VCV (2),    0.000596739,  0.003388553, -0.000096580,
VCV (3),    0.000061196, -0.000096580,  0.000034999,
Cor (1),    1.000000000,  0.065348764,  0.065940989,
Cor (2),    0.065348764,  1.000000000, -0.280448395,
Cor (3),    0.065940989, -0.280448395,  1.000000000,
St.dev,     0.156869879,  0.058211277,  0.005916012,
Skewness,   0.271599547,  0.252958316,  0.004870286,
Kurtosis,  -1.161113680,  0.609224515,  0.064911617,
AutoCor,   -0.271805857,  0.318768199,  0.921902548,
Markow Autoregressive (lag 1) bivariate joint 3 asset model cond. params
uProb.,   0.535192757,  0.464807243,
Prob (1),   0.291193871,  0.708806129,
Prob (2),   0.816140264,  0.183859736,
Mean,      0.118753146, -0.010666972,  0.000025927,
Cor (1),    1.000000000,  0.976770424,  0.501737942,
Cor (2),    0.976770424,  1.000000000,  0.215223967,
Cor (3),    0.501737942,  0.215223967,  1.000000000,
VCV (1),    0.008051238,  0.003248968,  0.000048138,
VCV (2),    0.003248968,  0.001374178,  0.000008531,
VCV (3),    0.000048138,  0.000008531,  0.000001143,
St.dev,     0.089728692,  0.037069911,  0.001069252,
Mean,     -0.154817834,  0.011407243,  0.000248849,
Cor (1),    1.000000000, -0.040790630,  0.691200060,
Cor (2),   -0.040790630,  1.000000000, -0.714389440,
Cor (3),    0.691200060, -0.714389440,  1.000000000,
VCV (1),    0.000200821, -0.000039144,  0.000030836,
VCV (2),   -0.000039144,  0.004585732, -0.000152296,
VCV (3),    0.000030836, -0.000152296,  0.000009911,
St.dev,     0.014171137,  0.067718034,  0.003148104,
AutoCor,    0.514906331,  0.350068974,  0.922413768,

No.; 20; Score; 14245.015416592;
Markow Autoregressive (lag 1) bivariate joint 3 asset model uncond. params
uMean,     -0.021023094, -0.011207671,  0.000452496,
VCV (1),    0.015334116, -0.000288369, -0.000035243,
VCV (2),   -0.000288369,  0.000163835,  0.000006880,
VCV (3),   -0.000035243,  0.000006880,  0.000003305,
Cor (1),    1.000000000, -0.181934848, -0.156556418,
Cor (2),   -0.181934848,  1.000000000,  0.295667046,
Cor (3),   -0.156556418,  0.295667046,  1.000000000,
St.dev,     0.123830996,  0.012799789,  0.001817922,
Skewness,  -0.254942336,  0.174677456,  0.001208487,
Kurtosis,  -0.217303169,  2.568166855,  0.120531456,
AutoCor,    0.333253360,  0.602603805,  0.680769799,
Markow Autoregressive (lag 1) bivariate joint 3 asset model cond. params
uProb.,   0.596885326,  0.403114674,
Prob (1),   0.827697768,  0.172302232,
Prob (2),   0.255125106,  0.744874894,
Mean,      0.044249188, -0.011903419,  0.000455763,
Cor (1),    1.000000000,  0.167908522, -0.062531523,
Cor (2),    0.167908522,  1.000000000, -0.426447655,
Cor (3),   -0.062531523, -0.426447655,  1.000000000,
VCV (1),    0.007805637,  0.000047027, -0.000008083,
VCV (2),    0.000047027,  0.000010050, -0.000001978,
VCV (3),   -0.000008083, -0.000001978,  0.000002141,
St.dev,     0.088349516,  0.003170103,  0.001463140,
Mean,     -0.117670696, -0.010177489,  0.000447659,
Cor (1),    1.000000000, -0.357702580, -0.591491512,
Cor (2),   -0.357702580,  1.000000000,  0.752498203,
Cor (3),   -0.591491512,  0.752498203,  1.000000000,
VCV (1),    0.010215385, -0.000563298, -0.000066274,
VCV (2),   -0.000563298,  0.000242760,  0.000012998,
VCV (3),   -0.000066274,  0.000012998,  0.000001229,
St.dev,     0.101071187,  0.015580769,  0.001108583,
AutoCor,    0.165983990,  0.602735763,  0.680770316,

No.; 21; Score; 14432.606511293;
Markow Autoregressive (lag 1) bivariate joint 3 asset model uncond. params
uMean,      0.028872613,  0.004126498,  0.000214511,
VCV (1),    0.018738846, -0.003529623, -0.000043183,
VCV (2),   -0.003529623,  0.002015023,  0.000087885,
VCV (3),   -0.000043183,  0.000087885,  0.000004621,
Cor (1),    1.000000000, -0.574403134, -0.146742465,
Cor (2),   -0.574403134,  1.000000000,  0.910726112,
Cor (3),   -0.146742465,  0.910726112,  1.000000000,
St.dev,     0.136889904,  0.044889013,  0.002149752,
Skewness,   0.211877269, -0.021604979, -0.008595706,
Kurtosis,   0.854852382,  0.047404432,  0.089748416,
AutoCor,    0.071062994,  0.124403793,  0.152190902,
Markow Autoregressive (lag 1) bivariate joint 3 asset model cond. params
uProb.,   0.959309419,  0.040690581,
Prob (1),   0.959537270,  0.040462730,
Prob (2),   0.953937680,  0.046062320,
Mean,      0.024647497,  0.004708814,  0.000207211,
Cor (1),    1.000000000, -0.547458461, -0.184088268,
Cor (2),   -0.547458461,  1.000000000,  0.937449113,
Cor (3),   -0.184088268,  0.937449113,  1.000000000,
VCV (1),    0.016537153, -0.003093530, -0.000051207,
VCV (2),   -0.003093530,  0.001930837,  0.000089103,
VCV (3),   -0.000051207,  0.000089103,  0.000004679,
St.dev,     0.128596862,  0.043941295,  0.002163070,
Mean,      0.128482731, -0.009602015,  0.000386630,
Cor (1),    1.000000000, -0.875866626,  0.747901388,
Cor (2),   -0.875866626,  1.000000000,  0.479376575,
Cor (3),    0.747901388,  0.479376575,  1.000000000,
VCV (1),    0.057931661, -0.011612159,  0.000140025,
VCV (2),   -0.011612159,  0.003034129,  0.000020540,
VCV (3),    0.000140025,  0.000020540,  0.000000605,
St.dev,     0.240689969,  0.055082928,  0.000777862,
AutoCor,    0.072567046,  0.124877010,  0.152230771,

No.; 22; Score; 14474.88359153;
Markow Autoregressive (lag 1) bivariate joint 3 asset model uncond. params
uMean,     -0.003383887,  0.011413404, -0.000326794,
VCV (1),    0.059029466,  0.000461936,  0.000183820,
VCV (2),    0.000461936,  0.000096585,  0.000019365,
VCV (3),    0.000183820,  0.000019365,  0.000024579,
Cor (1),    1.000000000,  0.193460941,  0.152606626,
Cor (2),    0.193460941,  1.000000000,  0.397447983,
Cor (3),    0.152606626,  0.397447983,  1.000000000,
St.dev,     0.242959803,  0.009827757,  0.004957757,
Skewness,  -0.190145565,  0.095491222, -0.003720671,
Kurtosis,  -0.570241248,  0.395956815,  0.174850952,
AutoCor,    0.509785259,  0.287478951,  0.762547670,
Markow Autoregressive (lag 1) bivariate joint 3 asset model cond. params
uProb.,   0.470208043,  0.529791957,
Prob (1),   0.840323847,  0.159676153,
Prob (2),   0.141717915,  0.858282085,
Mean,     -0.195168666,  0.012330337, -0.000357159,
Cor (1),    1.000000000,  0.028242351,  0.020846648,
Cor (2),    0.028242351,  1.000000000,  0.709421112,
Cor (3),    0.020846648,  0.709421112,  1.000000000,
VCV (1),    0.028122833,  0.000052547,  0.000012900,
VCV (2),    0.000052547,  0.000123094,  0.000029044,
VCV (3),    0.000012900,  0.000029044,  0.000013616,
