Round No; 3; best result RLS; 19.676232742984

;;;
Statistical description of data for: Meginajums1
Calib/Tail/Per/Cur, 4176, 9999, 23, 0,
Title,    PE MARKET w  ,EQUITY LM SNP,REX BOND     ,
Mean,       0.000104436,  0.000075211,  0.000042226,
VCV (1),    0.033533792, -0.000018247, -0.000000770,
VCV (2),   -0.000018247,  0.000044333, -0.000000146,
VCV (3),   -0.000000770, -0.000000146,  0.000000045,
St.dev,     0.183122341,  0.006658326,  0.000210996,
Skewness,  -0.359429482, -0.013261914,  0.151860187,
Kurtosis,  20.092276212,  7.412958555, 34.388660560,
AutoCor,   -0.271804758, -0.019537378, -0.152000145,
No.; 1; Score; 19.676232742984;
Markow Autoregressive (lag 1) bivariate joint 3 asset model uncond. params
uMean,      0.000094034,  0.000084636,  0.000109852,
VCV (1),    0.033535661,  0.000164040, -0.000010890,
VCV (2),    0.000164040,  0.000050093,  0.000000026,
VCV (3),   -0.000010890,  0.000000026,  0.000000065,
Cor (1),    1.000000000,  0.126563234, -0.233658243,
Cor (2),    0.126563234,  1.000000000,  0.014505111,
Cor (3),   -0.233658243,  0.014505111,  1.000000000,
St.dev,     0.183127443,  0.007077638,  0.000254500,
Skewness,  -0.242979757,  0.000808888, -0.006550266,
Kurtosis,   0.038399286, -0.008338376,  0.003007597,
AutoCor,    0.296678148,  0.090290321,  0.139828733,
Markow Autoregressive (lag 1) bivariate joint 3 asset model cond. params
uProb.,   0.540727798,  0.459272202,
Prob (1),   0.174880315,  0.825119685,
Prob (2),   0.971461258,  0.028538742,
Mean,      0.076611856,  0.001736393,  0.000094036,
Cor (1),    1.000000000, -0.686634548,  0.043665051,
Cor (2),   -0.686634548,  1.000000000,  0.021454028,
Cor (3),    0.043665051,  0.021454028,  1.000000000,
VCV (1),    0.011134055, -0.000491531,  0.000001176,
VCV (2),   -0.000491531,  0.000046025,  0.000000037,
VCV (3),    0.000001176,  0.000000037,  0.000000065,
St.dev,     0.105518033,  0.006784196,  0.000255180,
Mean,     -0.089994835, -0.001860073,  0.000128474,
Cor (1),    1.000000000,  0.565916553, -0.515650599,
Cor (2),    0.565916553,  1.000000000,  0.046525632,
Cor (3),   -0.515650599,  0.046525632,  1.000000000,
VCV (1),    0.025416928,  0.000608976, -0.000020272,
VCV (2),    0.000608976,  0.000045559,  0.000000077,
VCV (3),   -0.000020272,  0.000000077,  0.000000061,
St.dev,     0.159426875,  0.006749723,  0.000246589,
AutoCor,    0.579547456,  0.151057158,  0.144106424,

No.; 2; Score; 22.241310588486;
Markow Autoregressive (lag 1) bivariate joint 3 asset model uncond. params
uMean,      0.000110730,  0.000063872,  0.000103667,
VCV (1),    0.033886035, -0.000183268, -0.000016420,
VCV (2),   -0.000183268,  0.000046611,  0.000000208,
VCV (3),   -0.000016420,  0.000000208,  0.000000078,
Cor (1),    1.000000000, -0.145824454, -0.318683594,
Cor (2),   -0.145824454,  1.000000000,  0.108911010,
Cor (3),   -0.318683594,  0.108911010,  1.000000000,
St.dev,     0.184081599,  0.006827253,  0.000279899,
Skewness,  -0.104072338,  0.036286806,  0.107238808,
Kurtosis,  -0.018696473,  0.010235989, -0.090861032,
AutoCor,    0.346907081,  0.269689721, -0.072678542,
Markow Autoregressive (lag 1) bivariate joint 3 asset model cond. params
uProb.,   0.526188200,  0.473811800,
Prob (1),   0.117813026,  0.882186974,
Prob (2),   0.979706238,  0.020293762,
Mean,      0.068914571, -0.001177997, -0.000026066,
Cor (1),    1.000000000, -0.881835834,  0.242617108,
Cor (2),   -0.881835834,  1.000000000,  0.281183060,
Cor (3),    0.242617108,  0.281183060,  1.000000000,
VCV (1),    0.015964695, -0.000682670,  0.000007050,
VCV (2),   -0.000682670,  0.000037539,  0.000000396,
VCV (3),    0.000007050,  0.000000396,  0.000000053,
St.dev,     0.126351474,  0.006126929,  0.000229971,
Mean,     -0.076298869,  0.001443020,  0.000247741,
Cor (1),    1.000000000,  0.600803364, -0.527661001,
Cor (2),    0.600803364,  1.000000000, -0.229208440,
Cor (3),   -0.527661001, -0.229208440,  1.000000000,
VCV (1),    0.023138195,  0.000604808, -0.000020198,
VCV (2),    0.000604808,  0.000043797, -0.000000382,
VCV (3),   -0.000020198, -0.000000382,  0.000000063,
St.dev,     0.152112443,  0.006617898,  0.000251650,
AutoCor,    0.568886446,  0.312855506,  0.174609490,

No.; 3; Score; 30.714715317468;
Markow Autoregressive (lag 1) bivariate joint 3 asset model uncond. params
uMean,     -0.042980289,  0.000057555,  0.000011598,
VCV (1),    0.036874120,  0.000068239, -0.000030975,
VCV (2),    0.000068239,  0.000053307,  0.000000507,
VCV (3),   -0.000030975,  0.000000507,  0.000000057,
Cor (1),    1.000000000,  0.048672239, -0.676851923,
Cor (2),    0.048672239,  1.000000000,  0.291448537,
Cor (3),   -0.676851923,  0.291448537,  1.000000000,
St.dev,     0.192026352,  0.007301144,  0.000238317,
Skewness,  -0.120287675, -0.124311491,  0.505907990,
Kurtosis,  -0.272189583,  0.953228843,  0.391192641,
AutoCor,    0.144856067,  0.169683032,  0.253023256,
Markow Autoregressive (lag 1) bivariate joint 3 asset model cond. params
uProb.,   0.544187868,  0.455812132,
Prob (1),   0.470877008,  0.529122992,
Prob (2),   0.631712702,  0.368287298,
Mean,      0.066325350,  0.000549509, -0.000087217,
Cor (1),    1.000000000, -0.704057446, -0.173680152,
Cor (2),   -0.704057446,  1.000000000,  0.233170874,
Cor (3),   -0.173680152,  0.233170874,  1.000000000,
VCV (1),    0.018602085, -0.000469312, -0.000003365,
VCV (2),   -0.000469312,  0.000023886,  0.000000162,
VCV (3),   -0.000003365,  0.000000162,  0.000000020,
St.dev,     0.136389461,  0.004887343,  0.000142070,
Mean,     -0.173478796, -0.000529782,  0.000129572,
Cor (1),    1.000000000,  0.419885950, -0.838990468,
Cor (2),    0.419885950,  1.000000000,  0.423778458,
Cor (3),   -0.838990468,  0.423778458,  1.000000000,
VCV (1),    0.021737512,  0.000568655, -0.000030826,
VCV (2),    0.000568655,  0.000084377,  0.000000970,
VCV (3),   -0.000030826,  0.000000970,  0.000000062,
St.dev,     0.147436467,  0.009185704,  0.000249201,
AutoCor,    0.337712109,  0.171484335,  0.359910650,

No.; 4; Score; 38.583457835113;
Markow Autoregressive (lag 1) bivariate joint 3 asset model uncond. params
uMean,     -0.000011451,  0.000275347,  0.000029231,
VCV (1),    0.034067567, -0.000139762, -0.000014190,
VCV (2),   -0.000139762,  0.000079547,  0.000000345,
VCV (3),   -0.000014190,  0.000000345,  0.000000088,
Cor (1),    1.000000000, -0.084899332, -0.259401108,
Cor (2),   -0.084899332,  1.000000000,  0.130609306,
Cor (3),   -0.259401108,  0.130609306,  1.000000000,
St.dev,     0.184574014,  0.008918936,  0.000296372,
Skewness,   0.106231617, -0.105789085,  0.007171247,
Kurtosis,  -0.434739436,  0.036772258,  0.267849459,
AutoCor,    0.063824560,  0.173154571,  0.638124645,
Markow Autoregressive (lag 1) bivariate joint 3 asset model cond. params
uProb.,   0.532229550,  0.467770450,
Prob (1),   0.357754798,  0.642245202,
Prob (2),   0.730747047,  0.269252953,
Mean,      0.117717024, -0.001965651,  0.000026826,
Cor (1),    1.000000000, -0.306901684, -0.433186377,
Cor (2),   -0.306901684,  1.000000000,  0.690063437,
Cor (3),   -0.433186377,  0.690063437,  1.000000000,
VCV (1),    0.017215566, -0.000361568, -0.000009141,
VCV (2),   -0.000361568,  0.000080623,  0.000000997,
VCV (3),   -0.000009141,  0.000000997,  0.000000026,
St.dev,     0.131208102,  0.008979049,  0.000160835,
Mean,     -0.133962993,  0.002825156,  0.000031968,
Cor (1),    1.000000000,  0.861385453, -0.349046010,
Cor (2),    0.861385453,  1.000000000, -0.231861191,
Cor (3),   -0.349046010, -0.231861191,  1.000000000,
VCV (1),    0.011945632,  0.000721817, -0.000010915,
VCV (2),    0.000721817,  0.000058783, -0.000000509,
VCV (3),   -0.000010915, -0.000000509,  0.000000082,
St.dev,     0.109296074,  0.007666992,  0.000286102,
AutoCor,    0.440296948,  0.215422018,  0.638200445,

No.; 5; Score; 39.091455858595;
Markow Autoregressive (lag 1) bivariate joint 3 asset model uncond. params
uMean,     -0.038541871, -0.001637377,  0.000052359,
VCV (1),    0.043232260, -0.000178467, -0.000035683,
VCV (2),   -0.000178467,  0.000052424,  0.000000436,
VCV (3),   -0.000035683,  0.000000436,  0.000000064,
Cor (1),    1.000000000, -0.118546659, -0.679968890,
Cor (2),   -0.118546659,  1.000000000,  0.238778392,
Cor (3),   -0.679968890,  0.238778392,  1.000000000,
St.dev,     0.207923688,  0.007240432,  0.000252389,
Skewness,  -0.138692932, -0.216967482,  0.495947025,
Kurtosis,   0.012059244,  0.173076405, -0.035114480,
AutoCor,    0.328611660,  0.243430610,  0.144163085,
Markow Autoregressive (lag 1) bivariate joint 3 asset model cond. params
uProb.,   0.516514338,  0.483485662,
Prob (1),   0.389567899,  0.610432101,
Prob (2),   0.652132953,  0.347867047,
Mean,      0.036857451, -0.003646081, -0.000097500,
Cor (1),    1.000000000, -0.597306958, -0.362217749,
Cor (2),   -0.597306958,  1.000000000,  0.604936011,
Cor (3),   -0.362217749,  0.604936011,  1.000000000,
VCV (1),    0.025171043, -0.000717139, -0.000007479,
VCV (2),   -0.000717139,  0.000057268,  0.000000596,
VCV (3),   -0.000007479,  0.000000596,  0.000000017,
St.dev,     0.158653847,  0.007567548,  0.000130151,
Mean,     -0.119091997,  0.000508549,  0.000212456,
Cor (1),    1.000000000,  0.707025843, -0.759522694,
Cor (2),    0.707025843,  1.000000000, -0.342273788,
Cor (3),   -0.759522694, -0.342273788,  1.000000000,
VCV (1),    0.036067964,  0.000735893, -0.000032749,
VCV (2),    0.000735893,  0.000030036, -0.000000426,
VCV (3),   -0.000032749, -0.000000426,  0.000000052,
St.dev,     0.189915675,  0.005480476,  0.000227040,
AutoCor,    0.425236523,  0.288763388,  0.389909429,

No.; 6; Score; 47.468196399723;
Markow Autoregressive (lag 1) bivariate joint 3 asset model uncond. params
uMean,     -0.046329903,  0.001246231,  0.000059331,
VCV (1),    0.030717589, -0.000214863, -0.000013057,
VCV (2),   -0.000214863,  0.000064558, -0.000000120,
VCV (3),   -0.000013057, -0.000000120,  0.000000041,
Cor (1),    1.000000000, -0.152578573, -0.365944727,
Cor (2),   -0.152578573,  1.000000000, -0.073077862,
Cor (3),   -0.365944727, -0.073077862,  1.000000000,
St.dev,     0.175264340,  0.008034803,  0.000203586,
Skewness,  -0.522559087,  0.103625857,  0.117203221,
Kurtosis,   0.275903143,  0.165013073,  0.414401824,
AutoCor,    0.216091273,  0.223891683,  0.324783117,
Markow Autoregressive (lag 1) bivariate joint 3 asset model cond. params
uProb.,   0.541879015,  0.458120985,
Prob (1),   0.396657754,  0.603342246,
Prob (2),   0.713651007,  0.286348993,
Mean,      0.036214779,  0.000148400,  0.000039485,
Cor (1),    1.000000000, -0.985826245, -0.640751685,
Cor (2),   -0.985826245,  1.000000000,  0.553483374,
Cor (3),   -0.640751685,  0.553483374,  1.000000000,
VCV (1),    0.009259840, -0.000640920, -0.000009136,
VCV (2),   -0.000640920,  0.000045646,  0.000000554,
VCV (3),   -0.000009136,  0.000000554,  0.000000022,
St.dev,     0.096228063,  0.006756187,  0.000148164,
Mean,     -0.143966189,  0.002544776,  0.000082805,
Cor (1),    1.000000000,  0.358820276, -0.252686757,
Cor (2),    0.358820276,  1.000000000, -0.469013290,
Cor (3),   -0.252686757, -0.469013290,  1.000000000,
VCV (1),    0.030365445,  0.000545576, -0.000010197,
VCV (2),    0.000545576,  0.000076134, -0.000000948,
VCV (3),   -0.000010197, -0.000000948,  0.000000054,
St.dev,     0.174256837,  0.008725465,  0.000231569,
AutoCor,    0.405705273,  0.236105307,  0.332078618,

No.; 7; Score; 55.84493694085;
Markow Autoregressive (lag 1) bivariate joint 3 asset model uncond. params
uMean,     -0.025647758, -0.000081679,  0.000138348,
VCV (1),    0.047402665, -0.000250783, -0.000027918,
VCV (2),   -0.000250783,  0.000054992, -0.000000183,
VCV (3),   -0.000027918, -0.000000183,  0.000000060,
Cor (1),    1.000000000, -0.155327100, -0.521916378,
Cor (2),   -0.155327100,  1.000000000, -0.100455528,
Cor (3),   -0.521916378, -0.100455528,  1.000000000,
St.dev,     0.217721532,  0.007415648,  0.000245683,
Skewness,  -0.049116335,  0.045050950,  0.485244484,
Kurtosis,  -0.113604811,  0.154824709,  0.379371585,
AutoCor,    0.323233031,  0.224656927,  0.199014292,
Markow Autoregressive (lag 1) bivariate joint 3 asset model cond. params
uProb.,   0.502792436,  0.497207564,
Prob (1),   0.363833901,  0.636166099,
Prob (2),   0.643311818,  0.356688182,
Mean,      0.080944736,  0.000406256,  0.000034842,
Cor (1),    1.000000000, -0.799638501, -0.529087866,
Cor (2),   -0.799638501,  1.000000000,  0.560899145,
Cor (3),   -0.529087866,  0.560899145,  1.000000000,
VCV (1),    0.024710350, -0.001009701, -0.000012193,
VCV (2),   -0.001009701,  0.000064524,  0.000000661,
VCV (3),   -0.000012193,  0.000000661,  0.000000021,
St.dev,     0.157195262,  0.008032664,  0.000146605,
Mean,     -0.133437549, -0.000575095,  0.000243016,
Cor (1),    1.000000000,  0.460321741, -0.367005604,
Cor (2),    0.460321741,  1.000000000, -0.557636337,
Cor (3),   -0.367005604, -0.557636337,  1.000000000,
VCV (1),    0.028005859,  0.000482318, -0.000016097,
VCV (2),    0.000482318,  0.000039201, -0.000000915,
VCV (3),   -0.000016097, -0.000000915,  0.000000069,
St.dev,     0.167349513,  0.006261054,  0.000262086,
AutoCor,    0.516056836,  0.226873739,  0.303682012,

No.; 8; Score; 64.221677481978;
Markow Autoregressive (lag 1) bivariate joint 3 asset model uncond. params
uMean,     -0.003153100, -0.000109556,  0.000106807,
VCV (1),    0.089204809,  0.000374618, -0.000050684,
VCV (2),    0.000374618,  0.000051766,  0.000000014,
VCV (3),   -0.000050684,  0.000000014,  0.000000049,
Cor (1),    1.000000000,  0.174329431, -0.768089771,
Cor (2),    0.174329431,  1.000000000,  0.008859105,
Cor (3),   -0.768089771,  0.008859105,  1.000000000,
St.dev,     0.298671742,  0.007194891,  0.000220934,
Skewness,  -0.031951841, -0.314057530,  0.183251312,
Kurtosis,  -0.069433858,  0.642465517,  0.045565433,
AutoCor,    0.486696874,  0.213231034,  0.422447943,
Markow Autoregressive (lag 1) bivariate joint 3 asset model cond. params
uProb.,   0.495034994,  0.504965006,
Prob (1),   0.133187265,  0.866812735,
Prob (2),   0.849767076,  0.150232924,
Mean,      0.127954780,  0.001527288,  0.000023426,
Cor (1),    1.000000000, -0.502000561, -0.620274390,
Cor (2),   -0.502000561,  1.000000000,  0.836533911,
Cor (3),   -0.620274390,  0.836533911,  1.000000000,
VCV (1),    0.026496718, -0.000367463, -0.000012875,
VCV (2),   -0.000367463,  0.000020222,  0.000000480,
VCV (3),   -0.000012875,  0.000000480,  0.000000016,
St.dev,     0.162778124,  0.004496901,  0.000127519,
Mean,     -0.131682776, -0.001714211,  0.000188548,
Cor (1),    1.000000000,  0.405481653, -0.853669423,
Cor (2),    0.405481653,  1.000000000, -0.139392929,
Cor (3),   -0.853669423, -0.139392929,  1.000000000,
VCV (1),    0.033028837,  0.000619892, -0.000029662,
VCV (2),    0.000619892,  0.000070761, -0.000000224,
VCV (3),   -0.000029662, -0.000000224,  0.000000037,
St.dev,     0.181738375,  0.008411985,  0.000191187,
AutoCor,    0.766941845,  0.262930258,  0.607301397,

No.; 9; Score; 72.598418023105;
Markow Autoregressive (lag 1) bivariate joint 3 asset model uncond. params
uMean,      0.012871678,  0.001216805,  0.000157720,
VCV (1),    0.022772973,  0.000106504, -0.000013653,
VCV (2),    0.000106504,  0.000036670, -0.000000349,
VCV (3),   -0.000013653, -0.000000349,  0.000000059,
Cor (1),    1.000000000,  0.116547655, -0.373211271,
Cor (2),    0.116547655,  1.000000000, -0.237693769,
Cor (3),   -0.373211271, -0.237693769,  1.000000000,
St.dev,     0.150907166,  0.006055554,  0.000242416,
Skewness,  -0.065879639,  0.093375374,  0.427995676,
Kurtosis,  -0.223593359,  0.063887012,  0.691036540,
AutoCor,    0.106329967, -0.021764620,  0.056686764,
Markow Autoregressive (lag 1) bivariate joint 3 asset model cond. params
uProb.,   0.493740250,  0.506259750,
Prob (1),   0.100977837,  0.899022163,
Prob (2),   0.876789883,  0.123210117,
Mean,      0.101543764,  0.002493892,  0.000085730,
Cor (1),    1.000000000, -0.620286694,  0.125300561,
Cor (2),   -0.620286694,  1.000000000,  0.284928686,
Cor (3),    0.125300561,  0.284928686,  1.000000000,
VCV (1),    0.009305067, -0.000381302,  0.000001846,
VCV (2),   -0.000381302,  0.000040610,  0.000000277,
VCV (3),    0.000001846,  0.000000277,  0.000000023,
St.dev,     0.096462778,  0.006372604,  0.000152747,
Mean,     -0.073607600, -0.000028701,  0.000227929,
Cor (1),    1.000000000,  0.620722132, -0.500336903,
Cor (2),    0.620722132,  1.000000000, -0.502979355,
Cor (3),   -0.500336903, -0.502979355,  1.000000000,
VCV (1),    0.011598041,  0.000364149, -0.000015374,
VCV (2),    0.000364149,  0.000029674, -0.000000782,
VCV (3),   -0.000015374, -0.000000782,  0.000000081,
St.dev,     0.107694202,  0.005447406,  0.000285315,
AutoCor,    0.554173291,  0.012426718,  0.135026616,

No.; 10; Score; 80.975158564233;
Markow Autoregressive (lag 1) bivariate joint 3 asset model uncond. params
uMean,     -0.018736247,  0.001011992,  0.000111073,
VCV (1),    0.040369167,  0.000688761, -0.000006479,
VCV (2),    0.000688761,  0.000060942,  0.000000149,
VCV (3),   -0.000006479,  0.000000149,  0.000000037,
Cor (1),    1.000000000,  0.439123364, -0.166614947,
Cor (2),    0.439123364,  1.000000000,  0.098593604,
Cor (3),   -0.166614947,  0.098593604,  1.000000000,
St.dev,     0.200920797,  0.007806516,  0.000193552,
Skewness,  -0.155211269, -0.222780619, -0.008029098,
Kurtosis,  -0.099148989,  0.605814853,  0.019304389,
AutoCor,    0.176053552,  0.088218081,  0.340959122,
Markow Autoregressive (lag 1) bivariate joint 3 asset model cond. params
uProb.,   0.467400833,  0.532599167,
Prob (1),   0.099978100,  0.900021900,
Prob (2),   0.789845370,  0.210154630,
Mean,      0.087187035,  0.002380305,  0.000104146,
Cor (1),    1.000000000, -0.572587720,  0.012293970,
Cor (2),   -0.572587720,  1.000000000,  0.469987280,
Cor (3),    0.012293970,  0.469987280,  1.000000000,
VCV (1),    0.018509592, -0.000418360,  0.000000319,
VCV (2),   -0.000418360,  0.000028842,  0.000000482,
VCV (3),    0.000000319,  0.000000482,  0.000000036,
St.dev,     0.136049963,  0.005370441,  0.000191020,
Mean,     -0.111692889, -0.000188819,  0.000117151,
Cor (1),    1.000000000,  0.870752649, -0.322022694,
Cor (2),    0.870752649,  1.000000000, -0.087116318,
Cor (3),   -0.322022694, -0.087116318,  1.000000000,
VCV (1),    0.029180884,  0.001368826, -0.000009530,
VCV (2),    0.001368826,  0.000084685, -0.000000139,
VCV (3),   -0.000009530, -0.000000139,  0.000000030,
St.dev,     0.170824132,  0.009202468,  0.000173246,
AutoCor,    0.455387890,  0.109777792,  0.342118902,

No.; 11; Score; 89.35189910536;
Markow Autoregressive (lag 1) bivariate joint 3 asset model uncond. params
uMean,     -0.024787829,  0.002337266,  0.000047746,
VCV (1),    0.030628092, -0.000110680, -0.000016439,
VCV (2),   -0.000110680,  0.000032640,  0.000000507,
VCV (3),   -0.000016439,  0.000000507,  0.000000063,
Cor (1),    1.000000000, -0.110696626, -0.375670625,
Cor (2),   -0.110696626,  1.000000000,  0.355031761,
Cor (3),   -0.375670625,  0.355031761,  1.000000000,
St.dev,     0.175008835,  0.005713123,  0.000250045,
Skewness,   0.040702410, -0.028782072, -0.041932875,
Kurtosis,  -0.062108265,  0.014900677,  0.003620419,
AutoCor,    0.529430924,  0.141581934,  0.510650637,
Markow Autoregressive (lag 1) bivariate joint 3 asset model cond. params
uProb.,   0.575380937,  0.424619063,
Prob (1),   0.432357864,  0.567642136,
Prob (2),   0.769184647,  0.230815353,
Mean,      0.037494535,  0.001710571, -0.000000688,
Cor (1),    1.000000000, -0.499406567, -0.419834937,
Cor (2),   -0.499406567,  1.000000000,  0.758073218,
Cor (3),   -0.419834937,  0.758073218,  1.000000000,
VCV (1),    0.014165893, -0.000344336, -0.000010597,
VCV (2),   -0.000344336,  0.000033559,  0.000000931,
VCV (3),   -0.000010597,  0.000000931,  0.000000045,
St.dev,     0.119020557,  0.005793038,  0.000212080,
Mean,     -0.109183674,  0.003186469,  0.000113378,
Cor (1),    1.000000000,  0.630213098, -0.168519276,
Cor (2),    0.630213098,  1.000000000, -0.254108505,
Cor (3),   -0.168519276, -0.254108505,  1.000000000,
VCV (1),    0.010528835,  0.000344921, -0.000003263,
VCV (2),    0.000344921,  0.000028450, -0.000000256,
VCV (3),   -0.000003263, -0.000000256,  0.000000036,
St.dev,     0.102610110,  0.005333870,  0.000188676,
AutoCor,    0.708897412,  0.149511679,  0.556047124,

