Round No; 5; best result RLS; 26.570331592351

;;;
Statistical description of data for: Meginajums1
Calib/Tail/Per/Cur, 4176, 9999, 23, 0,
Title,    PE MARKET w  ,EQUITY LM SNP,REX BOND     ,
Mean,       0.000104436,  0.000075211,  0.000042226,
VCV (1),    0.033533792, -0.000018247, -0.000000770,
VCV (2),   -0.000018247,  0.000044333, -0.000000146,
VCV (3),   -0.000000770, -0.000000146,  0.000000045,
St.dev,     0.183122341,  0.006658326,  0.000210996,
Skewness,  -0.359429482, -0.013261914,  0.151860187,
Kurtosis,  20.092276212,  7.412958555, 34.388660560,
AutoCor,   -0.271804758, -0.019537378, -0.152000145,
No.; 1; Score; 26.570331592351;
Markow Autoregressive (lag 1) bivariate joint 3 asset model uncond. params
uMean,      0.000076319, -0.000081887,  0.000087827,
VCV (1),    0.033172820, -0.000066607, -0.000023611,
VCV (2),   -0.000066607,  0.000050111,  0.000000527,
VCV (3),   -0.000023611,  0.000000527,  0.000000052,
Cor (1),    1.000000000, -0.051660983, -0.570238567,
Cor (2),   -0.051660983,  1.000000000,  0.327373426,
Cor (3),   -0.570238567,  0.327373426,  1.000000000,
St.dev,     0.182134072,  0.007078900,  0.000227334,
Skewness,  -0.229356502,  0.004444371,  0.369656073,
Kurtosis,  -0.266189363,  0.000365858,  0.233597045,
AutoCor,    0.116991154,  0.116219200,  0.179063865,
Markow Autoregressive (lag 1) bivariate joint 3 asset model cond. params
uProb.,   0.537086028,  0.462913972,
Prob (1),   0.284635275,  0.715364725,
Prob (2),   0.829986611,  0.170013389,
Mean,      0.108502019, -0.000798257, -0.000000196,
Cor (1),    1.000000000, -0.978922822, -0.134626536,
Cor (2),   -0.978922822,  1.000000000,  0.647796324,
Cor (3),   -0.134626536,  0.647796324,  1.000000000,
VCV (1),    0.009371946, -0.000657545, -0.000001994,
VCV (2),   -0.000657545,  0.000048142,  0.000000688,
VCV (3),   -0.000001994,  0.000000688,  0.000000023,
St.dev,     0.096808811,  0.006938441,  0.000153004,
Mean,     -0.125722278,  0.000749267,  0.000189955,
Cor (1),    1.000000000,  0.879474634, -0.637495041,
Cor (2),    0.879474634,  1.000000000,  0.086028435,
Cor (3),   -0.637495041,  0.086028435,  1.000000000,
VCV (1),    0.017151924,  0.000810037, -0.000019566,
VCV (2),    0.000810037,  0.000049460,  0.000000142,
VCV (3),   -0.000019566,  0.000000142,  0.000000055,
St.dev,     0.130965355,  0.007032752,  0.000234351,
AutoCor,    0.579501298,  0.124174463,  0.331605886,

No.; 2; Score; 28.731022184364;
Markow Autoregressive (lag 1) bivariate joint 3 asset model uncond. params
uMean,     -0.000385670,  0.000146915,  0.000145699,
VCV (1),    0.033185858,  0.000295221, -0.000046731,
VCV (2),    0.000295221,  0.000054349,  0.000000607,
VCV (3),   -0.000046731,  0.000000607,  0.000000325,
Cor (1),    1.000000000,  0.219825157, -0.450221803,
Cor (2),    0.219825157,  1.000000000,  0.144626286,
Cor (3),   -0.450221803,  0.144626286,  1.000000000,
St.dev,     0.182169861,  0.007372146,  0.000569773,
Skewness,  -0.055185926, -0.020635511,  0.031990709,
Kurtosis,  -0.119514368, -0.129515027,  0.202210246,
AutoCor,    0.507004151,  0.663566735,  0.893257817,
Markow Autoregressive (lag 1) bivariate joint 3 asset model cond. params
uProb.,   0.423274196,  0.576725804,
Prob (1),   0.552247458,  0.447752542,
Prob (2),   0.328617336,  0.671382664,
Mean,      0.102767895,  0.004451134,  0.000190844,
Cor (1),    1.000000000, -0.985441278, -0.711585513,
Cor (2),   -0.985441278,  1.000000000, -0.107362589,
Cor (3),   -0.711585513, -0.107362589,  1.000000000,
VCV (1),    0.014194175, -0.000404067, -0.000028397,
VCV (2),   -0.000404067,  0.000011845, -0.000000124,
VCV (3),   -0.000028397, -0.000000124,  0.000000112,
St.dev,     0.119139308,  0.003441657,  0.000334960,
Mean,     -0.076092777, -0.003012065,  0.000112565,
Cor (1),    1.000000000,  0.507543440, -0.884235235,
Cor (2),    0.507543440,  1.000000000,  0.473553411,
Cor (3),   -0.884235235,  0.473553411,  1.000000000,
VCV (1),    0.018047226,  0.000269011, -0.000019799,
VCV (2),    0.000269011,  0.000015566,  0.000000311,
VCV (3),   -0.000019799,  0.000000311,  0.000000028,
St.dev,     0.134339963,  0.003945408,  0.000166673,
AutoCor,    0.594211064,  0.810353398,  0.896357488,

No.; 3; Score; 36.82337522162;
Markow Autoregressive (lag 1) bivariate joint 3 asset model uncond. params
uMean,      0.018752856, -0.000833867,  0.000130722,
VCV (1),    0.034010852, -0.000619365, -0.000009008,
VCV (2),   -0.000619365,  0.000065381,  0.000000166,
VCV (3),   -0.000009008,  0.000000166,  0.000000104,
Cor (1),    1.000000000, -0.415348220, -0.151629131,
Cor (2),   -0.415348220,  1.000000000,  0.063798245,
Cor (3),   -0.151629131,  0.063798245,  1.000000000,
St.dev,     0.184420314,  0.008085851,  0.000322131,
Skewness,   0.446895065,  0.056096750, -0.231868816,
Kurtosis,   0.150194379,  0.395098962,  0.086780451,
AutoCor,    0.172267612,  0.442733362,  0.077118652,
Markow Autoregressive (lag 1) bivariate joint 3 asset model cond. params
uProb.,   0.671985202,  0.328014798,
Prob (1),   0.607539007,  0.392460993,
Prob (2),   0.804012445,  0.195987555,
Mean,     -0.058125697, -0.000538212,  0.000233514,
Cor (1),    1.000000000, -0.400967419,  0.755133994,
Cor (2),   -0.400967419,  1.000000000, -0.142346237,
Cor (3),    0.755133994, -0.142346237,  1.000000000,
VCV (1),    0.014830311, -0.000406509,  0.000024621,
VCV (2),   -0.000406509,  0.000069306, -0.000000317,
VCV (3),    0.000024621, -0.000000317,  0.000000072,
St.dev,     0.121779766,  0.008325024,  0.000267732,
Mean,      0.176249560, -0.001439559, -0.000079862,
Cor (1),    1.000000000, -0.904556043, -0.579587132,
Cor (2),   -0.904556043,  1.000000000,  0.721974622,
Cor (3),   -0.579587132,  0.721974622,  1.000000000,
VCV (1),    0.026945764, -0.000621537, -0.000029774,
VCV (2),   -0.000621537,  0.000017522,  0.000000946,
VCV (3),   -0.000029774,  0.000000946,  0.000000098,
St.dev,     0.164151651,  0.004185873,  0.000312950,
AutoCor,    0.376112506,  0.444488934,  0.149233744,

No.; 4; Score; 40.279907991948;
Markow Autoregressive (lag 1) bivariate joint 3 asset model uncond. params
uMean,      0.000486724, -0.000130534, -0.000090299,
VCV (1),    0.032867506,  0.000968691,  0.000009165,
VCV (2),    0.000968691,  0.000060470,  0.000000715,
VCV (3),    0.000009165,  0.000000715,  0.000000052,
Cor (1),    1.000000000,  0.687121788,  0.220863450,
Cor (2),    0.687121788,  1.000000000,  0.401840032,
Cor (3),    0.220863450,  0.401840032,  1.000000000,
St.dev,     0.181293976,  0.007776215,  0.000228888,
Skewness,  -0.156409014, -0.135337629, -0.217050860,
Kurtosis,  -0.217222582, -0.436802255,  0.560329303,
AutoCor,    0.345477228,  0.303613325,  0.385728521,
Markow Autoregressive (lag 1) bivariate joint 3 asset model cond. params
uProb.,   0.441291296,  0.558708704,
Prob (1),   0.428372574,  0.571627426,
Prob (2),   0.451495038,  0.548504962,
Mean,      0.117072067,  0.005783899, -0.000047131,
Cor (1),    1.000000000,  0.052684020,  0.280655080,
Cor (2),    0.052684020,  1.000000000,  0.012899915,
Cor (3),    0.280655080,  0.012899915,  1.000000000,
VCV (1),    0.011695219,  0.000021922,  0.000003981,
VCV (2),    0.000021922,  0.000014804,  0.000000007,
VCV (3),    0.000003981,  0.000000007,  0.000000017,
St.dev,     0.108144437,  0.003847653,  0.000131155,
Mean,     -0.091597213, -0.004801999, -0.000124396,
Cor (1),    1.000000000,  0.699800664,  0.119981145,
Cor (2),    0.699800664,  1.000000000,  0.534053281,
Cor (3),    0.119981145,  0.534053281,  1.000000000,
VCV (1),    0.019487051,  0.000511494,  0.000004209,
VCV (2),    0.000511494,  0.000027415,  0.000000703,
VCV (3),    0.000004209,  0.000000703,  0.000000063,
St.dev,     0.139596026,  0.005235921,  0.000251286,
AutoCor,    0.524276081,  0.578499977,  0.397547240,

No.; 5; Score; 44.377150801369;
Markow Autoregressive (lag 1) bivariate joint 3 asset model uncond. params
uMean,     -0.000196717, -0.000417037,  0.000063231,
VCV (1),    0.033172613, -0.001028302, -0.000009433,
VCV (2),   -0.001028302,  0.000077242,  0.000001434,
VCV (3),   -0.000009433,  0.000001434,  0.000000103,
Cor (1),    1.000000000, -0.642396270, -0.161623764,
Cor (2),   -0.642396270,  1.000000000,  0.509326943,
Cor (3),   -0.161623764,  0.509326943,  1.000000000,
St.dev,     0.182133504,  0.008788764,  0.000320434,
Skewness,  -0.004316645,  0.169218189, -0.009036076,
Kurtosis,   0.078384195, -0.035529735,  0.014394193,
AutoCor,    0.567995259,  0.590503494,  0.084441452,
Markow Autoregressive (lag 1) bivariate joint 3 asset model cond. params
uProb.,   0.293372971,  0.706627029,
Prob (1),   0.386886933,  0.613113067,
Prob (2),   0.254548432,  0.745451568,
Mean,     -0.002853470, -0.005570287,  0.000084507,
Cor (1),    1.000000000, -0.614510075,  0.615846813,
Cor (2),   -0.614510075,  1.000000000,  0.377192329,
Cor (3),    0.615846813,  0.377192329,  1.000000000,
VCV (1),    0.030010794, -0.000413116,  0.000032088,
VCV (2),   -0.000413116,  0.000015059,  0.000000440,
VCV (3),    0.000032088,  0.000000440,  0.000000090,
St.dev,     0.173236237,  0.003880652,  0.000300772,
Mean,      0.000906297,  0.001722457,  0.000054398,
Cor (1),    1.000000000, -0.783803383, -0.573091394,
Cor (2),   -0.783803383,  1.000000000,  0.812427411,
Cor (3),   -0.573091394,  0.812427411,  1.000000000,
VCV (1),    0.019335122, -0.000737528, -0.000026000,
VCV (2),   -0.000737528,  0.000045793,  0.000001794,
VCV (3),   -0.000026000,  0.000001794,  0.000000106,
St.dev,     0.139050788,  0.006767030,  0.000326268,
AutoCor,    0.568033748,  0.666789446,  0.084353623,

