Round No; 2; best result RLS; 66.447701860366

;;;
Statistical description of data for: Meginajums1
Calib/Tail/Per/Cur, 4176, 9999, 23, 0,
Title,    PE MARKET w  ,EQUITY LM SNP,REX BOND     ,
Mean,       0.000104436,  0.000075211,  0.000042226,
VCV (1),    0.033533792, -0.000018247, -0.000000770,
VCV (2),   -0.000018247,  0.000044333, -0.000000146,
VCV (3),   -0.000000770, -0.000000146,  0.000000045,
St.dev,     0.183122341,  0.006658326,  0.000210996,
Skewness,  -0.359429482, -0.013261914,  0.151860187,
Kurtosis,  20.092276212,  7.412958555, 34.388660560,
AutoCor,   -0.271804758, -0.019537378, -0.152000145,
No.; 1; Score; 66.447701860366;
Markow Autoregressive (lag 1) bivariate joint 3 asset model uncond. params
uMean,     -0.000119969, -0.000482182,  0.000041874,
VCV (1),    0.035801726, -0.000236343, -0.000014418,
VCV (2),   -0.000236343,  0.000086632, -0.000000815,
VCV (3),   -0.000014418, -0.000000815,  0.000000119,
Cor (1),    1.000000000, -0.134199607, -0.220980222,
Cor (2),   -0.134199607,  1.000000000, -0.253818149,
Cor (3),   -0.220980222, -0.253818149,  1.000000000,
St.dev,     0.189213441,  0.009307643,  0.000344837,
Skewness,   0.164181233,  0.201018699,  0.175800008,
Kurtosis,  -0.067330759,  0.169660138,  0.378675299,
AutoCor,    0.309755588, -0.029730779,  0.255471300,
Markow Autoregressive (lag 1) bivariate joint 3 asset model cond. params
uProb.,   0.529714635,  0.470285365,
Prob (1),   0.203651794,  0.796348206,
Prob (2),   0.896981556,  0.103018444,
Mean,      0.083882097, -0.002929688,  0.000095132,
Cor (1),    1.000000000,  0.549923282, -0.254589438,
Cor (2),    0.549923282,  1.000000000, -0.106428331,
Cor (3),   -0.254589438, -0.106428331,  1.000000000,
VCV (1),    0.023213653,  0.000651565, -0.000014969,
VCV (2),    0.000651565,  0.000060474, -0.000000319,
VCV (3),   -0.000014969, -0.000000319,  0.000000149,
St.dev,     0.152360275,  0.007776492,  0.000385905,
Mean,     -0.094737252,  0.002274612, -0.000018115,
Cor (1),    1.000000000, -0.672400683, -0.660225745,
Cor (2),   -0.672400683,  1.000000000, -0.429455433,
Cor (3),   -0.660225745, -0.429455433,  1.000000000,
VCV (1),    0.012042602, -0.000743879, -0.000017568,
VCV (2),   -0.000743879,  0.000101631, -0.000001050,
VCV (3),   -0.000017568, -0.000001050,  0.000000059,
St.dev,     0.109738790,  0.010081238,  0.000242477,
AutoCor,    0.595985994,  0.026318358,  0.281667091,

No.; 2; Score; 67.153219760389;
Markow Autoregressive (lag 1) bivariate joint 3 asset model uncond. params
uMean,     -0.005698381, -0.000511966, -0.000022865,
VCV (1),    0.035319247,  0.000328294, -0.000000487,
VCV (2),    0.000328294,  0.000041244,  0.000000871,
VCV (3),   -0.000000487,  0.000000871,  0.000000252,
Cor (1),    1.000000000,  0.272004894, -0.005162344,
Cor (2),    0.272004894,  1.000000000,  0.270409538,
Cor (3),   -0.005162344,  0.270409538,  1.000000000,
St.dev,     0.187934155,  0.006422155,  0.000501746,
Skewness,   0.033078882, -0.079309824,  0.009413111,
Kurtosis,  -0.080995549,  0.244611290,  0.091462969,
AutoCor,    0.322710049,  0.127596635,  0.728455421,
Markow Autoregressive (lag 1) bivariate joint 3 asset model cond. params
uProb.,   0.364281099,  0.635718901,
Prob (1),   0.313040436,  0.686959564,
Prob (2),   0.393643141,  0.606356859,
Mean,     -0.111416591, -0.001306374, -0.000036901,
Cor (1),    1.000000000, -0.232527815, -0.622772608,
Cor (2),   -0.232527815,  1.000000000, -0.181664506,
Cor (3),   -0.622772608, -0.181664506,  1.000000000,
VCV (1),    0.021168748, -0.000252065, -0.000023376,
VCV (2),   -0.000252065,  0.000055511, -0.000000349,
VCV (3),   -0.000023376, -0.000000349,  0.000000067,
St.dev,     0.145494837,  0.007450572,  0.000257986,
Mean,      0.054880510, -0.000056752, -0.000014822,
Cor (1),    1.000000000,  0.625828082,  0.193959489,
Cor (2),    0.625828082,  1.000000000,  0.665454894,
Cor (3),    0.193959489,  0.665454894,  1.000000000,
VCV (1),    0.025631641,  0.000561647,  0.000011923,
VCV (2),    0.000561647,  0.000031422,  0.000001432,
VCV (3),    0.000011923,  0.000001432,  0.000000147,
St.dev,     0.160098849,  0.005605577,  0.000383974,
AutoCor,    0.412038656,  0.129438264,  0.728818389,

No.; 3; Score; 79.804398711216;
Markow Autoregressive (lag 1) bivariate joint 3 asset model uncond. params
uMean,     -0.007005202,  0.001257891, -0.000023471,
VCV (1),    0.036590458, -0.000174750,  0.000014214,
VCV (2),   -0.000174750,  0.000052075, -0.000000082,
VCV (3),    0.000014214, -0.000000082,  0.000000055,
Cor (1),    1.000000000, -0.126595244,  0.317248847,
Cor (2),   -0.126595244,  1.000000000, -0.048651089,
Cor (3),    0.317248847, -0.048651089,  1.000000000,
St.dev,     0.191286326,  0.007216303,  0.000234227,
Skewness,  -0.441792173, -0.007780209,  0.176707238,
Kurtosis,   0.688227685,  0.058451776,  1.638980700,
AutoCor,    0.072699595,  0.268072292,  0.028847900,
Markow Autoregressive (lag 1) bivariate joint 3 asset model cond. params
uProb.,   0.393715206,  0.606284794,
Prob (1),   0.099792481,  0.900207519,
Prob (2),   0.584585647,  0.415414353,
Mean,      0.061676247,  0.001424480, -0.000000250,
Cor (1),    1.000000000,  0.745221484,  0.904588111,
Cor (2),    0.745221484,  1.000000000,  0.181337293,
Cor (3),    0.904588111,  0.181337293,  1.000000000,
VCV (1),    0.009177876,  0.000445748,  0.000028030,
VCV (2),    0.000445748,  0.000038982,  0.000000366,
VCV (3),    0.000028030,  0.000000366,  0.000000105,
St.dev,     0.095801232,  0.006243576,  0.000323442,
Mean,     -0.051606239,  0.001149710, -0.000038550,
Cor (1),    1.000000000, -0.357197365,  0.105841924,
Cor (2),   -0.357197365,  1.000000000, -0.345066579,
Cor (3),    0.105841924, -0.345066579,  1.000000000,
VCV (1),    0.048494099, -0.000579981,  0.000003448,
VCV (2),   -0.000579981,  0.000054365, -0.000000376,
VCV (3),    0.000003448, -0.000000376,  0.000000022,
St.dev,     0.220213758,  0.007373285,  0.000147931,
AutoCor,    0.123635781,  0.268332928,  0.032147085,

No.; 4; Score; 89.880455703947;
Markow Autoregressive (lag 1) bivariate joint 3 asset model uncond. params
uMean,      0.001959114,  0.001106705,  0.000044205,
VCV (1),    0.034460177,  0.000748620,  0.000000668,
VCV (2),    0.000748620,  0.000114230,  0.000001170,
VCV (3),    0.000000668,  0.000001170,  0.000000600,
Cor (1),    1.000000000,  0.377323147,  0.004647316,
Cor (2),    0.377323147,  1.000000000,  0.141335870,
Cor (3),    0.004647316,  0.141335870,  1.000000000,
St.dev,     0.185634526,  0.010687828,  0.000774324,
Skewness,   0.001331993, -0.125891695,  0.057124943,
Kurtosis,  -0.088720806, -0.069216632,  0.161428893,
AutoCor,    0.440345192,  0.447098465,  0.906365750,
Markow Autoregressive (lag 1) bivariate joint 3 asset model cond. params
uProb.,   0.499642142,  0.500357858,
Prob (1),   0.584564690,  0.415435310,
Prob (2),   0.414841069,  0.585158931,
Mean,      0.087214818,  0.006103033, -0.000076777,
Cor (1),    1.000000000, -0.656489467,  0.347461943,
Cor (2),   -0.656489467,  1.000000000, -0.249951467,
Cor (3),    0.347461943, -0.249951467,  1.000000000,
VCV (1),    0.020084330, -0.000689557,  0.000007327,
VCV (2),   -0.000689557,  0.000054932, -0.000000276,
VCV (3),    0.000007327, -0.000000276,  0.000000022,
St.dev,     0.141719194,  0.007411629,  0.000148795,
Mean,     -0.083174640, -0.003882477,  0.000165014,
Cor (1),    1.000000000,  0.950312149,  0.077607863,
Cor (2),    0.950312149,  1.000000000,  0.634178177,
Cor (3),    0.077607863,  0.634178177,  1.000000000,
VCV (1),    0.020027244,  0.001160944,  0.000004213,
VCV (2),    0.001160944,  0.000074519,  0.000002100,
VCV (3),    0.000004213,  0.000002100,  0.000000147,
St.dev,     0.141517645,  0.008632456,  0.000383631,
AutoCor,    0.512553335,  0.524524271,  0.924771429,

No.; 5; Score; 239.37268285531;
Markow Autoregressive (lag 1) bivariate joint 3 asset model uncond. params
uMean,      0.004716200, -0.000722122,  0.000046461,
VCV (1),    0.028906571, -0.000386644,  0.000021365,
VCV (2),   -0.000386644,  0.000134546,  0.000000647,
VCV (3),    0.000021365,  0.000000647,  0.000000064,
Cor (1),    1.000000000, -0.196054902,  0.495079521,
Cor (2),   -0.196054902,  1.000000000,  0.219659043,
Cor (3),    0.495079521,  0.219659043,  1.000000000,
St.dev,     0.170019326,  0.011599407,  0.000253821,
Skewness,   0.192564764,  0.141578449, -0.237856176,
Kurtosis,   0.180629607,  0.560446255, -0.083187841,
AutoCor,    0.201343023,  0.859287182,  0.211599946,
Markow Autoregressive (lag 1) bivariate joint 3 asset model cond. params
uProb.,   0.222223435,  0.777776565,
Prob (1),   0.424258545,  0.575741455,
Prob (2),   0.164498713,  0.835501287,
Mean,      0.113018103,  0.002949266,  0.000223389,
Cor (1),    1.000000000, -0.424709572,  0.790390551,
Cor (2),   -0.424709572,  1.000000000, -0.104886362,
Cor (3),    0.790390551, -0.104886362,  1.000000000,
VCV (1),    0.031926668, -0.000694702,  0.000020187,
VCV (2),   -0.000694702,  0.000083803, -0.000000137,
VCV (3),    0.000020187, -0.000000137,  0.000000020,
St.dev,     0.178680351,  0.009154396,  0.000142943,
Mean,     -0.026227418, -0.001771097, -0.000004091,
Cor (1),    1.000000000, -0.580007710,  0.369373977,
Cor (2),   -0.580007710,  1.000000000,  0.545691915,
Cor (3),    0.369373977,  0.545691915,  1.000000000,
VCV (1),    0.022502364, -0.000335448,  0.000013856,
VCV (2),   -0.000335448,  0.000014865,  0.000000526,
VCV (3),    0.000013856,  0.000000526,  0.000000063,
St.dev,     0.150007879,  0.003855471,  0.000250063,
AutoCor,    0.193682407,  0.876953468,  0.203836216,

No.; 6; Score; 519.42361699182;
Markow Autoregressive (lag 1) bivariate joint 3 asset model uncond. params
uMean,     -0.001014927,  0.000563240, -0.000068243,
VCV (1),    0.041960793,  0.000738456,  0.000034941,
VCV (2),    0.000738456,  0.000107825,  0.000000742,
VCV (3),    0.000034941,  0.000000742,  0.000000044,
Cor (1),    1.000000000,  0.347171067,  0.813132122,
Cor (2),    0.347171067,  1.000000000,  0.340443996,
Cor (3),    0.813132122,  0.340443996,  1.000000000,
St.dev,     0.204843339,  0.010383872,  0.000209776,
Skewness,   0.471990434, -0.054983086,  0.070286847,
Kurtosis,   0.259987451,  0.118386216,  0.000358656,
AutoCor,    0.290913964,  0.631369992,  0.160829839,
Markow Autoregressive (lag 1) bivariate joint 3 asset model cond. params
uProb.,   0.410327142,  0.589672858,
Prob (1),   0.282785960,  0.717214040,
Prob (2),   0.499077383,  0.500922617,
Mean,     -0.105145003,  0.001803495, -0.000137474,
Cor (1),    1.000000000, -0.661485886,  0.700494429,
Cor (2),   -0.661485886,  1.000000000,  0.162288904,
Cor (3),    0.700494429,  0.162288904,  1.000000000,
VCV (1),    0.008397295, -0.000368682,  0.000011864,
VCV (2),   -0.000368682,  0.000036993,  0.000000182,
VCV (3),    0.000011864,  0.000000182,  0.000000034,
St.dev,     0.091636754,  0.006082220,  0.000184825,
Mean,      0.071444566, -0.000299799, -0.000020068,
Cor (1),    1.000000000,  0.695062365,  0.899838775,
Cor (2),    0.695062365,  1.000000000,  0.572412005,
Cor (3),    0.899838775,  0.572412005,  1.000000000,
VCV (1),    0.043083424,  0.001299835,  0.000038580,
VCV (2),    0.001299835,  0.000081174,  0.000001065,
VCV (3),    0.000038580,  0.000001065,  0.000000043,
St.dev,     0.207565470,  0.009009678,  0.000206556,
AutoCor,    0.402112797,  0.639869196,  0.191755395,

No.; 7; Score; 1037.3143314139;
Markow Autoregressive (lag 1) bivariate joint 3 asset model uncond. params
uMean,      0.000491885, -0.000273159,  0.000147397,
VCV (1),    0.046026041,  0.000383092,  0.000006354,
VCV (2),    0.000383092,  0.000044131,  0.000000732,
VCV (3),    0.000006354,  0.000000732,  0.000000085,
Cor (1),    1.000000000,  0.268800155,  0.101777185,
Cor (2),    0.268800155,  1.000000000,  0.378604543,
Cor (3),    0.101777185,  0.378604543,  1.000000000,
St.dev,     0.214536807,  0.006643110,  0.000291007,
Skewness,   0.060900831,  0.066087379,  0.085926597,
Kurtosis,   0.523870757,  0.166464383,  0.040282420,
AutoCor,    0.012814589,  0.715818726,  0.701036916,
Markow Autoregressive (lag 1) bivariate joint 3 asset model cond. params
uProb.,   0.815287305,  0.184712695,
Prob (1),   0.896503768,  0.103496232,
Prob (2),   0.456813022,  0.543186978,
Mean,     -0.004499560, -0.000623602,  0.000175199,
Cor (1),    1.000000000,  0.411136304,  0.383060110,
Cor (2),    0.411136304,  1.000000000,  0.432055619,
Cor (3),    0.383060110,  0.432055619,  1.000000000,
VCV (1),    0.036840149,  0.000334069,  0.000015636,
VCV (2),    0.000334069,  0.000017922,  0.000000389,
VCV (3),    0.000015636,  0.000000389,  0.000000045,
St.dev,     0.191937878,  0.004233406,  0.000212662,
Mean,      0.022523190,  0.001273633,  0.000024687,
Cor (1),    1.000000000,  0.312503656, -0.819291839,
Cor (2),    0.312503656,  1.000000000,  0.424951990,
Cor (3),   -0.819291839,  0.424951990,  1.000000000,
VCV (1),    0.085940939,  0.000540433, -0.000031614,
VCV (2),    0.000540433,  0.000034800,  0.000000330,
VCV (3),   -0.000031614,  0.000000330,  0.000000017,
St.dev,     0.293156851,  0.005899116,  0.000131624,
AutoCor,    0.011792230,  0.719252605,  0.712007258,

No.; 8; Score; 1816.2753250238;
Markow Autoregressive (lag 1) bivariate joint 3 asset model uncond. params
uMean,     -0.003618654,  0.000388703,  0.000203468,
VCV (1),    0.050681397, -0.000766218, -0.000017442,
VCV (2),   -0.000766218,  0.000062693,  0.000000443,
VCV (3),   -0.000017442,  0.000000443,  0.000000069,
Cor (1),    1.000000000, -0.429851233, -0.295489583,
Cor (2),   -0.429851233,  1.000000000,  0.213542112,
Cor (3),   -0.295489583,  0.213542112,  1.000000000,
St.dev,     0.225125291,  0.007917897,  0.000262202,
Skewness,   0.002385064, -0.732608202, -0.213819513,
Kurtosis,  -0.001095012,  2.487170183,  0.271103550,
AutoCor,    0.652806320,  0.244700955,  0.496604547,
Markow Autoregressive (lag 1) bivariate joint 3 asset model cond. params
uProb.,   0.869189308,  0.130810692,
Prob (1),   0.878875380,  0.121124620,
Prob (2),   0.804828892,  0.195171108,
Mean,      0.005746595,  0.001340032,  0.000238866,
Cor (1),    1.000000000, -0.888784345, -0.403209921,
Cor (2),   -0.888784345,  1.000000000,  0.234748214,
Cor (3),   -0.403209921,  0.234748214,  1.000000000,
VCV (1),    0.028606920, -0.000894153, -0.000013431,
VCV (2),   -0.000894153,  0.000035380,  0.000000275,
VCV (3),   -0.000013431,  0.000000275,  0.000000039,
St.dev,     0.169135803,  0.005948120,  0.000196950,
Mean,     -0.065847312, -0.005932532, -0.000031742,
Cor (1),    1.000000000,  0.344585228, -0.148011597,
Cor (2),    0.344585228,  1.000000000, -0.121845965,
Cor (3),   -0.148011597, -0.121845965,  1.000000000,
VCV (1),    0.026307540,  0.000725024, -0.000005977,
VCV (2),    0.000725024,  0.000168280, -0.000000394,
VCV (3),   -0.000005977, -0.000000394,  0.000000062,
St.dev,     0.162195993,  0.012972263,  0.000248962,
AutoCor,    0.659538914,  0.262807025,  0.554830810,

No.; 9; Score; 4228.9834754982;
Markow Autoregressive (lag 1) bivariate joint 3 asset model uncond. params
uMean,      0.000385235,  0.004803853, -0.000012246,
VCV (1),    0.061490128,  0.000096935, -0.000056416,
VCV (2),    0.000096935,  0.000069611, -0.000000378,
VCV (3),   -0.000056416, -0.000000378,  0.000000105,
Cor (1),    1.000000000,  0.046853579, -0.702314761,
Cor (2),    0.046853579,  1.000000000, -0.139932645,
Cor (3),   -0.702314761, -0.139932645,  1.000000000,
St.dev,     0.247972030,  0.008343291,  0.000323940,
Skewness,  -0.048326859,  0.010289726, -0.424501691,
Kurtosis,  -0.121536658,  0.001767982,  0.109853330,
AutoCor,    0.225985976,  0.143018940,  0.266379580,
Markow Autoregressive (lag 1) bivariate joint 3 asset model cond. params
uProb.,   0.668922359,  0.331077641,
Prob (1),   0.630619638,  0.369380362,
Prob (2),   0.746310690,  0.253689310,
Mean,      0.087816267,  0.003910832, -0.000107412,
Cor (1),    1.000000000,  0.289144531, -0.772019718,
Cor (2),    0.289144531,  1.000000000, -0.285481622,
Cor (3),   -0.772019718, -0.285481622,  1.000000000,
VCV (1),    0.041930015,  0.000479734, -0.000051150,
VCV (2),    0.000479734,  0.000065652, -0.000000748,
VCV (3),   -0.000051150, -0.000000748,  0.000000105,
St.dev,     0.204768199,  0.008102569,  0.000323560,
Mean,     -0.176263880,  0.006608150,  0.000180031,
Cor (1),    1.000000000, -0.148100570, -0.080058113,
Cor (2),   -0.148100570,  1.000000000, -0.055711031,
Cor (3),   -0.080058113, -0.055711031,  1.000000000,
VCV (1),    0.038227259, -0.000239084, -0.000002137,
VCV (2),   -0.000239084,  0.000068173, -0.000000063,
VCV (3),   -0.000002137, -0.000000063,  0.000000019,
St.dev,     0.195517925,  0.008256723,  0.000136540,
AutoCor,    0.340591496,  0.149149202,  0.347073011,

No.; 10; Score; 4917.2882873849;
Markow Autoregressive (lag 1) bivariate joint 3 asset model uncond. params
uMean,     -0.000842259,  0.000722695, -0.000025716,
VCV (1),    0.063923961, -0.001149867,  0.000013288,
VCV (2),   -0.001149867,  0.000098189,  0.000000524,
VCV (3),    0.000013288,  0.000000524,  0.000000098,
Cor (1),    1.000000000, -0.458970195,  0.168308370,
Cor (2),   -0.458970195,  1.000000000,  0.169318112,
Cor (3),    0.168308370,  0.169318112,  1.000000000,
St.dev,     0.252831883,  0.009909031,  0.000312266,
Skewness,   0.256186416, -0.601837625, -0.372375596,
Kurtosis,   0.727192160,  0.750987808,  0.075240359,
AutoCor,    0.406620756,  0.718869026,  0.340710906,
Markow Autoregressive (lag 1) bivariate joint 3 asset model cond. params
uProb.,   0.310174091,  0.689825909,
Prob (1),   0.960964832,  0.039035168,
Prob (2),   0.017551816,  0.982448184,
Mean,      0.066902698, -0.006199436,  0.000158329,
Cor (1),    1.000000000, -0.732964763, -0.448359283,
Cor (2),   -0.732964763,  1.000000000, -0.201091549,
Cor (3),   -0.448359283, -0.201091549,  1.000000000,
VCV (1),    0.090641977, -0.001920397, -0.000022846,
VCV (2),   -0.001920397,  0.000075733, -0.000000296,
VCV (3),   -0.000022846, -0.000000296,  0.000000029,
St.dev,     0.301068060,  0.008702484,  0.000169246,
Mean,     -0.031303177,  0.003835169, -0.000108469,
Cor (1),    1.000000000, -0.148158028,  0.343068261,
Cor (2),   -0.148158028,  1.000000000,  0.866817454,
Cor (3),    0.343068261,  0.866817454,  1.000000000,
VCV (1),    0.035369173, -0.000150765,  0.000020417,
VCV (2),   -0.000150765,  0.000029277,  0.000001484,
VCV (3),    0.000020417,  0.000001484,  0.000000100,
St.dev,     0.188066938,  0.005410828,  0.000316439,
AutoCor,    0.388714138,  0.655748698,  0.229147761,

No.; 11; Score; 5083.5246082792;
Markow Autoregressive (lag 1) bivariate joint 3 asset model uncond. params
uMean,      0.000664259, -0.001507482,  0.000125449,
VCV (1),    0.064473737,  0.000170307, -0.000058084,
VCV (2),    0.000170307,  0.000146317,  0.000002565,
VCV (3),   -0.000058084,  0.000002565,  0.000000159,
Cor (1),    1.000000000,  0.055448914, -0.573136232,
Cor (2),    0.055448914,  1.000000000,  0.531260756,
Cor (3),   -0.573136232,  0.531260756,  1.000000000,
St.dev,     0.253916792,  0.012096151,  0.000399124,
Skewness,  -0.121635503, -0.033967652,  0.081129955,
Kurtosis,   0.315026625,  0.124530188,  0.028312684,
AutoCor,    0.542058859,  0.383021538,  0.370572936,
Markow Autoregressive (lag 1) bivariate joint 3 asset model cond. params
uProb.,   0.079946526,  0.920053474,
Prob (1),   0.189846878,  0.810153122,
Prob (2),   0.070396917,  0.929603083,
Mean,     -0.126673968,  0.000730149, -0.000091719,
Cor (1),    1.000000000, -0.748092683, -0.557238748,
Cor (2),   -0.748092683,  1.000000000, -0.466098615,
Cor (3),   -0.557238748, -0.466098615,  1.000000000,
VCV (1),    0.096936440, -0.001083589, -0.000029768,
VCV (2),   -0.001083589,  0.000021644, -0.000000372,
VCV (3),   -0.000029768, -0.000000372,  0.000000029,
St.dev,     0.311346174,  0.004652277,  0.000171581,
Mean,      0.011729104, -0.001701918,  0.000144319,
Cor (1),    1.000000000,  0.114191311, -0.662275410,
Cor (2),    0.114191311,  1.000000000,  0.564142858,
Cor (3),   -0.662275410,  0.564142858,  1.000000000,
VCV (1),    0.039273469,  0.000261295, -0.000049480,
VCV (2),    0.000261295,  0.000133320,  0.000002456,
VCV (3),   -0.000049480,  0.000002456,  0.000000142,
St.dev,     0.198175350,  0.011546444,  0.000377000,
AutoCor,    0.551500685,  0.383807608,  0.377203767,

No.; 12; Score; 6665.7615047194;
Markow Autoregressive (lag 1) bivariate joint 3 asset model uncond. params
uMean,     -0.000031045,  0.001324788, -0.000041894,
VCV (1),    0.069902395, -0.000316246, -0.000033961,
VCV (2),   -0.000316246,  0.000037824,  0.000002070,
VCV (3),   -0.000033961,  0.000002070,  0.000000385,
Cor (1),    1.000000000, -0.194488105, -0.206959580,
Cor (2),   -0.194488105,  1.000000000,  0.542223433,
Cor (3),   -0.206959580,  0.542223433,  1.000000000,
St.dev,     0.264390610,  0.006150150,  0.000620645,
Skewness,  -0.299212284,  0.042676691, -0.004108419,
Kurtosis,   0.599769291, -0.063784689,  0.003004143,
AutoCor,    0.422796423,  0.379190944,  0.858114667,
Markow Autoregressive (lag 1) bivariate joint 3 asset model cond. params
uProb.,   0.234876042,  0.765123958,
Prob (1),   0.131441004,  0.868558996,
Prob (2),   0.266628300,  0.733371700,
Mean,     -0.120631457, -0.002546365,  0.000027836,
Cor (1),    1.000000000,  0.121239072, -0.857667852,
Cor (2),    0.121239072,  1.000000000,  0.831140986,
Cor (3),   -0.857667852,  0.831140986,  1.000000000,
VCV (1),    0.099301798,  0.000171140, -0.000076703,
VCV (2),    0.000171140,  0.000020066,  0.000001057,
VCV (3),   -0.000076703,  0.000001057,  0.000000081,
St.dev,     0.315121878,  0.004479501,  0.000283800,
Mean,      0.036990600,  0.002513146, -0.000063299,
Cor (1),    1.000000000, -0.515932865, -0.018934797,
Cor (2),   -0.515932865,  1.000000000,  0.811324854,
Cor (3),   -0.018934797,  0.811324854,  1.000000000,
VCV (1),    0.036876471, -0.000528493, -0.000001173,
VCV (2),   -0.000528493,  0.000028454,  0.000001397,
VCV (3),   -0.000001173,  0.000001397,  0.000000104,
St.dev,     0.192032474,  0.005334222,  0.000322733,
AutoCor,    0.460867825,  0.450413565,  0.861978531,

