Round No; 4; best result RLS; 59.05205101813

;;;
Statistical description of data for: Meginajums1
Calib/Tail/Per/Cur, 4176, 9999, 23, 0,
Title,    PE MARKET w  ,EQUITY LM SNP,REX BOND     ,
Mean,       0.000104436,  0.000075211,  0.000042226,
VCV (1),    0.033533792, -0.000018247, -0.000000770,
VCV (2),   -0.000018247,  0.000044333, -0.000000146,
VCV (3),   -0.000000770, -0.000000146,  0.000000045,
St.dev,     0.183122341,  0.006658326,  0.000210996,
Skewness,  -0.359429482, -0.013261914,  0.151860187,
Kurtosis,  20.092276212,  7.412958555, 34.388660560,
AutoCor,   -0.271804758, -0.019537378, -0.152000145,
No.; 1; Score; 59.05205101813;
Markow Autoregressive (lag 1) bivariate joint 3 asset model uncond. params
uMean,     -0.000226231, -0.000386505,  0.000188558,
VCV (1),    0.034421423, -0.000340964, -0.000012678,
VCV (2),   -0.000340964,  0.000055010,  0.000000582,
VCV (3),   -0.000012678,  0.000000582,  0.000000055,
Cor (1),    1.000000000, -0.247784719, -0.290646458,
Cor (2),   -0.247784719,  1.000000000,  0.333712282,
Cor (3),   -0.290646458,  0.333712282,  1.000000000,
St.dev,     0.185530114,  0.007416859,  0.000235111,
Skewness,  -0.007489539, -1.041789284, -0.446920413,
Kurtosis,  -0.008477269,  3.543209076,  0.755107796,
AutoCor,    0.675906114,  0.251133366,  0.509899636,
Markow Autoregressive (lag 1) bivariate joint 3 asset model cond. params
uProb.,   0.837140316,  0.162859684,
Prob (1),   0.853477145,  0.146522855,
Prob (2),   0.753164848,  0.246835152,
Mean,      0.019325630,  0.000816557,  0.000230900,
Cor (1),    1.000000000, -0.978178763, -0.507454229,
Cor (2),   -0.978178763,  1.000000000,  0.508485975,
Cor (3),   -0.507454229,  0.508485975,  1.000000000,
VCV (1),    0.016410616, -0.000603885, -0.000010014,
VCV (2),   -0.000603885,  0.000023225,  0.000000377,
VCV (3),   -0.000010014,  0.000000377,  0.000000024,
St.dev,     0.128103925,  0.004819183,  0.000154050,
Mean,     -0.100727783, -0.006570552, -0.000029089,
Cor (1),    1.000000000,  0.560694752, -0.295198386,
Cor (2),    0.560694752,  1.000000000, -0.096569681,
Cor (3),   -0.295198386, -0.096569681,  1.000000000,
VCV (1),    0.014260055,  0.000821858, -0.000008762,
VCV (2),    0.000821858,  0.000150667, -0.000000295,
VCV (3),   -0.000008762, -0.000000295,  0.000000062,
St.dev,     0.119415471,  0.012274660,  0.000248546,
AutoCor,    0.710753983,  0.274721292,  0.591845423,

No.; 2; Score; 66.447701860366;
Markow Autoregressive (lag 1) bivariate joint 3 asset model uncond. params
uMean,     -0.000119969, -0.000482182,  0.000041874,
VCV (1),    0.035801726, -0.000236343, -0.000014418,
VCV (2),   -0.000236343,  0.000086632, -0.000000815,
VCV (3),   -0.000014418, -0.000000815,  0.000000119,
Cor (1),    1.000000000, -0.134199607, -0.220980222,
Cor (2),   -0.134199607,  1.000000000, -0.253818149,
Cor (3),   -0.220980222, -0.253818149,  1.000000000,
St.dev,     0.189213441,  0.009307643,  0.000344837,
Skewness,   0.164181233,  0.201018699,  0.175800008,
Kurtosis,  -0.067330759,  0.169660138,  0.378675299,
AutoCor,    0.309755588, -0.029730779,  0.255471300,
Markow Autoregressive (lag 1) bivariate joint 3 asset model cond. params
uProb.,   0.529714635,  0.470285365,
Prob (1),   0.203651794,  0.796348206,
Prob (2),   0.896981556,  0.103018444,
Mean,      0.083882097, -0.002929688,  0.000095132,
Cor (1),    1.000000000,  0.549923282, -0.254589438,
Cor (2),    0.549923282,  1.000000000, -0.106428331,
Cor (3),   -0.254589438, -0.106428331,  1.000000000,
VCV (1),    0.023213653,  0.000651565, -0.000014969,
VCV (2),    0.000651565,  0.000060474, -0.000000319,
VCV (3),   -0.000014969, -0.000000319,  0.000000149,
St.dev,     0.152360275,  0.007776492,  0.000385905,
Mean,     -0.094737252,  0.002274612, -0.000018115,
Cor (1),    1.000000000, -0.672400683, -0.660225745,
Cor (2),   -0.672400683,  1.000000000, -0.429455433,
Cor (3),   -0.660225745, -0.429455433,  1.000000000,
VCV (1),    0.012042602, -0.000743879, -0.000017568,
VCV (2),   -0.000743879,  0.000101631, -0.000001050,
VCV (3),   -0.000017568, -0.000001050,  0.000000059,
St.dev,     0.109738790,  0.010081238,  0.000242477,
AutoCor,    0.595985994,  0.026318358,  0.281667091,

No.; 3; Score; 67.153219760389;
Markow Autoregressive (lag 1) bivariate joint 3 asset model uncond. params
uMean,     -0.005698381, -0.000511966, -0.000022865,
VCV (1),    0.035319247,  0.000328294, -0.000000487,
VCV (2),    0.000328294,  0.000041244,  0.000000871,
VCV (3),   -0.000000487,  0.000000871,  0.000000252,
Cor (1),    1.000000000,  0.272004894, -0.005162344,
Cor (2),    0.272004894,  1.000000000,  0.270409538,
Cor (3),   -0.005162344,  0.270409538,  1.000000000,
St.dev,     0.187934155,  0.006422155,  0.000501746,
Skewness,   0.033078882, -0.079309824,  0.009413111,
Kurtosis,  -0.080995549,  0.244611290,  0.091462969,
AutoCor,    0.322710049,  0.127596635,  0.728455421,
Markow Autoregressive (lag 1) bivariate joint 3 asset model cond. params
uProb.,   0.364281099,  0.635718901,
Prob (1),   0.313040436,  0.686959564,
Prob (2),   0.393643141,  0.606356859,
Mean,     -0.111416591, -0.001306374, -0.000036901,
Cor (1),    1.000000000, -0.232527815, -0.622772608,
Cor (2),   -0.232527815,  1.000000000, -0.181664506,
Cor (3),   -0.622772608, -0.181664506,  1.000000000,
VCV (1),    0.021168748, -0.000252065, -0.000023376,
VCV (2),   -0.000252065,  0.000055511, -0.000000349,
VCV (3),   -0.000023376, -0.000000349,  0.000000067,
St.dev,     0.145494837,  0.007450572,  0.000257986,
Mean,      0.054880510, -0.000056752, -0.000014822,
Cor (1),    1.000000000,  0.625828082,  0.193959489,
Cor (2),    0.625828082,  1.000000000,  0.665454894,
Cor (3),    0.193959489,  0.665454894,  1.000000000,
VCV (1),    0.025631641,  0.000561647,  0.000011923,
VCV (2),    0.000561647,  0.000031422,  0.000001432,
VCV (3),    0.000011923,  0.000001432,  0.000000147,
St.dev,     0.160098849,  0.005605577,  0.000383974,
AutoCor,    0.412038656,  0.129438264,  0.728818389,

No.; 4; Score; 72.73852368699;
Markow Autoregressive (lag 1) bivariate joint 3 asset model uncond. params
uMean,      0.000170063,  0.000228441,  0.000132621,
VCV (1),    0.031919418,  0.000452015,  0.000003653,
VCV (2),    0.000452015,  0.000083046,  0.000000762,
VCV (3),    0.000003653,  0.000000762,  0.000000042,
Cor (1),    1.000000000,  0.277630426,  0.099754375,
Cor (2),    0.277630426,  1.000000000,  0.408100667,
Cor (3),    0.099754375,  0.408100667,  1.000000000,
St.dev,     0.178660063,  0.009112930,  0.000204957,
Skewness,   0.090746139, -0.007504495,  0.104298399,
Kurtosis,   0.841457012, -0.014593516,  0.003991531,
AutoCor,    0.074940575,  0.782505477,  0.538890355,
Markow Autoregressive (lag 1) bivariate joint 3 asset model cond. params
uProb.,   0.808120418,  0.191879582,
Prob (1),   0.869981139,  0.130018861,
Prob (2),   0.547587684,  0.452412316,
Mean,     -0.004834639, -0.000894593,  0.000156912,
Cor (1),    1.000000000,  0.496691235,  0.450973106,
Cor (2),    0.496691235,  1.000000000,  0.600524836,
Cor (3),    0.450973106,  0.600524836,  1.000000000,
VCV (1),    0.023496447,  0.000400064,  0.000012105,
VCV (2),    0.000400064,  0.000027611,  0.000000553,
VCV (3),    0.000012105,  0.000000553,  0.000000031,
St.dev,     0.153285507,  0.005254627,  0.000175114,
Mean,      0.021247876,  0.004958214,  0.000030316,
Cor (1),    1.000000000,  0.355587075, -0.994699772,
Cor (2),    0.355587075,  1.000000000,  0.352598685,
Cor (3),   -0.994699772,  0.352598685,  1.000000000,
VCV (1),    0.065932980,  0.000412769, -0.000030166,
VCV (2),    0.000412769,  0.000020437,  0.000000188,
VCV (3),   -0.000030166,  0.000000188,  0.000000014,
St.dev,     0.256774180,  0.004520739,  0.000118107,
AutoCor,    0.074120074,  0.813945794,  0.552503333,

No.; 5; Score; 79.804398711216;
Markow Autoregressive (lag 1) bivariate joint 3 asset model uncond. params
uMean,     -0.007005202,  0.001257891, -0.000023471,
VCV (1),    0.036590458, -0.000174750,  0.000014214,
VCV (2),   -0.000174750,  0.000052075, -0.000000082,
VCV (3),    0.000014214, -0.000000082,  0.000000055,
Cor (1),    1.000000000, -0.126595244,  0.317248847,
Cor (2),   -0.126595244,  1.000000000, -0.048651089,
Cor (3),    0.317248847, -0.048651089,  1.000000000,
St.dev,     0.191286326,  0.007216303,  0.000234227,
Skewness,  -0.441792173, -0.007780209,  0.176707238,
Kurtosis,   0.688227685,  0.058451776,  1.638980700,
AutoCor,    0.072699595,  0.268072292,  0.028847900,
Markow Autoregressive (lag 1) bivariate joint 3 asset model cond. params
uProb.,   0.393715206,  0.606284794,
Prob (1),   0.099792481,  0.900207519,
Prob (2),   0.584585647,  0.415414353,
Mean,      0.061676247,  0.001424480, -0.000000250,
Cor (1),    1.000000000,  0.745221484,  0.904588111,
Cor (2),    0.745221484,  1.000000000,  0.181337293,
Cor (3),    0.904588111,  0.181337293,  1.000000000,
VCV (1),    0.009177876,  0.000445748,  0.000028030,
VCV (2),    0.000445748,  0.000038982,  0.000000366,
VCV (3),    0.000028030,  0.000000366,  0.000000105,
St.dev,     0.095801232,  0.006243576,  0.000323442,
Mean,     -0.051606239,  0.001149710, -0.000038550,
Cor (1),    1.000000000, -0.357197365,  0.105841924,
Cor (2),   -0.357197365,  1.000000000, -0.345066579,
Cor (3),    0.105841924, -0.345066579,  1.000000000,
VCV (1),    0.048494099, -0.000579981,  0.000003448,
VCV (2),   -0.000579981,  0.000054365, -0.000000376,
VCV (3),    0.000003448, -0.000000376,  0.000000022,
St.dev,     0.220213758,  0.007373285,  0.000147931,
AutoCor,    0.123635781,  0.268332928,  0.032147085,

No.; 6; Score; 89.880455703947;
Markow Autoregressive (lag 1) bivariate joint 3 asset model uncond. params
uMean,      0.001959114,  0.001106705,  0.000044205,
VCV (1),    0.034460177,  0.000748620,  0.000000668,
VCV (2),    0.000748620,  0.000114230,  0.000001170,
VCV (3),    0.000000668,  0.000001170,  0.000000600,
Cor (1),    1.000000000,  0.377323147,  0.004647316,
Cor (2),    0.377323147,  1.000000000,  0.141335870,
Cor (3),    0.004647316,  0.141335870,  1.000000000,
St.dev,     0.185634526,  0.010687828,  0.000774324,
Skewness,   0.001331993, -0.125891695,  0.057124943,
Kurtosis,  -0.088720806, -0.069216632,  0.161428893,
AutoCor,    0.440345192,  0.447098465,  0.906365750,
Markow Autoregressive (lag 1) bivariate joint 3 asset model cond. params
uProb.,   0.499642142,  0.500357858,
Prob (1),   0.584564690,  0.415435310,
Prob (2),   0.414841069,  0.585158931,
Mean,      0.087214818,  0.006103033, -0.000076777,
Cor (1),    1.000000000, -0.656489467,  0.347461943,
Cor (2),   -0.656489467,  1.000000000, -0.249951467,
Cor (3),    0.347461943, -0.249951467,  1.000000000,
VCV (1),    0.020084330, -0.000689557,  0.000007327,
VCV (2),   -0.000689557,  0.000054932, -0.000000276,
VCV (3),    0.000007327, -0.000000276,  0.000000022,
St.dev,     0.141719194,  0.007411629,  0.000148795,
Mean,     -0.083174640, -0.003882477,  0.000165014,
Cor (1),    1.000000000,  0.950312149,  0.077607863,
Cor (2),    0.950312149,  1.000000000,  0.634178177,
Cor (3),    0.077607863,  0.634178177,  1.000000000,
VCV (1),    0.020027244,  0.001160944,  0.000004213,
VCV (2),    0.001160944,  0.000074519,  0.000002100,
VCV (3),    0.000004213,  0.000002100,  0.000000147,
St.dev,     0.141517645,  0.008632456,  0.000383631,
AutoCor,    0.512553335,  0.524524271,  0.924771429,

No.; 7; Score; 239.37268285531;
Markow Autoregressive (lag 1) bivariate joint 3 asset model uncond. params
uMean,      0.004716200, -0.000722122,  0.000046461,
VCV (1),    0.028906571, -0.000386644,  0.000021365,
VCV (2),   -0.000386644,  0.000134546,  0.000000647,
VCV (3),    0.000021365,  0.000000647,  0.000000064,
Cor (1),    1.000000000, -0.196054902,  0.495079521,
Cor (2),   -0.196054902,  1.000000000,  0.219659043,
Cor (3),    0.495079521,  0.219659043,  1.000000000,
St.dev,     0.170019326,  0.011599407,  0.000253821,
Skewness,   0.192564764,  0.141578449, -0.237856176,
Kurtosis,   0.180629607,  0.560446255, -0.083187841,
AutoCor,    0.201343023,  0.859287182,  0.211599946,
Markow Autoregressive (lag 1) bivariate joint 3 asset model cond. params
uProb.,   0.222223435,  0.777776565,
Prob (1),   0.424258545,  0.575741455,
Prob (2),   0.164498713,  0.835501287,
Mean,      0.113018103,  0.002949266,  0.000223389,
Cor (1),    1.000000000, -0.424709572,  0.790390551,
Cor (2),   -0.424709572,  1.000000000, -0.104886362,
Cor (3),    0.790390551, -0.104886362,  1.000000000,
VCV (1),    0.031926668, -0.000694702,  0.000020187,
VCV (2),   -0.000694702,  0.000083803, -0.000000137,
VCV (3),    0.000020187, -0.000000137,  0.000000020,
St.dev,     0.178680351,  0.009154396,  0.000142943,
Mean,     -0.026227418, -0.001771097, -0.000004091,
Cor (1),    1.000000000, -0.580007710,  0.369373977,
Cor (2),   -0.580007710,  1.000000000,  0.545691915,
Cor (3),    0.369373977,  0.545691915,  1.000000000,
VCV (1),    0.022502364, -0.000335448,  0.000013856,
VCV (2),   -0.000335448,  0.000014865,  0.000000526,
VCV (3),    0.000013856,  0.000000526,  0.000000063,
St.dev,     0.150007879,  0.003855471,  0.000250063,
AutoCor,    0.193682407,  0.876953468,  0.203836216,

No.; 8; Score; 519.42361699182;
Markow Autoregressive (lag 1) bivariate joint 3 asset model uncond. params
uMean,     -0.001014927,  0.000563240, -0.000068243,
VCV (1),    0.041960793,  0.000738456,  0.000034941,
VCV (2),    0.000738456,  0.000107825,  0.000000742,
VCV (3),    0.000034941,  0.000000742,  0.000000044,
Cor (1),    1.000000000,  0.347171067,  0.813132122,
Cor (2),    0.347171067,  1.000000000,  0.340443996,
Cor (3),    0.813132122,  0.340443996,  1.000000000,
St.dev,     0.204843339,  0.010383872,  0.000209776,
Skewness,   0.471990434, -0.054983086,  0.070286847,
Kurtosis,   0.259987451,  0.118386216,  0.000358656,
AutoCor,    0.290913964,  0.631369992,  0.160829839,
Markow Autoregressive (lag 1) bivariate joint 3 asset model cond. params
uProb.,   0.410327142,  0.589672858,
Prob (1),   0.282785960,  0.717214040,
Prob (2),   0.499077383,  0.500922617,
Mean,     -0.105145003,  0.001803495, -0.000137474,
Cor (1),    1.000000000, -0.661485886,  0.700494429,
Cor (2),   -0.661485886,  1.000000000,  0.162288904,
Cor (3),    0.700494429,  0.162288904,  1.000000000,
VCV (1),    0.008397295, -0.000368682,  0.000011864,
VCV (2),   -0.000368682,  0.000036993,  0.000000182,
VCV (3),    0.000011864,  0.000000182,  0.000000034,
St.dev,     0.091636754,  0.006082220,  0.000184825,
Mean,      0.071444566, -0.000299799, -0.000020068,
Cor (1),    1.000000000,  0.695062365,  0.899838775,
Cor (2),    0.695062365,  1.000000000,  0.572412005,
Cor (3),    0.899838775,  0.572412005,  1.000000000,
VCV (1),    0.043083424,  0.001299835,  0.000038580,
VCV (2),    0.001299835,  0.000081174,  0.000001065,
VCV (3),    0.000038580,  0.000001065,  0.000000043,
St.dev,     0.207565470,  0.009009678,  0.000206556,
AutoCor,    0.402112797,  0.639869196,  0.191755395,

