Round No; 9; best result RLS; 22.1742645841

;;;
Statistical description of data for: Meginajums1
Calib/Tail/Per/Cur, 4176, 9999, 23, 0,
Title,    PE MARKET w  ,EQUITY LM SNP,REX BOND     ,
Mean,       0.000104436,  0.000075211,  0.000042226,
VCV (1),    0.033533792, -0.000018247, -0.000000770,
VCV (2),   -0.000018247,  0.000044333, -0.000000146,
VCV (3),   -0.000000770, -0.000000146,  0.000000045,
St.dev,     0.183122341,  0.006658326,  0.000210996,
Skewness,  -0.359429482, -0.013261914,  0.151860187,
Kurtosis,  20.092276212,  7.412958555, 34.388660560,
AutoCor,   -0.271804758, -0.019537378, -0.152000145,
No.; 1; Score; 22.1742645841;
Markow Autoregressive (lag 1) bivariate joint 3 asset model uncond. params
uMean,      0.000367329, -0.000168055,  0.000092654,
VCV (1),    0.033526823, -0.000077184, -0.000024564,
VCV (2),   -0.000077184,  0.000047079,  0.000000398,
VCV (3),   -0.000024564,  0.000000398,  0.000000050,
Cor (1),    1.000000000, -0.061434645, -0.597296286,
Cor (2),   -0.061434645,  1.000000000,  0.258081061,
Cor (3),   -0.597296286,  0.258081061,  1.000000000,
St.dev,     0.183103313,  0.006861435,  0.000224598,
Skewness,  -0.177376218, -0.009581215,  0.343088172,
Kurtosis,  -0.313730561,  0.010431431,  0.218480186,
AutoCor,    0.128530650,  0.105870972,  0.209695392,
Markow Autoregressive (lag 1) bivariate joint 3 asset model cond. params
uProb.,   0.527344200,  0.472655800,
Prob (1),   0.275019938,  0.724980062,
Prob (2),   0.808863514,  0.191136486,
Mean,      0.112963668, -0.000518349,  0.000007855,
Cor (1),    1.000000000, -0.999085966, -0.305866843,
Cor (2),   -0.999085966,  1.000000000,  0.731110733,
Cor (3),   -0.305866843,  0.731110733,  1.000000000,
VCV (1),    0.009244199, -0.000672813, -0.000004452,
VCV (2),   -0.000672813,  0.000049058,  0.000000775,
VCV (3),   -0.000004452,  0.000000775,  0.000000023,
St.dev,     0.096146757,  0.007004168,  0.000151389,
Mean,     -0.125256911,  0.000222771,  0.000187265,
Cor (1),    1.000000000,  0.839421932, -0.635760088,
Cor (2),    0.839421932,  1.000000000, -0.080753933,
Cor (3),   -0.635760088, -0.080753933,  1.000000000,
VCV (1),    0.015337713,  0.000685093, -0.000018155,
VCV (2),    0.000685093,  0.000043429, -0.000000123,
VCV (3),   -0.000018155, -0.000000123,  0.000000053,
St.dev,     0.123845523,  0.006590052,  0.000230578,
AutoCor,    0.611926248,  0.107736652,  0.350316868,

No.; 2; Score; 28.731022184364;
Markow Autoregressive (lag 1) bivariate joint 3 asset model uncond. params
uMean,     -0.000385670,  0.000146915,  0.000145699,
VCV (1),    0.033185858,  0.000295221, -0.000046731,
VCV (2),    0.000295221,  0.000054349,  0.000000607,
VCV (3),   -0.000046731,  0.000000607,  0.000000325,
Cor (1),    1.000000000,  0.219825157, -0.450221803,
Cor (2),    0.219825157,  1.000000000,  0.144626286,
Cor (3),   -0.450221803,  0.144626286,  1.000000000,
St.dev,     0.182169861,  0.007372146,  0.000569773,
Skewness,  -0.055185926, -0.020635511,  0.031990709,
Kurtosis,  -0.119514368, -0.129515027,  0.202210246,
AutoCor,    0.507004151,  0.663566735,  0.893257817,
Markow Autoregressive (lag 1) bivariate joint 3 asset model cond. params
uProb.,   0.423274196,  0.576725804,
Prob (1),   0.552247458,  0.447752542,
Prob (2),   0.328617336,  0.671382664,
Mean,      0.102767895,  0.004451134,  0.000190844,
Cor (1),    1.000000000, -0.985441278, -0.711585513,
Cor (2),   -0.985441278,  1.000000000, -0.107362589,
Cor (3),   -0.711585513, -0.107362589,  1.000000000,
VCV (1),    0.014194175, -0.000404067, -0.000028397,
VCV (2),   -0.000404067,  0.000011845, -0.000000124,
VCV (3),   -0.000028397, -0.000000124,  0.000000112,
St.dev,     0.119139308,  0.003441657,  0.000334960,
Mean,     -0.076092777, -0.003012065,  0.000112565,
Cor (1),    1.000000000,  0.507543440, -0.884235235,
Cor (2),    0.507543440,  1.000000000,  0.473553411,
Cor (3),   -0.884235235,  0.473553411,  1.000000000,
VCV (1),    0.018047226,  0.000269011, -0.000019799,
VCV (2),    0.000269011,  0.000015566,  0.000000311,
VCV (3),   -0.000019799,  0.000000311,  0.000000028,
St.dev,     0.134339963,  0.003945408,  0.000166673,
AutoCor,    0.594211064,  0.810353398,  0.896357488,

No.; 3; Score; 34.574115277449;
Markow Autoregressive (lag 1) bivariate joint 3 asset model uncond. params
uMean,      0.000410552, -0.000300156,  0.000071666,
VCV (1),    0.033557037, -0.000961052, -0.000004892,
VCV (2),   -0.000961052,  0.000070743,  0.000001146,
VCV (3),   -0.000004892,  0.000001146,  0.000000096,
Cor (1),    1.000000000, -0.623754366, -0.086218050,
Cor (2),   -0.623754366,  1.000000000,  0.440003004,
Cor (3),   -0.086218050,  0.440003004,  1.000000000,
St.dev,     0.183185798,  0.008410883,  0.000309730,
Skewness,   0.011801402,  0.183932555, -0.016235330,
Kurtosis,   0.122672379, -0.044609328,  0.030183678,
AutoCor,    0.594975301,  0.572968628,  0.084462125,
Markow Autoregressive (lag 1) bivariate joint 3 asset model cond. params
uProb.,   0.325510212,  0.674489788,
Prob (1),   0.421982753,  0.578017247,
Prob (2),   0.278952358,  0.721047642,
Mean,      0.005894001, -0.005209345,  0.000095380,
Cor (1),    1.000000000, -0.683115316,  0.732108856,
Cor (2),   -0.683115316,  1.000000000,  0.386615256,
Cor (3),    0.732108856,  0.386615256,  1.000000000,
VCV (1),    0.030330781, -0.000463946,  0.000036254,
VCV (2),   -0.000463946,  0.000015208,  0.000000429,
VCV (3),    0.000036254,  0.000000429,  0.000000081,
St.dev,     0.174157344,  0.003899704,  0.000284338,
Mean,     -0.002235773,  0.002069030,  0.000060222,
Cor (1),    1.000000000, -0.733664459, -0.580208366,
Cor (2),   -0.733664459,  1.000000000,  0.710878792,
Cor (3),   -0.580208366,  0.710878792,  1.000000000,
VCV (1),    0.017476669, -0.000631599, -0.000024473,
VCV (2),   -0.000631599,  0.000042406,  0.000001477,
VCV (3),   -0.000024473,  0.000001477,  0.000000102,
St.dev,     0.132199354,  0.006511999,  0.000319065,
AutoCor,    0.595170819,  0.657562326,  0.084295971,

