Round No; 1; best result RLS; 5687.3998168854

;;;
Statistical description of data for: Meginajums1
Calib/Tail/Per/Cur, 4176, 9999, 23, 0,
Title,    PE MARKET w  ,EQUITY LM SNP,REX BOND     ,
Mean,       0.000104436,  0.000075211,  0.000042226,
VCV (1),    0.033533792, -0.000018247, -0.000000770,
VCV (2),   -0.000018247,  0.000044333, -0.000000146,
VCV (3),   -0.000000770, -0.000000146,  0.000000045,
St.dev,     0.183122341,  0.006658326,  0.000210996,
Skewness,  -0.359429482, -0.013261914,  0.151860187,
Kurtosis,  20.092276212,  7.412958555, 34.388660560,
AutoCor,   -0.271804758, -0.019537378, -0.152000145,
No.; 1; Score; 5687.3998168854;
Markow Autoregressive (lag 1) bivariate joint 3 asset model uncond. params
uMean,      0.054323736, -0.001548422,  0.000053365,
VCV (1),    0.027815831,  0.000496939,  0.000348134,
VCV (2),    0.000496939,  0.001622228, -0.000082443,
VCV (3),    0.000348134, -0.000082443,  0.000021094,
Cor (1),    1.000000000,  0.073977753,  0.454487027,
Cor (2),    0.073977753,  1.000000000, -0.445673529,
Cor (3),    0.454487027, -0.445673529,  1.000000000,
St.dev,     0.166780787,  0.040276888,  0.004592813,
Skewness,   0.036929824, -0.035596817,  0.014157976,
Kurtosis,  -0.023881918,  0.384803467,  0.642220200,
AutoCor,    0.511652771,  0.158777815,  0.301167605,
Markow Autoregressive (lag 1) bivariate joint 3 asset model cond. params
uProb.,   0.333732138,  0.666267862,
Prob (1),   0.365890352,  0.634109648,
Prob (2),   0.317624158,  0.682375842,
Mean,      0.139567252, -0.003437181,  0.000119837,
Cor (1),    1.000000000, -0.086810516,  0.136339556,
Cor (2),   -0.086810516,  1.000000000, -0.840591684,
Cor (3),    0.136339556, -0.840591684,  1.000000000,
VCV (1),    0.016129942, -0.000539833,  0.000099243,
VCV (2),   -0.000539833,  0.002397403, -0.000235895,
VCV (3),    0.000099243, -0.000235895,  0.000032849,
St.dev,     0.127003711,  0.048963279,  0.005731429,
Mean,      0.011625442, -0.000602347,  0.000020069,
Cor (1),    1.000000000,  0.244821172,  0.852136403,
Cor (2),    0.244821172,  1.000000000,  0.003607616,
Cor (3),    0.852136403,  0.003607616,  1.000000000,
VCV (1),    0.015940125,  0.001057208,  0.000377787,
VCV (2),    0.001057208,  0.001169854,  0.000000433,
VCV (3),    0.000377787,  0.000000433,  0.000012331,
St.dev,     0.126254209,  0.034203122,  0.003511491,
AutoCor,    0.581416466,  0.158899680,  0.301194143,

No.; 2; Score; 6232.7812053852;
Markow Autoregressive (lag 1) bivariate joint 3 asset model uncond. params
uMean,      0.058053281, -0.006030734,  0.000187334,
VCV (1),    0.037664249,  0.001933967, -0.000111997,
VCV (2),    0.001933967,  0.001976747, -0.000059857,
VCV (3),   -0.000111997, -0.000059857,  0.000004743,
Cor (1),    1.000000000,  0.224134560, -0.264973350,
Cor (2),    0.224134560,  1.000000000, -0.618156816,
Cor (3),   -0.264973350, -0.618156816,  1.000000000,
St.dev,     0.194072793,  0.044460618,  0.002177909,
Skewness,  -1.286619395, -0.007289767,  0.004874943,
Kurtosis,   1.052582985, -0.000688552,  0.046080673,
AutoCor,    0.028193784,  0.452212273,  0.453361886,
Markow Autoregressive (lag 1) bivariate joint 3 asset model cond. params
uProb.,   0.160185010,  0.839814990,
Prob (1),   0.018793547,  0.981206453,
Prob (2),   0.187153799,  0.812846201,
Mean,     -0.327877512,  0.004664985,  0.000120676,
Cor (1),    1.000000000, -0.793843854, -0.534620719,
Cor (2),   -0.793843854,  1.000000000,  0.985964462,
Cor (3),   -0.534620719,  0.985964462,  1.000000000,
VCV (1),    0.008134739, -0.002681341, -0.000074700,
VCV (2),   -0.002681341,  0.001402460,  0.000057201,
VCV (3),   -0.000074700,  0.000057201,  0.000002400,
St.dev,     0.090192790,  0.037449427,  0.001549175,
Mean,      0.131665123, -0.008070819,  0.000200048,
Cor (1),    1.000000000,  0.996545404, -0.595208235,
Cor (2),    0.996545404,  1.000000000, -0.845353723,
Cor (3),   -0.595208235, -0.845353723,  1.000000000,
VCV (1),    0.005073672,  0.002812226, -0.000085089,
VCV (2),    0.002812226,  0.001569582, -0.000067216,
VCV (3),   -0.000085089, -0.000067216,  0.000004028,
St.dev,     0.071229714,  0.039617947,  0.002006989,
AutoCor,    0.631523288,  0.459138878,  0.453472991,

No.; 3; Score; 7435.8395449939;
Markow Autoregressive (lag 1) bivariate joint 3 asset model uncond. params
uMean,      0.078345394,  0.009262780,  0.000195304,
VCV (1),    0.047540600,  0.000244096, -0.000008480,
VCV (2),    0.000244096,  0.001013702,  0.000008082,
VCV (3),   -0.000008480,  0.000008082,  0.000001170,
Cor (1),    1.000000000,  0.035161971, -0.035952452,
Cor (2),    0.035161971,  1.000000000,  0.234673997,
Cor (3),   -0.035952452,  0.234673997,  1.000000000,
St.dev,     0.218038071,  0.031838683,  0.001081709,
Skewness,   1.280834917, -0.004698702, -0.163892265,
Kurtosis,   3.283156203,  0.479011212,  0.649901975,
AutoCor,    0.308173266,  0.046148238,  0.696630669,
Markow Autoregressive (lag 1) bivariate joint 3 asset model cond. params
uProb.,   0.808157901,  0.191842099,
Prob (1),   0.807858588,  0.192141412,
Prob (2),   0.809418790,  0.190581210,
Mean,      0.024408258,  0.009201980,  0.000269192,
Cor (1),    1.000000000, -0.104265563, -0.808500383,
Cor (2),   -0.104265563,  1.000000000,  0.327978089,
Cor (3),   -0.808500383,  0.327978089,  1.000000000,
VCV (1),    0.012819859, -0.000410465, -0.000054261,
VCV (2),   -0.000410465,  0.001208894,  0.000006759,
VCV (3),   -0.000054261,  0.000006759,  0.000000351,
St.dev,     0.113224815,  0.034769146,  0.000592747,
Mean,      0.305562064,  0.009518910, -0.000115962,
Cor (1),    1.000000000,  0.691365480,  0.679942759,
Cor (2),    0.691365480,  1.000000000,  0.757655703,
Cor (3),    0.679942759,  0.757655703,  1.000000000,
VCV (1),    0.098131215,  0.002906472,  0.000259099,
VCV (2),    0.002906472,  0.000180098,  0.000012368,
VCV (3),    0.000259099,  0.000012368,  0.000001480,
St.dev,     0.313259023,  0.013420072,  0.001216438,
AutoCor,    0.415751355,  0.046148971,  0.710629240,

No.; 4; Score; 12586.061956703;
Markow Autoregressive (lag 1) bivariate joint 3 asset model uncond. params
uMean,      0.053829167, -0.010303940, -0.000301249,
VCV (1),    0.016407776,  0.000119617,  0.000012352,
VCV (2),    0.000119617,  0.000297427,  0.000016138,
VCV (3),    0.000012352,  0.000016138,  0.000004320,
Cor (1),    1.000000000,  0.054147302,  0.046393616,
Cor (2),    0.054147302,  1.000000000,  0.450210725,
Cor (3),    0.046393616,  0.450210725,  1.000000000,
St.dev,     0.128092842,  0.017246073,  0.002078516,
Skewness,   0.304020112,  0.233147523,  0.079930598,
Kurtosis,  -0.184269282,  7.416869444, 15.440066571,
AutoCor,    0.399510399,  0.692775198,  0.378544943,
Markow Autoregressive (lag 1) bivariate joint 3 asset model cond. params
uProb.,   0.128046310,  0.871953690,
Prob (1),   0.165093441,  0.834906559,
Prob (2),   0.122605943,  0.877394057,
Mean,      0.264811949, -0.007758674, -0.000236879,
Cor (1),    1.000000000,  0.104561567,  0.305556703,
Cor (2),    0.104561567,  1.000000000,  0.499824800,
Cor (3),    0.305556703,  0.499824800,  1.000000000,
VCV (1),    0.000193746,  0.000050337,  0.000022847,
VCV (2),    0.000050337,  0.001196174,  0.000092860,
VCV (3),    0.000022847,  0.000092860,  0.000028855,
St.dev,     0.013919280,  0.034585755,  0.005371718,
Mean,      0.022846368, -0.010677712, -0.000310702,
Cor (1),    1.000000000,  0.529828303,  0.858032055,
Cor (2),    0.529828303,  1.000000000, -0.503998309,
Cor (3),    0.858032055, -0.503998309,  1.000000000,
VCV (1),    0.006713780,  0.000018695,  0.000005664,
VCV (2),    0.000018695,  0.000000185, -0.000000017,
VCV (3),    0.000005664, -0.000000017,  0.000000006,
St.dev,     0.081937658,  0.000430641,  0.000080559,
AutoCor,    0.635941868,  0.694861881,  0.378592281,

No.; 5; Score; 18878.624750056;
Markow Autoregressive (lag 1) bivariate joint 3 asset model uncond. params
uMean,     -0.078953475,  0.007125343,  0.000143441,
VCV (1),    0.013301640, -0.000272222,  0.000100997,
VCV (2),   -0.000272222,  0.000292701, -0.000011005,
VCV (3),    0.000100997, -0.000011005,  0.000010923,
Cor (1),    1.000000000, -0.137961388,  0.264961286,
Cor (2),   -0.137961388,  1.000000000, -0.194623878,
Cor (3),    0.264961286, -0.194623878,  1.000000000,
St.dev,     0.115332736,  0.017108520,  0.003305013,
Skewness,  -0.059077063, -0.094049771, -0.066814961,
Kurtosis,  -0.401223531,  0.573124543,  0.476619631,
AutoCor,    0.453322183,  0.097424175,  0.067451336,
Markow Autoregressive (lag 1) bivariate joint 3 asset model cond. params
uProb.,   0.644240741,  0.355759259,
Prob (1),   0.631742831,  0.368257169,
Prob (2),   0.666873076,  0.333126924,
Mean,     -0.021680203,  0.006217725,  0.000281106,
Cor (1),    1.000000000, -0.085369915,  0.756469412,
Cor (2),   -0.085369915,  1.000000000, -0.516126424,
Cor (3),    0.756469412, -0.516126424,  1.000000000,
VCV (1),    0.002684897, -0.000086703,  0.000108188,
VCV (2),   -0.000086703,  0.000384179, -0.000027922,
VCV (3),    0.000108188, -0.000027922,  0.000007618,
St.dev,     0.051815987,  0.019600476,  0.002760106,
Mean,     -0.182669046,  0.008768939, -0.000105855,
Cor (1),    1.000000000, -0.904555265,  0.266217327,
Cor (2),   -0.904555265,  1.000000000,  0.467514750,
Cor (3),    0.266217327,  0.467514750,  1.000000000,
VCV (1),    0.000969201, -0.000301956,  0.000033839,
VCV (2),   -0.000301956,  0.000114975,  0.000020468,
VCV (3),    0.000033839,  0.000020468,  0.000016671,
St.dev,     0.031131992,  0.010722650,  0.004083003,
AutoCor,    0.847462930,  0.098103201,  0.067774653,

No.; 6; Score; 23545.644128627;
Markow Autoregressive (lag 1) bivariate joint 3 asset model uncond. params
uMean,      0.000312558, -0.004783285, -0.000070043,
VCV (1),    0.023493009,  0.002162499, -0.000143199,
VCV (2),    0.002162499,  0.005973207, -0.000049484,
VCV (3),   -0.000143199, -0.000049484,  0.000002246,
Cor (1),    1.000000000,  0.182550377, -0.623439726,
Cor (2),    0.182550377,  1.000000000, -0.427255491,
Cor (3),   -0.623439726, -0.427255491,  1.000000000,
St.dev,     0.153274295,  0.077286524,  0.001498570,
Skewness,   0.159035419,  0.164756168, -0.025894269,
Kurtosis,   0.447859584,  0.745434158,  0.103376348,
AutoCor,    0.452781486,  0.211285163,  0.846294639,
Markow Autoregressive (lag 1) bivariate joint 3 asset model cond. params
uProb.,   0.607404970,  0.392595030,
Prob (1),   0.691793425,  0.308206575,
Prob (2),   0.476843034,  0.523156966,
Mean,      0.017332357, -0.011683719, -0.000149698,
Cor (1),    1.000000000,  0.532729965, -0.978957796,
Cor (2),    0.532729965,  1.000000000, -0.946728706,
Cor (3),   -0.978957796, -0.946728706,  1.000000000,
VCV (1),    0.025197061,  0.004852561, -0.000141074,
VCV (2),    0.004852561,  0.003292895, -0.000049320,
VCV (3),   -0.000141074, -0.000049320,  0.000000824,
St.dev,     0.158735821,  0.057383754,  0.000907834,
Mean,     -0.026019693,  0.005892749,  0.000053197,
Cor (1),    1.000000000, -0.254713248, -0.032326616,
Cor (2),   -0.254713248,  1.000000000, -0.535797317,
Cor (3),   -0.032326616, -0.535797317,  1.000000000,
VCV (1),    0.007434013, -0.002113551, -0.000001563,
VCV (2),   -0.002113551,  0.009261877, -0.000028910,
VCV (3),   -0.000001563, -0.000028910,  0.000000314,
St.dev,     0.086220723,  0.096238647,  0.000560656,
AutoCor,    0.457406759,  0.211239395,  0.849066549,

No.; 7; Score; 28791.18859264;
Markow Autoregressive (lag 1) bivariate joint 3 asset model uncond. params
uMean,      0.044713426,  0.005580270,  0.000247044,
VCV (1),    0.070712511,  0.000010437, -0.000296320,
VCV (2),    0.000010437,  0.000623571, -0.000016835,
VCV (3),   -0.000296320, -0.000016835,  0.000002559,
Cor (1),    1.000000000,  0.001571697, -0.696555525,
Cor (2),    0.001571697,  1.000000000, -0.421428650,
Cor (3),   -0.696555525, -0.421428650,  1.000000000,
St.dev,     0.265918241,  0.024971402,  0.001599768,
Skewness,   0.486958264, -0.309059983, -0.051642651,
Kurtosis,   0.405407844,  0.863594066,  0.440687614,
AutoCor,   -0.015549798,  0.261137680,  0.280750243,
Markow Autoregressive (lag 1) bivariate joint 3 asset model cond. params
uProb.,   0.569630293,  0.430369707,
Prob (1),   0.512218873,  0.487781127,
Prob (2),   0.645619107,  0.354380893,
Mean,      0.134550682,  0.009808147,  0.000184458,
Cor (1),    1.000000000, -0.278897539, -0.752144372,
Cor (2),   -0.278897539,  1.000000000, -0.334901493,
Cor (3),   -0.752144372, -0.334901493,  1.000000000,
VCV (1),    0.086567966, -0.001339176, -0.000396600,
VCV (2),   -0.001339176,  0.000266335, -0.000009795,
VCV (3),   -0.000396600, -0.000009795,  0.000003212,
St.dev,     0.294224346,  0.016319787,  0.001792145,
Mean,     -0.074193694, -0.000015678,  0.000329882,
Cor (1),    1.000000000,  0.130658595, -0.835898899,
Cor (2),    0.130658595,  1.000000000, -0.663936451,
Cor (3),   -0.835898899, -0.663936451,  1.000000000,
VCV (1),    0.024901198,  0.000630356, -0.000145274,
VCV (2),    0.000630356,  0.000934706, -0.000022356,
VCV (3),   -0.000145274, -0.000022356,  0.000001213,
St.dev,     0.157801136,  0.030572961,  0.001101347,
AutoCor,    0.005421514,  0.276697234,  0.281590923,

No.; 8; Score; 31779.206277773;
Markow Autoregressive (lag 1) bivariate joint 3 asset model uncond. params
uMean,     -0.053383865, -0.001719176,  0.000125297,
VCV (1),    0.039977109,  0.013978586,  0.000111524,
VCV (2),    0.013978586,  0.008863515, -0.000022579,
VCV (3),    0.000111524, -0.000022579,  0.000002908,
Cor (1),    1.000000000,  0.742599365,  0.327108627,
Cor (2),    0.742599365,  1.000000000, -0.140647483,
Cor (3),    0.327108627, -0.140647483,  1.000000000,
St.dev,     0.199942764,  0.094146243,  0.001705188,
Skewness,  -0.068658488, -0.167405879,  0.090230103,
Kurtosis,   0.017843761,  0.598158354,  0.434724886,
AutoCor,    0.585301521,  0.525513481,  0.690317440,
Markow Autoregressive (lag 1) bivariate joint 3 asset model cond. params
uProb.,   0.524726440,  0.475273560,
Prob (1),   0.242044496,  0.757955504,
Prob (2),   0.836821836,  0.163178164,
Mean,     -0.101671113, -0.013227609, -0.000015546,
Cor (1),    1.000000000,  0.990163971,  0.736843057,
Cor (2),    0.990163971,  1.000000000, -0.144497126,
Cor (3),    0.736843057, -0.144497126,  1.000000000,
VCV (1),    0.025226902,  0.016077212,  0.000056587,
VCV (2),    0.016077212,  0.010450650, -0.000007142,
VCV (3),    0.000056587, -0.000007142,  0.000000234,
St.dev,     0.158829788,  0.102228422,  0.000483513,
Mean,     -0.000072260,  0.010986725,  0.000280795,
Cor (1),    1.000000000,  0.036176631,  0.255561082,
Cor (2),    0.036176631,  1.000000000, -0.382560298,
Cor (3),    0.255561082, -0.382560298,  1.000000000,
VCV (1),    0.015884308,  0.000168732,  0.000054260,
VCV (2),    0.000168732,  0.001369528, -0.000023850,
VCV (3),    0.000054260, -0.000023850,  0.000002838,
St.dev,     0.126032963,  0.037007128,  0.001684610,
AutoCor,    0.666521091,  0.544305393,  0.700070333,

No.; 9; Score; 38469.431700689;
Markow Autoregressive (lag 1) bivariate joint 3 asset model uncond. params
uMean,      0.045294941, -0.008139662,  0.000054447,
VCV (1),    0.059310538,  0.011405996,  0.000107657,
VCV (2),    0.011405996,  0.007033821, -0.000049047,
VCV (3),    0.000107657, -0.000049047,  0.000001038,
Cor (1),    1.000000000,  0.558433700,  0.433828154,
Cor (2),    0.558433700,  1.000000000, -0.573926410,
Cor (3),    0.433828154, -0.573926410,  1.000000000,
St.dev,     0.243537550,  0.083867876,  0.001018968,
Skewness,  -0.082676446,  0.039585064, -0.300615774,
Kurtosis,   0.492848656,  0.346088740,  0.589352004,
AutoCor,    0.336697823,  0.701267432,  0.547936256,
Markow Autoregressive (lag 1) bivariate joint 3 asset model cond. params
uProb.,   0.458225193,  0.541774807,
Prob (1),   0.357459853,  0.642540147,
Prob (2),   0.543451041,  0.456548959,
Mean,      0.027151118, -0.012195735,  0.000316603,
Cor (1),    1.000000000,  0.556400798,  0.311145693,
Cor (2),    0.556400798,  1.000000000, -0.987255562,
Cor (3),    0.311145693, -0.987255562,  1.000000000,
VCV (1),    0.078719209,  0.005110908,  0.000030774,
VCV (2),    0.005110908,  0.001071864, -0.000011394,
VCV (3),    0.000030774, -0.000011394,  0.000000124,
St.dev,     0.280569437,  0.032739341,  0.000352522,
Mean,      0.060640722, -0.004709096, -0.000167282,
Cor (1),    1.000000000,  0.895301428,  0.776026107,
Cor (2),    0.895301428,  1.000000000, -0.543636486,
Cor (3),    0.776026107, -0.543636486,  1.000000000,
VCV (1),    0.029847129,  0.011622901,  0.000138758,
VCV (2),    0.011622901,  0.005646612, -0.000042280,
VCV (3),    0.000138758, -0.000042280,  0.000001071,
St.dev,     0.172763216,  0.075143942,  0.001034975,
AutoCor,    0.339163140,  0.703026127,  0.591460872,

No.; 10; Score; 39460.963571041;
Markow Autoregressive (lag 1) bivariate joint 3 asset model uncond. params
uMean,     -0.022148232,  0.006314570,  0.000147932,
VCV (1),    0.054930024, -0.006521062,  0.000376624,
VCV (2),   -0.006521062,  0.008392237,  0.000224076,
VCV (3),    0.000376624,  0.000224076,  0.000018469,
Cor (1),    1.000000000, -0.303720828,  0.373917317,
Cor (2),   -0.303720828,  1.000000000,  0.569154484,
Cor (3),    0.373917317,  0.569154484,  1.000000000,
St.dev,     0.234371551,  0.091609154,  0.004297612,
Skewness,   0.361161396,  0.065341864, -0.017697450,
Kurtosis,   0.532001090,  2.168728959,  0.061100086,
AutoCor,    0.438454439,  0.392542735,  0.567696844,
Markow Autoregressive (lag 1) bivariate joint 3 asset model cond. params
uProb.,   0.540053509,  0.459946491,
Prob (1),   0.934814465,  0.065185535,
Prob (2),   0.076538636,  0.923461364,
Mean,     -0.084679952,  0.008487013, -0.000018263,
Cor (1),    1.000000000, -0.568035232,  0.807081554,
Cor (2),   -0.568035232,  1.000000000,  0.646091230,
Cor (3),    0.807081554,  0.646091230,  1.000000000,
VCV (1),    0.024266053, -0.010008883,  0.000474497,
VCV (2),   -0.010008883,  0.012794446,  0.000275817,
VCV (3),    0.000474497,  0.000275817,  0.000014244,
St.dev,     0.155775649,  0.113112539,  0.003774123,
Mean,      0.051274385,  0.003763761,  0.000343072,
Cor (1),    1.000000000,  0.018112810,  0.067932583,
Cor (2),    0.018112810,  1.000000000,  0.853902565,
Cor (3),    0.067932583,  0.853902565,  1.000000000,
VCV (1),    0.063426965,  0.000091913,  0.000055346,
VCV (2),    0.000091913,  0.000405985,  0.000055659,
VCV (3),    0.000055346,  0.000055659,  0.000010465,
St.dev,     0.251847107,  0.020149058,  0.003234960,
AutoCor,    0.400163846,  0.392235003,  0.567185707,

No.; 11; Score; 46959.945246719;
Markow Autoregressive (lag 1) bivariate joint 3 asset model uncond. params
uMean,      0.026562156,  0.004955182, -0.000346132,
VCV (1),    0.057745905, -0.008007650, -0.000007630,
VCV (2),   -0.008007650,  0.009707326,  0.000102902,
VCV (3),   -0.000007630,  0.000102902,  0.000027250,
Cor (1),    1.000000000, -0.338216431, -0.006082559,
Cor (2),   -0.338216431,  1.000000000,  0.200072477,
Cor (3),   -0.006082559,  0.200072477,  1.000000000,
St.dev,     0.240303778,  0.098525764,  0.005220172,
Skewness,  -0.074795673,  0.030528294, -0.005533075,
Kurtosis,   0.030676987,  0.124587482,  0.159911332,
AutoCor,    0.805069603,  0.074675485,  0.402822233,
Markow Autoregressive (lag 1) bivariate joint 3 asset model cond. params
uProb.,   0.931637263,  0.068362737,
Prob (1),   0.943358828,  0.056641172,
Prob (2),   0.771897514,  0.228102486,
Mean,      0.047422146,  0.006252859, -0.000357568,
Cor (1),    1.000000000, -0.728650052, -0.002291759,
Cor (2),   -0.728650052,  1.000000000,  0.213661704,
Cor (3),   -0.002291759,  0.213661704,  1.000000000,
VCV (1),    0.012443307, -0.008203951, -0.000001264,
VCV (2),   -0.008203951,  0.010187610,  0.000106665,
VCV (3),   -0.000001264,  0.000106665,  0.000024464,
St.dev,     0.111549571,  0.100933690,  0.004946076,
Mean,     -0.257714701, -0.012729374, -0.000190277,
Cor (1),    1.000000000, -0.884921335, -0.493755383,
Cor (2),   -0.884921335,  1.000000000,  0.287461651,
Cor (3),   -0.493755383,  0.287461651,  1.000000000,
VCV (1),    0.004640070, -0.002723441, -0.000024179,
VCV (2),   -0.002723441,  0.002041278,  0.000009337,
VCV (3),   -0.000024179,  0.000009337,  0.000000517,
St.dev,     0.068118059,  0.045180507,  0.000718888,
AutoCor,    0.877582200,  0.074446134,  0.402837367,

No.; 12; Score; 50033.851227516;
Markow Autoregressive (lag 1) bivariate joint 3 asset model uncond. params
uMean,      0.034117259,  0.010843615, -0.000270488,
VCV (1),    0.072403505,  0.000377946,  0.000585052,
VCV (2),    0.000377946,  0.006091559,  0.000235334,
VCV (3),    0.000585052,  0.000235334,  0.000019998,
Cor (1),    1.000000000,  0.017996399,  0.486210043,
Cor (2),    0.017996399,  1.000000000,  0.674263426,
Cor (3),    0.486210043,  0.674263426,  1.000000000,
St.dev,     0.269078995,  0.078048437,  0.004471887,
Skewness,   0.302929641, -0.009082305, -0.004385762,
Kurtosis,   2.295090824,  1.545213975,  0.026179110,
AutoCor,    0.590246820,  0.295364556,  0.262375541,
Markow Autoregressive (lag 1) bivariate joint 3 asset model cond. params
uProb.,   0.041599055,  0.958400945,
Prob (1),   0.280340583,  0.719659417,
Prob (2),   0.031236564,  0.968763436,
Mean,      0.201190100,  0.009257529,  0.000063522,
Cor (1),    1.000000000, -0.564141672,  0.105538048,
Cor (2),   -0.564141672,  1.000000000, -0.903030403,
Cor (3),    0.105538048, -0.903030403,  1.000000000,
VCV (1),    0.285057472, -0.048578647,  0.000175660,
VCV (2),   -0.048578647,  0.026012497, -0.000454037,
VCV (3),    0.000175660, -0.000454037,  0.000009718,
St.dev,     0.533907737,  0.161283902,  0.003117441,
Mean,      0.026865522,  0.010912459, -0.000284985,
Cor (1),    1.000000000,  0.189668071,  0.614959056,
Cor (2),    0.189668071,  1.000000000,  0.826418523,
Cor (3),    0.614959056,  0.826418523,  1.000000000,
VCV (1),    0.035518376,  0.002443351,  0.000505221,
VCV (2),    0.002443351,  0.004672295,  0.000246249,
VCV (3),    0.000505221,  0.000246249,  0.000019003,
St.dev,     0.188463194,  0.068354186,  0.004359218,
AutoCor,    0.596052503,  0.295365386,  0.262378755,

No.; 13; Score; 52911.943836812;
Markow Autoregressive (lag 1) bivariate joint 3 asset model uncond. params
uMean,     -0.005063666,  0.010289634, -0.000310173,
VCV (1),    0.015116336,  0.007558534, -0.000021786,
VCV (2),    0.007558534,  0.010951851, -0.000045067,
VCV (3),   -0.000021786, -0.000045067,  0.000000463,
Cor (1),    1.000000000,  0.587449471, -0.260368467,
Cor (2),    0.587449471,  1.000000000, -0.632776861,
Cor (3),   -0.260368467, -0.632776861,  1.000000000,
St.dev,     0.122948508,  0.104651092,  0.000680551,
Skewness,  -1.381812674,  0.006209163,  0.036601145,
Kurtosis,  10.558548624,  0.022316072,  1.011384761,
AutoCor,    0.475253758,  0.345670395,  0.106849951,
Markow Autoregressive (lag 1) bivariate joint 3 asset model cond. params
uProb.,   0.981811348,  0.018188652,
Prob (1),   0.990823145,  0.009176855,
Prob (2),   0.495360516,  0.504639484,
Mean,      0.000139214,  0.010623010, -0.000312126,
Cor (1),    1.000000000,  0.718415517, -0.470428288,
Cor (2),    0.718415517,  1.000000000, -0.693557590,
Cor (3),   -0.470428288, -0.693557590,  1.000000000,
VCV (1),    0.008313858,  0.006472927, -0.000027847,
VCV (2),    0.006472927,  0.009764441, -0.000044493,
VCV (3),   -0.000027847, -0.000044493,  0.000000421,
St.dev,     0.091180362,  0.098815187,  0.000649216,
Mean,     -0.285911654, -0.007705765, -0.000204717,
Cor (1),    1.000000000, -0.311982263,  0.694169475,
Cor (2),   -0.311982263,  1.000000000,  0.207669917,
Cor (3),    0.694169475,  0.207669917,  1.000000000,
VCV (1),    0.133943542, -0.006089555,  0.000394509,
VCV (2),   -0.006089555,  0.002844393,  0.000017199,
VCV (3),    0.000394509,  0.000017199,  0.000002411,
St.dev,     0.365982981,  0.053332849,  0.001552855,
AutoCor,    0.473091230,  0.345588297,  0.106677009,

No.; 14; Score; 55590.829170155;
Markow Autoregressive (lag 1) bivariate joint 3 asset model uncond. params
uMean,     -0.083413373, -0.004016874,  0.000420967,
VCV (1),    0.032340315,  0.006700499, -0.000013554,
VCV (2),    0.006700499,  0.015491231, -0.000006870,
VCV (3),   -0.000013554, -0.000006870,  0.000004684,
Cor (1),    1.000000000,  0.299358808, -0.034825427,
Cor (2),    0.299358808,  1.000000000, -0.025505169,
Cor (3),   -0.034825427, -0.025505169,  1.000000000,
St.dev,     0.179834131,  0.124463775,  0.002164165,
Skewness,   1.101000402,  0.035783516, -0.012369125,
Kurtosis,   2.677513683,  0.936467657,  1.463030602,
AutoCor,    0.615597763,  0.931684128,  0.054810943,
Markow Autoregressive (lag 1) bivariate joint 3 asset model cond. params
uProb.,   0.820880336,  0.179119664,
Prob (1),   0.874496328,  0.125503672,
Prob (2),   0.575165750,  0.424834250,
Mean,     -0.129264193, -0.006446463,  0.000426936,
Cor (1),    1.000000000,  0.320209792,  0.764808195,
Cor (2),    0.320209792,  1.000000000,  0.000369783,
Cor (3),    0.764808195,  0.000369783,  1.000000000,
VCV (1),    0.003580531,  0.000422624,  0.000081134,
VCV (2),    0.000422624,  0.000486511,  0.000000014,
VCV (3),    0.000081134,  0.000000014,  0.000003143,
St.dev,     0.059837535,  0.022056995,  0.001772864,
Mean,      0.126714510,  0.007117589,  0.000393612,
Cor (1),    1.000000000,  0.450942755, -0.648173379,
Cor (2),    0.450942755,  1.000000000, -0.111533798,
Cor (3),   -0.648173379, -0.111533798,  1.000000000,
VCV (1),    0.039088508,  0.008451132, -0.000437670,
VCV (2),    0.008451132,  0.008985409, -0.000036108,
VCV (3),   -0.000437670, -0.000036108,  0.000011664,
St.dev,     0.197708138,  0.094791399,  0.003415313,
AutoCor,    0.749796524,  0.932790332,  0.054802418,

No.; 15; Score; 59645.857653525;
Markow Autoregressive (lag 1) bivariate joint 3 asset model uncond. params
uMean,     -0.047912742, -0.008361966, -0.000055168,
VCV (1),    0.079090879,  0.014330281,  0.000548156,
VCV (2),    0.014330281,  0.006264108, -0.000296659,
VCV (3),    0.000548156, -0.000296659,  0.000028651,
Cor (1),    1.000000000,  0.643816140,  0.364139395,
Cor (2),    0.643816140,  1.000000000, -0.700251465,
Cor (3),    0.364139395, -0.700251465,  1.000000000,
St.dev,     0.281231006,  0.079146121,  0.005352707,
Skewness,   0.379483078, -0.006005395, -0.003801976,
Kurtosis,   1.648981136,  0.009034715,  0.774040860,
AutoCor,    0.595463358,  0.479396343,  0.553679745,
Markow Autoregressive (lag 1) bivariate joint 3 asset model cond. params
uProb.,   0.437845415,  0.562154585,
Prob (1),   0.548083776,  0.451916224,
Prob (2),   0.351984048,  0.648015952,
Mean,      0.010835609, -0.011733084, -0.000071038,
Cor (1),    1.000000000,  0.928830102,  0.385051332,
Cor (2),    0.928830102,  1.000000000, -0.799227025,
Cor (3),    0.385051332, -0.799227025,  1.000000000,
VCV (1),    0.104792324,  0.021630781,  0.000733701,
VCV (2),    0.021630781,  0.005175381, -0.000338436,
VCV (3),    0.000733701, -0.000338436,  0.000034647,
St.dev,     0.323716425,  0.071940123,  0.005886207,
Mean,     -0.093670077, -0.005736303, -0.000042808,
Cor (1),    1.000000000,  0.333300084,  0.423309157,
Cor (2),    0.333300084,  1.000000000, -0.636903763,
Cor (3),    0.423309157, -0.636903763,  1.000000000,
VCV (1),    0.003799037,  0.001383408,  0.000075423,
VCV (2),    0.001383408,  0.004534778, -0.000123983,
VCV (3),    0.000075423, -0.000123983,  0.000008356,
St.dev,     0.061636328,  0.067340761,  0.002890750,
AutoCor,    0.609514646,  0.479797218,  0.553682193,

No.; 16; Score; 62737.301568275;
Markow Autoregressive (lag 1) bivariate joint 3 asset model uncond. params
uMean,      0.010061946,  0.010272495,  0.000273629,
VCV (1),    0.073056588,  0.003633408,  0.000152558,
VCV (2),    0.003633408,  0.009319360,  0.000092227,
VCV (3),    0.000152558,  0.000092227,  0.000003628,
Cor (1),    1.000000000,  0.139248787,  0.296338169,
Cor (2),    0.139248787,  1.000000000,  0.501587666,
Cor (3),    0.296338169,  0.501587666,  1.000000000,
St.dev,     0.270289822,  0.096536834,  0.001904661,
Skewness,  -1.272621124,  0.064442249,  0.092132131,
Kurtosis,   0.885890109,  4.888856791,  0.600607851,
AutoCor,    0.109986930,  0.021863806,  0.613401993,
Markow Autoregressive (lag 1) bivariate joint 3 asset model cond. params
uProb.,   0.633358041,  0.366641959,
Prob (1),   0.617304232,  0.382695768,
Prob (2),   0.661090298,  0.338909702,
Mean,      0.167653888,  0.009036458,  0.000165664,
Cor (1),    1.000000000,  0.195690122,  0.011708096,
Cor (2),    0.195690122,  1.000000000, -0.509908132,
Cor (3),    0.011708096, -0.509908132,  1.000000000,
VCV (1),    0.002030730,  0.000142625,  0.000000548,
VCV (2),    0.000142625,  0.000261578, -0.000008571,
VCV (3),    0.000000548, -0.000008571,  0.000001080,
St.dev,     0.045063622,  0.016173369,  0.001039253,
Mean,     -0.262171282,  0.012407695,  0.000460133,
Cor (1),    1.000000000,  0.251620002,  0.726263460,
Cor (2),    0.251620002,  1.000000000,  0.807831015,
Cor (3),    0.726263460,  0.807831015,  1.000000000,
VCV (1),    0.069848448,  0.010503451,  0.000394636,
VCV (2),    0.010503451,  0.024946920,  0.000262333,
VCV (3),    0.000394636,  0.000262333,  0.000004227,
St.dev,     0.264288570,  0.157945939,  0.002056007,
AutoCor,    0.328762293,  0.021882403,  0.617070097,

No.; 17; Score; 62808.9027712;
Markow Autoregressive (lag 1) bivariate joint 3 asset model uncond. params
uMean,     -0.075798558,  0.000375557,  0.000016632,
VCV (1),    0.089931402, -0.000241939, -0.000199182,
VCV (2),   -0.000241939,  0.002677834,  0.000057608,
VCV (3),   -0.000199182,  0.000057608,  0.000032855,
Cor (1),    1.000000000, -0.015590455, -0.115875403,
Cor (2),   -0.015590455,  1.000000000,  0.194215759,
Cor (3),   -0.115875403,  0.194215759,  1.000000000,
St.dev,     0.299885648,  0.051747791,  0.005731966,
Skewness,  -1.301043785, -0.177752773,  0.048531700,
Kurtosis,   2.346529162,  2.097121081,  0.737788635,
AutoCor,    0.265342307,  0.278096157,  0.585688077,
Markow Autoregressive (lag 1) bivariate joint 3 asset model cond. params
uProb.,   0.654413804,  0.345586196,
Prob (1),   0.638977389,  0.361022611,
Prob (2),   0.683644726,  0.316355274,
Mean,      0.043162161,  0.003055640,  0.000161189,
Cor (1),    1.000000000,  0.568023290, -0.772989087,
Cor (2),    0.568023290,  1.000000000,  0.448792534,
Cor (3),   -0.772989087,  0.448792534,  1.000000000,
VCV (1),    0.005145746,  0.001177020, -0.000317744,
VCV (2),    0.001177020,  0.000834425,  0.000074288,
VCV (3),   -0.000317744,  0.000074288,  0.000032837,
St.dev,     0.071733859,  0.028886411,  0.005730335,
Mean,     -0.301066630, -0.004699539, -0.000257105,
Cor (1),    1.000000000, -0.156043641,  0.667026069,
Cor (2),   -0.156043641,  1.000000000, -0.121152401,
Cor (3),    0.667026069, -0.121152401,  1.000000000,
VCV (1),    0.144157845, -0.004404202,  0.000087202,
VCV (2),   -0.004404202,  0.005525913, -0.000003101,
VCV (3),    0.000087202, -0.000003101,  0.000000119,
St.dev,     0.379681242,  0.074336483,  0.000344322,
AutoCor,    0.396931309,  0.279743958,  0.586448180,

No.; 18; Score; 66105.08638138;
Markow Autoregressive (lag 1) bivariate joint 3 asset model uncond. params
uMean,      0.001631130, -0.008836721,  0.000176416,
VCV (1),    0.023247223, -0.002381471, -0.000204222,
VCV (2),   -0.002381471,  0.017230343, -0.000164177,
VCV (3),   -0.000204222, -0.000164177,  0.000057967,
Cor (1),    1.000000000, -0.118990656, -0.175923596,
Cor (2),   -0.118990656,  1.000000000, -0.164275675,
Cor (3),   -0.175923596, -0.164275675,  1.000000000,
St.dev,     0.152470401,  0.131264400,  0.007613636,
Skewness,  -0.883577985,  0.016040249, -0.004007247,
Kurtosis,   2.876289382,  0.268468486,  0.085592016,
AutoCor,    0.478789350,  0.574347925,  0.907219706,
Markow Autoregressive (lag 1) bivariate joint 3 asset model cond. params
uProb.,   0.209424771,  0.790575229,
Prob (1),   0.417166290,  0.582833710,
Prob (2),   0.154393677,  0.845606323,
Mean,     -0.099842813, -0.004021163, -0.000024784,
Cor (1),    1.000000000, -0.921837077, -0.336408054,
Cor (2),   -0.921837077,  1.000000000, -0.438975159,
Cor (3),   -0.336408054, -0.438975159,  1.000000000,
VCV (1),    0.049090290, -0.029023474, -0.000324066,
VCV (2),   -0.029023474,  0.020192721, -0.000271210,
VCV (3),   -0.000324066, -0.000271210,  0.000018903,
St.dev,     0.221563286,  0.142101095,  0.004347792,
Mean,      0.028511756, -0.010112371,  0.000229715,
Cor (1),    1.000000000,  0.744869325, -0.256363444,
Cor (2),    0.744869325,  1.000000000, -0.101153079,
Cor (3),   -0.256363444, -0.101153079,  1.000000000,
VCV (1),    0.006266050,  0.005670258, -0.000057215,
VCV (2),    0.005670258,  0.009248080, -0.000027426,
VCV (3),   -0.000057215, -0.000027426,  0.000007949,
St.dev,     0.079158388,  0.096166937,  0.002819384,
AutoCor,    0.507504673,  0.574459048,  0.907338947,

No.; 19; Score; 66121.63316793;
Markow Autoregressive (lag 1) bivariate joint 3 asset model uncond. params
uMean,      0.000183615, -0.006169513, -0.000231006,
VCV (1),    0.010216722, -0.004346185,  0.000105939,
VCV (2),   -0.004346185,  0.011136551,  0.000182594,
VCV (3),    0.000105939,  0.000182594,  0.000020384,
Cor (1),    1.000000000, -0.407452529,  0.232143846,
Cor (2),   -0.407452529,  1.000000000,  0.383238073,
Cor (3),    0.232143846,  0.383238073,  1.000000000,
St.dev,     0.101077804,  0.105529860,  0.004514838,
Skewness,   2.336491254,  0.008446304, -0.004693906,
Kurtosis,   6.553439924,  0.184544058,  0.015360030,
AutoCor,    0.319239258,  0.280932170,  0.827256397,
Markow Autoregressive (lag 1) bivariate joint 3 asset model cond. params
uProb.,   0.084187068,  0.915812932,
Prob (1),   0.330509363,  0.669490637,
Prob (2),   0.061543632,  0.938456368,
Mean,      0.277995392, -0.010127928,  0.000203756,
Cor (1),    1.000000000,  0.907256536, -0.528782148,
Cor (2),    0.907256536,  1.000000000,  0.175147189,
Cor (3),   -0.528782148,  0.175147189,  1.000000000,
VCV (1),    0.010256246,  0.003377885, -0.000099134,
VCV (2),    0.003377885,  0.001351578,  0.000011920,
VCV (3),   -0.000099134,  0.000011920,  0.000003427,
St.dev,     0.101273127,  0.036763810,  0.001851195,
Mean,     -0.025354525, -0.005805631, -0.000270972,
Cor (1),    1.000000000, -0.974418268,  0.683435738,
Cor (2),   -0.974418268,  1.000000000,  0.558739712,
Cor (3),    0.683435738,  0.558739712,  1.000000000,
VCV (1),    0.001825517, -0.004381346,  0.000075510,
VCV (2),   -0.004381346,  0.011074861,  0.000152053,
VCV (3),    0.000075510,  0.000152053,  0.000006687,
St.dev,     0.042726074,  0.105237165,  0.002585921,
AutoCor,    0.433489365,  0.280933718,  0.827732706,

No.; 20; Score; 73008.748113551;
Markow Autoregressive (lag 1) bivariate joint 3 asset model uncond. params
uMean,      0.057982336, -0.007917934,  0.000121481,
VCV (1),    0.058869150, -0.027834110, -0.000022168,
VCV (2),   -0.027834110,  0.016089478, -0.000016659,
VCV (3),   -0.000022168, -0.000016659,  0.000000094,
Cor (1),    1.000000000, -0.904404027, -0.297489687,
Cor (2),   -0.904404027,  1.000000000, -0.427625750,
Cor (3),   -0.297489687, -0.427625750,  1.000000000,
St.dev,     0.242629656,  0.126844306,  0.000307127,
Skewness,   0.087198187,  0.001408366,  1.627323912,
Kurtosis,   3.338697250,  0.010109538, 316.388512479,
AutoCor,    0.598847463,  0.702288405,  0.265238532,
Markow Autoregressive (lag 1) bivariate joint 3 asset model cond. params
uProb.,   0.995231476,  0.004768524,
Prob (1),   0.996767565,  0.003232435,
Prob (2),   0.674636622,  0.325363378,
Mean,      0.057486468, -0.007999387,  0.000120353,
Cor (1),    1.000000000, -0.979891689, -0.351422943,
Cor (2),   -0.979891689,  1.000000000, -0.933133803,
Cor (3),   -0.351422943, -0.933133803,  1.000000000,
VCV (1),    0.034174979, -0.016308848, -0.000009706,
VCV (2),   -0.016308848,  0.008105544, -0.000012551,
VCV (3),   -0.000009706, -0.000012551,  0.000000022,
St.dev,     0.184864758,  0.090030797,  0.000149396,
Mean,      0.161474248,  0.009082132,  0.000356981,
Cor (1),    1.000000000,  0.183704615, -0.585208774,
Cor (2),    0.183704615,  1.000000000, -0.457797129,
Cor (3),   -0.585208774, -0.457797129,  1.000000000,
VCV (1),    0.775010422,  0.021676644, -0.001905576,
VCV (2),    0.021676644,  0.017965381, -0.000226962,
VCV (3),   -0.001905576, -0.000226962,  0.000013681,
St.dev,     0.880346762,  0.134034998,  0.003698808,
AutoCor,    0.599088897,  0.702321125,  0.265077806,

No.; 21; Score; 80102.493936354;
Markow Autoregressive (lag 1) bivariate joint 3 asset model uncond. params
uMean,     -0.081737693,  0.007802407, -0.000054385,
VCV (1),    0.097619463, -0.006696758, -0.000264142,
VCV (2),   -0.006696758,  0.004096914, -0.000091710,
VCV (3),   -0.000264142, -0.000091710,  0.000009055,
Cor (1),    1.000000000, -0.334863603, -0.280947223,
Cor (2),   -0.334863603,  1.000000000, -0.476150902,
Cor (3),   -0.280947223, -0.476150902,  1.000000000,
St.dev,     0.312441135,  0.064007142,  0.003009158,
Skewness,   0.041746957,  0.026532802, -0.018713617,
Kurtosis,   0.439530368,  0.525237702,  0.040312081,
AutoCor,    0.646297962,  0.344834474,  0.880768703,
Markow Autoregressive (lag 1) bivariate joint 3 asset model cond. params
uProb.,   0.494395943,  0.505604057,
Prob (1),   0.443371317,  0.556628683,
Prob (2),   0.544289467,  0.455710533,
Mean,     -0.094378309,  0.006424557, -0.000319752,
Cor (1),    1.000000000, -0.693368290,  0.003436992,
Cor (2),   -0.693368290,  1.000000000, -0.726436019,
Cor (3),    0.003436992, -0.726436019,  1.000000000,
VCV (1),    0.020809562, -0.004320033,  0.000000800,
VCV (2),   -0.004320033,  0.001865449, -0.000050612,
VCV (3),    0.000000800, -0.000050612,  0.000002602,
St.dev,     0.144255196,  0.043190838,  0.001613122,
Mean,     -0.069377291,  0.009149713,  0.000205098,
Cor (1),    1.000000000, -0.276012428, -0.678815745,
Cor (2),   -0.276012428,  1.000000000, -0.960108494,
Cor (3),   -0.678815745, -0.960108494,  1.000000000,
VCV (1),    0.091600372, -0.006087878, -0.000225484,
VCV (2),   -0.006087878,  0.005311014, -0.000076794,
VCV (3),   -0.000225484, -0.000076794,  0.000001205,
St.dev,     0.302655534,  0.072876702,  0.001097529,
AutoCor,    0.647495823,  0.345036544,  0.888291068,

No.; 22; Score; 80499.048522286;
Markow Autoregressive (lag 1) bivariate joint 3 asset model uncond. params
uMean,      0.040075269, -0.004667117,  0.000196640,
VCV (1),    0.073635455,  0.005089356, -0.000114569,
VCV (2),    0.005089356,  0.013856117,  0.000067199,
VCV (3),   -0.000114569,  0.000067199,  0.000001576,
Cor (1),    1.000000000,  0.159330381, -0.336295392,
Cor (2),    0.159330381,  1.000000000,  0.454716689,
Cor (3),   -0.336295392,  0.454716689,  1.000000000,
St.dev,     0.271358536,  0.117712010,  0.001255464,
Skewness,  -0.905811948, -0.010950181, -0.048551487,
Kurtosis,   2.517517698,  0.035250257,  0.656097750,
AutoCor,    0.446609896,  0.601425108,  0.488996323,
Markow Autoregressive (lag 1) bivariate joint 3 asset model cond. params
uProb.,   0.673225110,  0.326774890,
Prob (1),   0.707334010,  0.292665990,
Prob (2),   0.602953591,  0.397046409,
Mean,      0.108141155, -0.001691056,  0.000165511,
Cor (1),    1.000000000, -0.197908951, -0.885356523,
Cor (2),   -0.197908951,  1.000000000,  0.515365873,
Cor (3),   -0.885356523,  0.515365873,  1.000000000,
VCV (1),    0.007906121, -0.001563136, -0.000102165,
VCV (2),   -0.001563136,  0.007890404,  0.000059411,
VCV (3),   -0.000102165,  0.000059411,  0.000001684,
