Round No; 1; best result RLS; 14.993120871495

;;;
Statistical description of data for: Meginajums1
Calib/Tail/Per/Cur, 4176, 9999, 23, 0,
Title,    PE MARKET w  ,EQUITY LM SNP,REX BOND     ,
Mean,       0.000104436,  0.000075211,  0.000042226,
VCV (1),    0.033533792, -0.000018247, -0.000000770,
VCV (2),   -0.000018247,  0.000044333, -0.000000146,
VCV (3),   -0.000000770, -0.000000146,  0.000000045,
St.dev,     0.183122341,  0.006658326,  0.000210996,
Skewness,  -0.359429482, -0.013261914,  0.151860187,
Kurtosis,  20.092276212,  7.412958555, 34.388660560,
AutoCor,   -0.271804758, -0.019537378, -0.152000145,
No.; 1; Score; 14.993120871495;
Markow Autoregressive (lag 1) bivariate joint 3 asset model uncond. params
uMean,     -0.001095044, -0.000084637,  0.000084977,
VCV (1),    0.033710153, -0.000057947, -0.000024125,
VCV (2),   -0.000057947,  0.000049371,  0.000000408,
VCV (3),   -0.000024125,  0.000000408,  0.000000050,
Cor (1),    1.000000000, -0.044917449, -0.589620866,
Cor (2),   -0.044917449,  1.000000000,  0.260645726,
Cor (3),   -0.589620866,  0.260645726,  1.000000000,
St.dev,     0.183603250,  0.007026484,  0.000222847,
Skewness,  -0.228723031, -0.002526881,  0.351681852,
Kurtosis,  -0.352325767,  0.000704915,  0.210509720,
AutoCor,    0.076281642,  0.106602461,  0.216276165,
Markow Autoregressive (lag 1) bivariate joint 3 asset model cond. params
uProb.,   0.536069628,  0.463930372,
Prob (1),   0.303864081,  0.696135919,
Prob (2),   0.804382179,  0.195617821,
Mean,      0.114488636, -0.000433506, -0.000001101,
Cor (1),    1.000000000, -0.992175746, -0.218798999,
Cor (2),   -0.992175746,  1.000000000,  0.695921289,
Cor (3),   -0.218798999,  0.695921289,  1.000000000,
VCV (1),    0.009177480, -0.000667980, -0.000003116,
VCV (2),   -0.000667980,  0.000049388,  0.000000727,
VCV (3),   -0.000003116,  0.000000727,  0.000000022,
St.dev,     0.095799165,  0.007027694,  0.000148660,
Mean,     -0.134651508,  0.000318480,  0.000184440,
Cor (1),    1.000000000,  0.849044446, -0.623901210,
Cor (2),    0.849044446,  1.000000000, -0.042864047,
Cor (3),   -0.623901210, -0.042864047,  1.000000000,
VCV (1),    0.016273981,  0.000748869, -0.000018011,
VCV (2),    0.000748869,  0.000047803, -0.000000067,
VCV (3),   -0.000018011, -0.000000067,  0.000000051,
St.dev,     0.127569516,  0.006913987,  0.000226301,
AutoCor,    0.563553955,  0.108336789,  0.365594365,

No.; 2; Score; 15.271419483416;
Markow Autoregressive (lag 1) bivariate joint 3 asset model uncond. params
uMean,      0.000427074, -0.000088053,  0.000083367,
VCV (1),    0.033524552, -0.000049277, -0.000024247,
VCV (2),   -0.000049277,  0.000047943,  0.000000386,
VCV (3),   -0.000024247,  0.000000386,  0.000000049,
Cor (1),    1.000000000, -0.038869083, -0.598924155,
Cor (2),   -0.038869083,  1.000000000,  0.252425612,
Cor (3),   -0.598924155,  0.252425612,  1.000000000,
St.dev,     0.183097111,  0.006924066,  0.000221107,
Skewness,  -0.248482138, -0.006295081,  0.333057312,
Kurtosis,  -0.324270229,  0.003318727,  0.189163671,
AutoCor,    0.090022431,  0.113023833,  0.224126921,
Markow Autoregressive (lag 1) bivariate joint 3 asset model cond. params
uProb.,   0.535958853,  0.464041147,
Prob (1),   0.299299336,  0.700700664,
Prob (2),   0.809296173,  0.190703827,
Mean,      0.114522283, -0.000488258, -0.000001405,
Cor (1),    1.000000000, -0.977363818, -0.217788306,
Cor (2),   -0.977363818,  1.000000000,  0.697119800,
Cor (3),   -0.217788306,  0.697119800,  1.000000000,
VCV (1),    0.008585154, -0.000631623, -0.000003005,
VCV (2),   -0.000631623,  0.000048647,  0.000000724,
VCV (3),   -0.000003005,  0.000000724,  0.000000022,
St.dev,     0.092656106,  0.006974729,  0.000148891,
Mean,     -0.131350759,  0.000374177,  0.000181277,
Cor (1),    1.000000000,  0.848230066, -0.648211366,
Cor (2),    0.848230066,  1.000000000, -0.080070419,
Cor (3),   -0.648211366, -0.080070419,  1.000000000,
VCV (1),    0.016619563,  0.000736473, -0.000018613,
VCV (2),    0.000736473,  0.000045359, -0.000000120,
VCV (3),   -0.000018613, -0.000000120,  0.000000050,
St.dev,     0.128916884,  0.006734933,  0.000222736,
AutoCor,    0.577948169,  0.115437069,  0.374250530,

No.; 3; Score; 15.502087655799;
Markow Autoregressive (lag 1) bivariate joint 3 asset model uncond. params
uMean,      0.000650922,  0.000067980,  0.000085131,
VCV (1),    0.033247685, -0.000045512, -0.000023712,
VCV (2),   -0.000045512,  0.000048075,  0.000000392,
VCV (3),   -0.000023712,  0.000000392,  0.000000048,
Cor (1),    1.000000000, -0.035998758, -0.590732202,
Cor (2),   -0.035998758,  1.000000000,  0.257075799,
Cor (3),   -0.590732202,  0.257075799,  1.000000000,
St.dev,     0.182339479,  0.006933632,  0.000220136,
Skewness,  -0.231326958, -0.002739090,  0.331193965,
Kurtosis,  -0.318861429,  0.000687205,  0.177720148,
AutoCor,    0.089027068,  0.104471897,  0.212324242,
Markow Autoregressive (lag 1) bivariate joint 3 asset model cond. params
uProb.,   0.535965812,  0.464034188,
Prob (1),   0.298669209,  0.701330791,
Prob (2),   0.810046623,  0.189953377,
Mean,      0.113279237, -0.000306900, -0.000000397,
Cor (1),    1.000000000, -0.978778882, -0.229539917,
Cor (2),   -0.978778882,  1.000000000,  0.696210644,
Cor (3),   -0.229539917,  0.696210644,  1.000000000,
VCV (1),    0.009308525, -0.000654820, -0.000003310,
VCV (2),   -0.000654820,  0.000048083,  0.000000722,
VCV (3),   -0.000003310,  0.000000722,  0.000000022,
St.dev,     0.096480700,  0.006934204,  0.000149484,
Mean,     -0.129436317,  0.000500971,  0.000183916,
Cor (1),    1.000000000,  0.866308753, -0.621079481,
Cor (2),    0.866308753,  1.000000000, -0.064635654,
Cor (3),   -0.621079481, -0.064635654,  1.000000000,
VCV (1),    0.016662843,  0.000762919, -0.000017732,
VCV (2),    0.000762919,  0.000046544, -0.000000098,
VCV (3),   -0.000017732, -0.000000098,  0.000000049,
St.dev,     0.129084634,  0.006822309,  0.000221175,
AutoCor,    0.562072107,  0.106558273,  0.365144488,

No.; 4; Score; 15.573427496639;
Markow Autoregressive (lag 1) bivariate joint 3 asset model uncond. params
uMean,     -0.001224154, -0.000032494,  0.000086175,
VCV (1),    0.033674268, -0.000063294, -0.000023272,
VCV (2),   -0.000063294,  0.000047243,  0.000000387,
VCV (3),   -0.000023272,  0.000000387,  0.000000049,
Cor (1),    1.000000000, -0.050181295, -0.575362093,
Cor (2),   -0.050181295,  1.000000000,  0.255468368,
Cor (3),   -0.575362093,  0.255468368,  1.000000000,
St.dev,     0.183505498,  0.006873374,  0.000220418,
Skewness,  -0.224558649, -0.001587473,  0.322893388,
Kurtosis,  -0.340156248,  0.000072682,  0.204335170,
AutoCor,    0.087859883,  0.100894613,  0.237408800,
Markow Autoregressive (lag 1) bivariate joint 3 asset model cond. params
uProb.,   0.534283734,  0.465716266,
Prob (1),   0.301755304,  0.698244696,
Prob (2),   0.801047355,  0.198952645,
Mean,      0.113686666, -0.000506410,  0.000005424,
Cor (1),    1.000000000, -0.995929291, -0.222685718,
Cor (2),   -0.995929291,  1.000000000,  0.699462109,
Cor (3),   -0.222685718,  0.699462109,  1.000000000,
VCV (1),    0.009227868, -0.000654520, -0.000003207,
VCV (2),   -0.000654520,  0.000046804,  0.000000717,
VCV (3),   -0.000003207,  0.000000717,  0.000000022,
St.dev,     0.096061791,  0.006841376,  0.000149913,
Mean,     -0.133053309,  0.000511197,  0.000178815,
Cor (1),    1.000000000,  0.862752039, -0.617504018,
Cor (2),    0.862752039,  1.000000000, -0.075343735,
Cor (3),   -0.617504018, -0.075343735,  1.000000000,
VCV (1),    0.016359723,  0.000749233, -0.000017713,
VCV (2),    0.000749233,  0.000046098, -0.000000115,
VCV (3),   -0.000017713, -0.000000115,  0.000000050,
St.dev,     0.127905131,  0.006789576,  0.000224267,
AutoCor,    0.567978930,  0.104185971,  0.371487932,

No.; 5; Score; 15.966469516;
Markow Autoregressive (lag 1) bivariate joint 3 asset model uncond. params
uMean,      0.000886256, -0.000061505,  0.000086952,
VCV (1),    0.033147297, -0.000033339, -0.000023853,
VCV (2),   -0.000033339,  0.000049001,  0.000000407,
VCV (3),   -0.000023853,  0.000000407,  0.000000049,
Cor (1),    1.000000000, -0.026159271, -0.593868907,
Cor (2),   -0.026159271,  1.000000000,  0.263832540,
Cor (3),   -0.593868907,  0.263832540,  1.000000000,
St.dev,     0.182063990,  0.007000067,  0.000220608,
Skewness,  -0.264211812, -0.001537210,  0.332976565,
Kurtosis,  -0.318899376,  0.000231036,  0.182602273,
AutoCor,    0.084868483,  0.097557164,  0.215356801,
Markow Autoregressive (lag 1) bivariate joint 3 asset model cond. params
uProb.,   0.533695972,  0.466304028,
Prob (1),   0.300664630,  0.699335370,
Prob (2),   0.800405847,  0.199594153,
Mean,      0.114922112, -0.000418880,  0.000001387,
Cor (1),    1.000000000, -0.985245243, -0.219400366,
Cor (2),   -0.985245243,  1.000000000,  0.698144702,
Cor (3),   -0.219400366,  0.698144702,  1.000000000,
VCV (1),    0.008521642, -0.000635423, -0.000003028,
VCV (2),   -0.000635423,  0.000048811,  0.000000729,
VCV (3),   -0.000003028,  0.000000729,  0.000000022,
St.dev,     0.092312739,  0.006986459,  0.000149497,
Mean,     -0.129630473,  0.000347519,  0.000184883,
Cor (1),    1.000000000,  0.834202845, -0.626132191,
Cor (2),    0.834202845,  1.000000000, -0.042129208,
Cor (3),   -0.626132191, -0.042129208,  1.000000000,
VCV (1),    0.017074650,  0.000754198, -0.000018179,
VCV (2),    0.000754198,  0.000047871, -0.000000065,
VCV (3),   -0.000018179, -0.000000065,  0.000000049,
St.dev,     0.130670006,  0.006918908,  0.000222187,
AutoCor,    0.561282605,  0.099344296,  0.364088299,

No.; 6; Score; 16.111142065138;
Markow Autoregressive (lag 1) bivariate joint 3 asset model uncond. params
uMean,      0.000088606, -0.000010263,  0.000086197,
VCV (1),    0.033213054, -0.000037760, -0.000023722,
VCV (2),   -0.000037760,  0.000047240,  0.000000388,
VCV (3),   -0.000023722,  0.000000388,  0.000000049,
Cor (1),    1.000000000, -0.030145280, -0.589383429,
Cor (2),   -0.030145280,  1.000000000,  0.255292955,
Cor (3),   -0.589383429,  0.255292955,  1.000000000,
St.dev,     0.182244490,  0.006873160,  0.000220852,
Skewness,  -0.220726492, -0.001399215,  0.340548262,
Kurtosis,  -0.326421699,  0.000234716,  0.198578237,
AutoCor,    0.101086611,  0.104978671,  0.219808527,
Markow Autoregressive (lag 1) bivariate joint 3 asset model cond. params
uProb.,   0.533077380,  0.466922620,
Prob (1),   0.302183391,  0.697816609,
Prob (2),   0.796685003,  0.203314997,
Mean,      0.113366895, -0.000332668,  0.000001172,
Cor (1),    1.000000000, -0.985609616, -0.237044483,
Cor (2),   -0.985609616,  1.000000000,  0.688019092,
Cor (3),   -0.237044483,  0.688019092,  1.000000000,
VCV (1),    0.009212793, -0.000648600, -0.000003379,
VCV (2),   -0.000648600,  0.000047006,  0.000000700,
VCV (3),   -0.000003379,  0.000000700,  0.000000022,
St.dev,     0.095983295,  0.006856091,  0.000148493,
Mean,     -0.129239232,  0.000357821,  0.000183269,
Cor (1),    1.000000000,  0.864076087, -0.620789857,
Cor (2),    0.864076087,  1.000000000, -0.043757065,
Cor (3),   -0.620789857, -0.043757065,  1.000000000,
VCV (1),    0.016270073,  0.000748413, -0.000017711,
VCV (2),    0.000748413,  0.000046109, -0.000000066,
VCV (3),   -0.000017711, -0.000000066,  0.000000050,
St.dev,     0.127554196,  0.006790385,  0.000223673,
AutoCor,    0.571128125,  0.106488412,  0.365300371,

No.; 7; Score; 17.206264365528;
Markow Autoregressive (lag 1) bivariate joint 3 asset model uncond. params
uMean,      0.000333915,  0.000050502,  0.000085805,
VCV (1),    0.033013727, -0.000039131, -0.000023814,
VCV (2),   -0.000039131,  0.000048065,  0.000000409,
VCV (3),   -0.000023814,  0.000000409,  0.000000049,
Cor (1),    1.000000000, -0.031063930, -0.594957028,
Cor (2),   -0.031063930,  1.000000000,  0.267881245,
Cor (3),   -0.594957028,  0.267881245,  1.000000000,
St.dev,     0.181696800,  0.006932860,  0.000220297,
Skewness,  -0.257656615, -0.002838772,  0.307321854,
Kurtosis,  -0.327619606,  0.000771655,  0.175393151,
AutoCor,    0.081068105,  0.098506124,  0.233334457,
Markow Autoregressive (lag 1) bivariate joint 3 asset model cond. params
uProb.,   0.537462634,  0.462537366,
Prob (1),   0.303553435,  0.696446565,
Prob (2),   0.809262197,  0.190737803,
Mean,      0.113818017, -0.000316403,  0.000004464,
Cor (1),    1.000000000, -0.993391903, -0.252322461,
Cor (2),   -0.993391903,  1.000000000,  0.690811133,
Cor (3),   -0.252322461,  0.690811133,  1.000000000,
VCV (1),    0.008499872, -0.000635679, -0.000003540,
VCV (2),   -0.000635679,  0.000048175,  0.000000730,
VCV (3),   -0.000003540,  0.000000730,  0.000000023,
St.dev,     0.092194749,  0.006940829,  0.000152181,
Mean,     -0.131533193,  0.000476842,  0.000180322,
Cor (1),    1.000000000,  0.862394007, -0.637767665,
Cor (2),    0.862394007,  1.000000000, -0.045361508,
Cor (3),   -0.637767665, -0.045361508,  1.000000000,
VCV (1),    0.016574095,  0.000757514, -0.000018201,
VCV (2),    0.000757514,  0.000046552, -0.000000069,
VCV (3),   -0.000018201, -0.000000069,  0.000000049,
St.dev,     0.128740418,  0.006822914,  0.000221679,
AutoCor,    0.567580139,  0.100478964,  0.372450542,

No.; 8; Score; 17.255359691401;
Markow Autoregressive (lag 1) bivariate joint 3 asset model uncond. params
uMean,     -0.000422289, -0.000047445,  0.000081961,
VCV (1),    0.034072746, -0.000052418, -0.000023780,
VCV (2),   -0.000052418,  0.000047389,  0.000000380,
VCV (3),   -0.000023780,  0.000000380,  0.000000048,
Cor (1),    1.000000000, -0.041251515, -0.587222503,
Cor (2),   -0.041251515,  1.000000000,  0.251359458,
Cor (3),   -0.587222503,  0.251359458,  1.000000000,
St.dev,     0.184588044,  0.006883933,  0.000219385,
Skewness,  -0.238600214, -0.004329456,  0.342299704,
Kurtosis,  -0.313295539,  0.001987894,  0.208565748,
AutoCor,    0.100950121,  0.097083131,  0.213071702,
Markow Autoregressive (lag 1) bivariate joint 3 asset model cond. params
uProb.,   0.539436842,  0.460563158,
Prob (1),   0.307819754,  0.692180246,
Prob (2),   0.810719484,  0.189280516,
Mean,      0.112854264, -0.000398033, -0.000001039,
Cor (1),    1.000000000, -0.988777226, -0.217638233,
Cor (2),   -0.988777226,  1.000000000,  0.698975439,
Cor (3),   -0.217638233,  0.698975439,  1.000000000,
VCV (1),    0.009145246, -0.000654715, -0.000003099,
VCV (2),   -0.000654715,  0.000047942,  0.000000721,
VCV (3),   -0.000003099,  0.000000721,  0.000000022,
St.dev,     0.095630777,  0.006923983,  0.000148920,
Mean,     -0.133098004,  0.000363184,  0.000179174,
Cor (1),    1.000000000,  0.862769226, -0.633626869,
Cor (2),    0.862769226,  1.000000000, -0.079993100,
Cor (3),   -0.633626869, -0.079993100,  1.000000000,
VCV (1),    0.016847212,  0.000754752, -0.000018372,
VCV (2),    0.000754752,  0.000045425, -0.000000120,
VCV (3),   -0.000018372, -0.000000120,  0.000000050,
St.dev,     0.129796810,  0.006739781,  0.000223393,
AutoCor,    0.577500842,  0.098911374,  0.357275457,

No.; 9; Score; 17.418802767053;
Markow Autoregressive (lag 1) bivariate joint 3 asset model uncond. params
uMean,      0.001585573, -0.000020366,  0.000083892,
VCV (1),    0.033046100, -0.000063134, -0.000023334,
VCV (2),   -0.000063134,  0.000047318,  0.000000406,
VCV (3),   -0.000023334,  0.000000406,  0.000000048,
Cor (1),    1.000000000, -0.050488360, -0.584742486,
Cor (2),   -0.050488360,  1.000000000,  0.268656308,
Cor (3),   -0.584742486,  0.268656308,  1.000000000,
St.dev,     0.181785864,  0.006878816,  0.000219519,
Skewness,  -0.219136429, -0.000246369,  0.326075648,
Kurtosis,  -0.325986932, -0.000014798,  0.202357058,
AutoCor,    0.093597563,  0.113307595,  0.235832721,
Markow Autoregressive (lag 1) bivariate joint 3 asset model cond. params
uProb.,   0.536119089,  0.463880911,
Prob (1),   0.299139486,  0.700860514,
Prob (2),   0.810002507,  0.189997493,
Mean,      0.113932996, -0.000374011,  0.000002738,
Cor (1),    1.000000000, -0.993797418, -0.242178443,
Cor (2),   -0.993797418,  1.000000000,  0.711779565,
Cor (3),   -0.242178443,  0.711779565,  1.000000000,
VCV (1),    0.009255601, -0.000652807, -0.000003461,
VCV (2),   -0.000652807,  0.000046620,  0.000000722,
VCV (3),   -0.000003461,  0.000000722,  0.000000022,
St.dev,     0.096206036,  0.006827861,  0.000148547,
Mean,     -0.128257230,  0.000388351,  0.000177683,
Cor (1),    1.000000000,  0.832023157, -0.624825941,
Cor (2),    0.832023157,  1.000000000, -0.043538559,
Cor (3),   -0.624825941, -0.043538559,  1.000000000,
VCV (1),    0.016107738,  0.000719796, -0.000017663,
VCV (2),    0.000719796,  0.000046464, -0.000000066,
VCV (3),   -0.000017663, -0.000000066,  0.000000050,
St.dev,     0.126916264,  0.006816425,  0.000222734,
AutoCor,    0.571292151,  0.115220065,  0.375899236,

No.; 10; Score; 17.454872601386;
Markow Autoregressive (lag 1) bivariate joint 3 asset model uncond. params
uMean,      0.001320646,  0.000014777,  0.000085498,
VCV (1),    0.033017330, -0.000062361, -0.000023604,
VCV (2),   -0.000062361,  0.000048176,  0.000000395,
VCV (3),   -0.000023604,  0.000000395,  0.000000048,
Cor (1),    1.000000000, -0.049446086, -0.592650544,
Cor (2),   -0.049446086,  1.000000000,  0.259386736,
Cor (3),   -0.592650544,  0.259386736,  1.000000000,
St.dev,     0.181706713,  0.006940861,  0.000219186,
Skewness,  -0.219176697, -0.005656996,  0.310303108,
Kurtosis,  -0.344108444,  0.002151976,  0.179430805,
AutoCor,    0.088639805,  0.102691324,  0.235448530,
Markow Autoregressive (lag 1) bivariate joint 3 asset model cond. params
uProb.,   0.529945909,  0.470054091,
Prob (1),   0.291915723,  0.708084277,
Prob (2),   0.798304648,  0.201695352,
Mean,      0.116017582, -0.000434444,  0.000003982,
Cor (1),    1.000000000, -0.990379579, -0.227484424,
Cor (2),   -0.990379579,  1.000000000,  0.698260742,
Cor (3),   -0.227484424,  0.698260742,  1.000000000,
VCV (1),    0.008892549, -0.000651574, -0.000003221,
VCV (2),   -0.000651574,  0.000048674,  0.000000731,
VCV (3),   -0.000003221,  0.000000731,  0.000000023,
St.dev,     0.094300315,  0.006976687,  0.000150140,
Mean,     -0.127990370,  0.000521234,  0.000177401,
Cor (1),    1.000000000,  0.848520740, -0.653052479,
Cor (2),    0.848520740,  1.000000000, -0.068351889,
Cor (3),   -0.653052479, -0.068351889,  1.000000000,
VCV (1),    0.015919550,  0.000726056, -0.000018218,
VCV (2),    0.000726056,  0.000045992, -0.000000102,
VCV (3),   -0.000018218, -0.000000102,  0.000000049,
St.dev,     0.126172701,  0.006781762,  0.000221098,
AutoCor,    0.573921606,  0.105581381,  0.372498907,

No.; 11; Score; 19.151776524526;
Markow Autoregressive (lag 1) bivariate joint 3 asset model uncond. params
uMean,     -0.000337040, -0.000055950,  0.000083662,
VCV (1),    0.032835166, -0.000040693, -0.000024148,
VCV (2),   -0.000040693,  0.000048931,  0.000000377,
VCV (3),   -0.000024148,  0.000000377,  0.000000050,
Cor (1),    1.000000000, -0.032103870, -0.593524282,
Cor (2),   -0.032103870,  1.000000000,  0.240139106,
Cor (3),   -0.593524282,  0.240139106,  1.000000000,
St.dev,     0.181204762,  0.006995080,  0.000224525,
Skewness,  -0.237931077, -0.003368947,  0.326807575,
Kurtosis,  -0.328982513,  0.001308283,  0.193083482,
AutoCor,    0.088921734,  0.112612376,  0.231715638,
Markow Autoregressive (lag 1) bivariate joint 3 asset model cond. params
uProb.,   0.536392648,  0.463607352,
Prob (1),   0.300006844,  0.699993156,
Prob (2),   0.809890484,  0.190109516,
Mean,      0.112445972, -0.000399157, -0.000000693,
Cor (1),    1.000000000, -0.984403354, -0.236473560,
Cor (2),   -0.984403354,  1.000000000,  0.674963647,
Cor (3),   -0.236473560,  0.674963647,  1.000000000,
VCV (1),    0.008672587, -0.000642619, -0.000003344,
VCV (2),   -0.000642619,  0.000049137,  0.000000718,
VCV (3),   -0.000003344,  0.000000718,  0.000000023,
St.dev,     0.093126727,  0.007009811,  0.000151834,
Mean,     -0.130826728,  0.000341140,  0.000181261,
Cor (1),    1.000000000,  0.863696228, -0.637088173,
Cor (2),    0.863696228,  1.000000000, -0.078340024,
Cor (3),   -0.637088173, -0.078340024,  1.000000000,
VCV (1),    0.016111171,  0.000751755, -0.000018336,
VCV (2),    0.000751755,  0.000047022, -0.000000122,
VCV (3),   -0.000018336, -0.000000122,  0.000000051,
St.dev,     0.126929787,  0.006857276,  0.000226742,
AutoCor,    0.575319775,  0.114351010,  0.376471319,

No.; 12; Score; 19.242709597952;
Markow Autoregressive (lag 1) bivariate joint 3 asset model uncond. params
uMean,     -0.000579102,  0.000007065,  0.000089669,
VCV (1),    0.034299153, -0.000031991, -0.000024283,
VCV (2),   -0.000031991,  0.000048417,  0.000000366,
VCV (3),   -0.000024283,  0.000000366,  0.000000049,
Cor (1),    1.000000000, -0.024824467, -0.592943738,
Cor (2),   -0.024824467,  1.000000000,  0.238047720,
Cor (3),   -0.592943738,  0.238047720,  1.000000000,
St.dev,     0.185200305,  0.006958264,  0.000221125,
Skewness,  -0.254255781, -0.000272329,  0.337889019,
Kurtosis,  -0.346649866, -0.000002623,  0.211241674,
AutoCor,    0.078355500,  0.109656840,  0.221871843,
Markow Autoregressive (lag 1) bivariate joint 3 asset model cond. params
uProb.,   0.533494027,  0.466505973,
Prob (1),   0.305588835,  0.694411165,
Prob (2),   0.794125326,  0.205874674,
Mean,      0.116971758, -0.000306820,  0.000006685,
Cor (1),    1.000000000, -0.997350221, -0.228385620,
Cor (2),   -0.997350221,  1.000000000,  0.673959204,
Cor (3),   -0.228385620,  0.673959204,  1.000000000,
VCV (1),    0.008780185, -0.000646117, -0.000003208,
VCV (2),   -0.000646117,  0.000047800,  0.000000698,
VCV (3),   -0.000003208,  0.000000698,  0.000000022,
St.dev,     0.093702644,  0.006913718,  0.000149900,
Mean,     -0.135009710,  0.000366023,  0.000184568,
Cor (1),    1.000000000,  0.842777112, -0.637690517,
Cor (2),    0.842777112,  1.000000000, -0.068172104,
Cor (3),   -0.637690517, -0.068172104,  1.000000000,
VCV (1),    0.017055469,  0.000759405, -0.000018798,
VCV (2),    0.000759405,  0.000047606, -0.000000106,
VCV (3),   -0.000018798, -0.000000106,  0.000000051,
St.dev,     0.130596587,  0.006899681,  0.000225724,
AutoCor,    0.562672363,  0.111052133,  0.358251616,

No.; 13; Score; 19.956491179135;
Markow Autoregressive (lag 1) bivariate joint 3 asset model uncond. params
uMean,     -0.000748768,  0.000075143,  0.000085379,
VCV (1),    0.032761176, -0.000038393, -0.000024077,
VCV (2),   -0.000038393,  0.000048813,  0.000000416,
VCV (3),   -0.000024077,  0.000000416,  0.000000050,
Cor (1),    1.000000000, -0.030359815, -0.592530136,
Cor (2),   -0.030359815,  1.000000000,  0.265413873,
Cor (3),   -0.592530136,  0.265413873,  1.000000000,
St.dev,     0.181000487,  0.006986657,  0.000224497,
Skewness,  -0.238552478, -0.002167450,  0.316170712,
Kurtosis,  -0.327983259,  0.000374255,  0.169884629,
AutoCor,    0.095411088,  0.105382714,  0.227228134,
Markow Autoregressive (lag 1) bivariate joint 3 asset model cond. params
uProb.,   0.529908728,  0.470091272,
Prob (1),   0.294178136,  0.705821864,
Prob (2),   0.795635206,  0.204364794,
Mean,      0.113038245, -0.000325314, -0.000000605,
Cor (1),    1.000000000, -0.998853906, -0.221240039,
Cor (2),   -0.998853906,  1.000000000,  0.699794067,
Cor (3),   -0.221240039,  0.699794067,  1.000000000,
VCV (1),    0.008515847, -0.000642755, -0.000003126,
VCV (2),   -0.000642755,  0.000048625,  0.000000747,
VCV (3),   -0.000003126,  0.000000747,  0.000000023,
St.dev,     0.092281345,  0.006973162,  0.000153092,
Mean,     -0.129014778,  0.000526556,  0.000182304,
Cor (1),    1.000000000,  0.854140857, -0.637225722,
Cor (2),    0.854140857,  1.000000000, -0.045928305,
Cor (3),   -0.637225722, -0.045928305,  1.000000000,
VCV (1),    0.016270262,  0.000750431, -0.000018303,
VCV (2),    0.000750431,  0.000047443, -0.000000071,
VCV (3),   -0.000018303, -0.000000071,  0.000000051,
St.dev,     0.127554937,  0.006887856,  0.000225181,
AutoCor,    0.574944983,  0.107638388,  0.371597942,

No.; 14; Score; 20.189263405914;
Markow Autoregressive (lag 1) bivariate joint 3 asset model uncond. params
uMean,     -0.001301560,  0.000001331,  0.000085802,
VCV (1),    0.032714500, -0.000043002, -0.000023612,
VCV (2),   -0.000043002,  0.000048091,  0.000000393,
VCV (3),   -0.000023612,  0.000000393,  0.000000049,
Cor (1),    1.000000000, -0.034283796, -0.592222814,
Cor (2),   -0.034283796,  1.000000000,  0.257224153,
Cor (3),   -0.592222814,  0.257224153,  1.000000000,
St.dev,     0.180871502,  0.006934793,  0.000220432,
Skewness,  -0.241938279, -0.003684943,  0.323314317,
Kurtosis,  -0.328958029,  0.001487397,  0.209665579,
AutoCor,    0.080618301,  0.113903369,  0.226840347,
Markow Autoregressive (lag 1) bivariate joint 3 asset model cond. params
uProb.,   0.534540805,  0.465459195,
Prob (1),   0.296615685,  0.703384315,
Prob (2),   0.807777828,  0.192222172,
Mean,      0.111726694, -0.000349335,  0.000005729,
Cor (1),    1.000000000, -0.997619705, -0.256103784,
Cor (2),   -0.997619705,  1.000000000,  0.681548901,
Cor (3),   -0.256103784,  0.681548901,  1.000000000,
VCV (1),    0.008812561, -0.000651120, -0.000003637,
VCV (2),   -0.000651120,  0.000048338,  0.000000717,
VCV (3),   -0.000003637,  0.000000717,  0.000000023,
St.dev,     0.093875240,  0.006952559,  0.000151274,
Mean,     -0.131105019,  0.000404042,  0.000177760,
Cor (1),    1.000000000,  0.865345447, -0.640125062,
Cor (2),    0.865345447,  1.000000000, -0.052146274,
Cor (3),   -0.640125062, -0.052146274,  1.000000000,
VCV (1),    0.016408097,  0.000752809, -0.000018499,
VCV (2),    0.000752809,  0.000046125, -0.000000080,
VCV (3),   -0.000018499, -0.000000080,  0.000000051,
St.dev,     0.128094094,  0.006791504,  0.000225608,
AutoCor,    0.561816662,  0.115744235,  0.358652654,

No.; 15; Score; 23.066106403693;
Markow Autoregressive (lag 1) bivariate joint 3 asset model uncond. params
uMean,     -0.000368740,  0.000016543,  0.000088020,
VCV (1),    0.032499242, -0.000047170, -0.000023433,
VCV (2),   -0.000047170,  0.000047004,  0.000000395,
VCV (3),   -0.000023433,  0.000000395,  0.000000048,
Cor (1),    1.000000000, -0.038165045, -0.591330073,
Cor (2),   -0.038165045,  1.000000000,  0.262171937,
Cor (3),   -0.591330073,  0.262171937,  1.000000000,
St.dev,     0.180275460,  0.006855945,  0.000219821,
Skewness,  -0.230544709, -0.003302771,  0.320470898,
Kurtosis,  -0.339529282,  0.001147523,  0.180607155,
AutoCor,    0.086895695,  0.105965235,  0.218308629,
Markow Autoregressive (lag 1) bivariate joint 3 asset model cond. params
uProb.,   0.533705034,  0.466294966,
Prob (1),   0.304347028,  0.695652972,
Prob (2),   0.796220245,  0.203779755,
Mean,      0.112771752, -0.000336406,  0.000004827,
Cor (1),    1.000000000, -0.985698668, -0.234249195,
Cor (2),   -0.985698668,  1.000000000,  0.678583960,
Cor (3),   -0.234249195,  0.678583960,  1.000000000,
VCV (1),    0.008906331, -0.000639136, -0.000003347,
VCV (2),   -0.000639136,  0.000047206,  0.000000706,
VCV (3),   -0.000003347,  0.000000706,  0.000000023,
St.dev,     0.094373359,  0.006870682,  0.000151404,
Mean,     -0.129865420,  0.000420517,  0.000183241,
Cor (1),    1.000000000,  0.855999060, -0.636023988,
Cor (2),    0.855999060,  1.000000000, -0.041843979,
Cor (3),   -0.636023988, -0.041843979,  1.000000000,
VCV (1),    0.015992657,  0.000728582, -0.000017864,
VCV (2),    0.000728582,  0.000045299, -0.000000063,
VCV (3),   -0.000017864, -0.000000063,  0.000000049,
St.dev,     0.126462077,  0.006730464,  0.000222094,
AutoCor,    0.562005725,  0.107784237,  0.357563579,

No.; 16; Score; 24.110747997792;
Markow Autoregressive (lag 1) bivariate joint 3 asset model uncond. params
uMean,      0.001364733, -0.000044642,  0.000086552,
VCV (1),    0.034646886, -0.000055313, -0.000024428,
VCV (2),   -0.000055313,  0.000049297,  0.000000395,
VCV (3),   -0.000024428,  0.000000395,  0.000000049,
Cor (1),    1.000000000, -0.042323932, -0.591448827,
Cor (2),   -0.042323932,  1.000000000,  0.253246362,
Cor (3),   -0.591448827,  0.253246362,  1.000000000,
St.dev,     0.186136740,  0.007021186,  0.000221888,
Skewness,  -0.247781707, -0.002699530,  0.327576079,
Kurtosis,  -0.339317981,  0.000563690,  0.180817914,
AutoCor,    0.085150071,  0.114985143,  0.215631497,
Markow Autoregressive (lag 1) bivariate joint 3 asset model cond. params
uProb.,   0.537454057,  0.462545943,
Prob (1),   0.307154487,  0.692845513,
Prob (2),   0.805050043,  0.194949957,
Mean,      0.118068677, -0.000449922,  0.000001545,
Cor (1),    1.000000000, -0.978487793, -0.227739575,
Cor (2),   -0.978487793,  1.000000000,  0.675398413,
Cor (3),   -0.227739575,  0.675398413,  1.000000000,
VCV (1),    0.008871048, -0.000645809, -0.000003255,
VCV (2),   -0.000645809,  0.000049105,  0.000000718,
VCV (3),   -0.000003255,  0.000000718,  0.000000023,
St.dev,     0.094186239,  0.007007468,  0.000151742,
Mean,     -0.134239112,  0.000426273,  0.000185326,
Cor (1),    1.000000000,  0.835166443, -0.629455385,
Cor (2),    0.835166443,  1.000000000, -0.065245395,
Cor (3),   -0.629455385, -0.065245395,  1.000000000,
VCV (1),    0.016911489,  0.000749679, -0.000018293,
VCV (2),    0.000749679,  0.000047646, -0.000000101,
VCV (3),   -0.000018293, -0.000000101,  0.000000050,
St.dev,     0.130044182,  0.006902580,  0.000223479,
AutoCor,    0.575389868,  0.117367123,  0.362337395,

No.; 17; Score; 27.453182499325;
Markow Autoregressive (lag 1) bivariate joint 3 asset model uncond. params
uMean,      0.000583509, -0.000066277,  0.000087862,
VCV (1),    0.034805568, -0.000084756, -0.000024269,
VCV (2),   -0.000084756,  0.000048312,  0.000000419,
VCV (3),   -0.000024269,  0.000000419,  0.000000050,
Cor (1),    1.000000000, -0.065360810, -0.583190820,
Cor (2),   -0.065360810,  1.000000000,  0.270319012,
Cor (3),   -0.583190820,  0.270319012,  1.000000000,
St.dev,     0.186562505,  0.006950673,  0.000223059,
Skewness,  -0.231093312, -0.006464540,  0.318437295,
Kurtosis,  -0.325332311,  0.002377115,  0.200307023,
AutoCor,    0.093065926,  0.099790207,  0.238812530,
Markow Autoregressive (lag 1) bivariate joint 3 asset model cond. params
uProb.,   0.537547196,  0.462452804,
Prob (1),   0.301002729,  0.698997271,
Prob (2),   0.812502422,  0.187497578,
Mean,      0.115992148, -0.000544271,  0.000006728,
Cor (1),    1.000000000, -0.990902862, -0.227240967,
Cor (2),   -0.990902862,  1.000000000,  0.704877832,
Cor (3),   -0.227240967,  0.704877832,  1.000000000,
VCV (1),    0.009359713, -0.000670077, -0.000003346,
VCV (2),   -0.000670077,  0.000048857,  0.000000750,
VCV (3),   -0.000003346,  0.000000750,  0.000000023,
St.dev,     0.096745609,  0.006989760,  0.000152213,
Mean,     -0.133565511,  0.000489334,  0.000182171,
Cor (1),    1.000000000,  0.834020008, -0.636578358,
Cor (2),    0.834020008,  1.000000000, -0.061347177,
Cor (3),   -0.636578358, -0.061347177,  1.000000000,
VCV (1),    0.016972796,  0.000736927, -0.000018784,
VCV (2),    0.000736927,  0.000045998, -0.000000094,
VCV (3),   -0.000018784, -0.000000094,  0.000000051,
St.dev,     0.130279685,  0.006782209,  0.000226492,
AutoCor,    0.577440063,  0.103169149,  0.375169500,

No.; 18; Score; 10000;
Markow Autoregressive (lag 1) bivariate joint 3 asset model uncond. params
uMean,      0.002512605, -0.000157652,  0.000083500,
VCV (1),    0.033612501, -0.000040170, -0.000024111,
VCV (2),   -0.000040170,  0.000048684,  0.000000391,
VCV (3),   -0.000024111,  0.000000391,  0.000000049,
Cor (1),    1.000000000, -0.031402224, -0.593975729,
Cor (2),   -0.031402224,  1.000000000,  0.253210707,
Cor (3),   -0.593975729,  0.253210707,  1.000000000,
St.dev,     0.183337124,  0.006977423,  0.000221407,
Skewness,  -0.251969765, -0.004450746,  0.341328271,
Kurtosis,  -0.321494509,  0.001755429,  0.221743444,
AutoCor,    0.091330824,  0.103593282,  0.226739173,
Markow Autoregressive (lag 1) bivariate joint 3 asset model cond. params
uProb.,   0.531241330,  0.468758670,
Prob (1),   0.292756551,  0.707243449,
Prob (2),   0.801514671,  0.198485329,
Mean,      0.117542827, -0.000551764,  0.000000874,
Cor (1),    1.000000000, -0.989518872, -0.242035864,
Cor (2),   -0.989518872,  1.000000000,  0.710773413,
Cor (3),   -0.242035864,  0.710773413,  1.000000000,
VCV (1),    0.008517360, -0.000639953, -0.000003316,
VCV (2),   -0.000639953,  0.000049107,  0.000000739,
VCV (3),   -0.000003316,  0.000000739,  0.000000022,
St.dev,     0.092289546,  0.007007636,  0.000148463,
Mean,     -0.127850440,  0.000288992,  0.000177139,
Cor (1),    1.000000000,  0.840777063, -0.634941395,
Cor (2),    0.840777063,  1.000000000, -0.071955185,
Cor (3),   -0.634941395, -0.071955185,  1.000000000,
VCV (1),    0.016945451,  0.000747709, -0.000018736,
VCV (2),    0.000747709,  0.000046671, -0.000000111,
VCV (3),   -0.000018736, -0.000000111,  0.000000051,
St.dev,     0.130174694,  0.006831646,  0.000226685,
AutoCor,    0.574697583,  0.105815390,  0.364578008,

No.; 19; Score; 10000;
Markow Autoregressive (lag 1) bivariate joint 3 asset model uncond. params
uMean,      0.002236994, -0.000080891,  0.000085082,
VCV (1),    0.034134356, -0.000052178, -0.000024267,
VCV (2),   -0.000052178,  0.000047333,  0.000000385,
VCV (3),   -0.000024267,  0.000000385,  0.000000049,
Cor (1),    1.000000000, -0.041049241, -0.592199309,
Cor (2),   -0.041049241,  1.000000000,  0.252447473,
Cor (3),   -0.592199309,  0.252447473,  1.000000000,
St.dev,     0.184754853,  0.006879909,  0.000221799,
Skewness,  -0.234950837, -0.003133390,  0.326585223,
Kurtosis,  -0.328284759,  0.000834438,  0.194800417,
AutoCor,    0.091054185,  0.112292030,  0.219212698,
Markow Autoregressive (lag 1) bivariate joint 3 asset model cond. params
uProb.,   0.533219046,  0.466780954,
Prob (1),   0.298477511,  0.701522489,
Prob (2),   0.801371928,  0.198628072,
Mean,      0.117659737, -0.000470169,  0.000001847,
Cor (1),    1.000000000, -0.997437573, -0.240813941,
Cor (2),   -0.997437573,  1.000000000,  0.678512671,
Cor (3),   -0.240813941,  0.678512671,  1.000000000,
VCV (1),    0.009172702, -0.000657127, -0.000003502,
VCV (2),   -0.000657127,  0.000047318,  0.000000709,
VCV (3),   -0.000003502,  0.000000709,  0.000000023,
St.dev,     0.095774225,  0.006878836,  0.000151835,
Mean,     -0.129614155,  0.000363793,  0.000180163,
Cor (1),    1.000000000,  0.851915979, -0.637145985,
Cor (2),    0.851915979,  1.000000000, -0.061807480,
Cor (3),   -0.637145985, -0.061807480,  1.000000000,
VCV (1),    0.016929436,  0.000748953, -0.000018683,
VCV (2),    0.000748953,  0.000045653, -0.000000094,
VCV (3),   -0.000018683, -0.000000094,  0.000000051,
St.dev,     0.130113165,  0.006756734,  0.000225366,
AutoCor,    0.568914502,  0.114550131,  0.357648076,

No.; 20; Score; 10000;
Markow Autoregressive (lag 1) bivariate joint 3 asset model uncond. params
uMean,      0.001947862, -0.000085482,  0.000087439,
VCV (1),    0.033198061, -0.000050059, -0.000023803,
VCV (2),   -0.000050059,  0.000048297,  0.000000397,
VCV (3),   -0.000023803,  0.000000397,  0.000000048,
Cor (1),    1.000000000, -0.039533153, -0.594079465,
Cor (2),   -0.039533153,  1.000000000,  0.259856594,
Cor (3),   -0.594079465,  0.259856594,  1.000000000,
St.dev,     0.182203350,  0.006949614,  0.000219900,
Skewness,  -0.230025611, -0.005573491,  0.330525656,
Kurtosis,  -0.343712109,  0.003431479,  0.192254560,
AutoCor,    0.084350471,  0.113834885,  0.226254452,
Markow Autoregressive (lag 1) bivariate joint 3 asset model cond. params
uProb.,   0.530809555,  0.469190445,
Prob (1),   0.292988572,  0.707011428,
Prob (2),   0.799863736,  0.200136264,
Mean,      0.117111622, -0.000440941,  0.000003613,
Cor (1),    1.000000000, -0.999817944, -0.217133521,
Cor (2),   -0.999817944,  1.000000000,  0.685480444,
Cor (3),   -0.217133521,  0.685480444,  1.000000000,
VCV (1),    0.008769014, -0.000655893, -0.000003014,
VCV (2),   -0.000655893,  0.000049077,  0.000000712,
VCV (3),   -0.000003014,  0.000000712,  0.000000022,
St.dev,     0.093643013,  0.007005466,  0.000148243,
Mean,     -0.128340435,  0.000316659,  0.000182273,
Cor (1),    1.000000000,  0.854137659, -0.644626454,
Cor (2),    0.854137659,  1.000000000, -0.042577743,
Cor (3),   -0.644626454, -0.042577743,  1.000000000,
VCV (1),    0.016171358,  0.000734576, -0.000018227,
VCV (2),    0.000734576,  0.000045737, -0.000000064,
VCV (3),   -0.000018227, -0.000000064,  0.000000049,
St.dev,     0.127166655,  0.006762939,  0.000222343,
AutoCor,    0.571942456,  0.115677450,  0.370489263,

No.; 21; Score; 10000;
Markow Autoregressive (lag 1) bivariate joint 3 asset model uncond. params
uMean,      0.003524378, -0.000028247,  0.000084367,
VCV (1),    0.033008412, -0.000045177, -0.000023188,
VCV (2),   -0.000045177,  0.000047741,  0.000000398,
VCV (3),   -0.000023188,  0.000000398,  0.000000047,
Cor (1),    1.000000000, -0.035987900, -0.585994698,
Cor (2),   -0.035987900,  1.000000000,  0.264578215,
Cor (3),   -0.585994698,  0.264578215,  1.000000000,
St.dev,     0.181682174,  0.006909482,  0.000217800,
Skewness,  -0.239951229, -0.001553659,  0.333882217,
Kurtosis,  -0.336563893,  0.000255422,  0.205323218,
AutoCor,    0.086641506,  0.109329480,  0.221961837,
Markow Autoregressive (lag 1) bivariate joint 3 asset model cond. params
uProb.,   0.537061725,  0.462938275,
Prob (1),   0.302538343,  0.697461657,
Prob (2),   0.809135863,  0.190864137,
Mean,      0.117061326, -0.000367636,  0.000002895,
Cor (1),    1.000000000, -0.982830639, -0.226015357,
Cor (2),   -0.982830639,  1.000000000,  0.700396216,
Cor (3),   -0.226015357,  0.700396216,  1.000000000,
VCV (1),    0.008567752, -0.000626743, -0.000003096,
VCV (2),   -0.000626743,  0.000047463,  0.000000714,
VCV (3),   -0.000003096,  0.000000714,  0.000000022,
St.dev,     0.092562151,  0.006889333,  0.000147971,
Mean,     -0.128191559,  0.000365483,  0.000178883,
Cor (1),    1.000000000,  0.841049280, -0.629736317,
Cor (2),    0.841049280,  1.000000000, -0.045944443,
Cor (3),   -0.629736317, -0.045944443,  1.000000000,
VCV (1),    0.016028023,  0.000726136, -0.000017669,
VCV (2),    0.000726136,  0.000046506, -0.000000069,
VCV (3),   -0.000017669, -0.000000069,  0.000000049,
St.dev,     0.126601830,  0.006819564,  0.000221617,
AutoCor,    0.578043530,  0.111058310,  0.363147344,

No.; 22; Score; 10000;
Markow Autoregressive (lag 1) bivariate joint 3 asset model uncond. params
uMean,     -0.002299013, -0.000065297,  0.000084150,
VCV (1),    0.034427587, -0.000051491, -0.000024128,
VCV (2),   -0.000051491,  0.000047186,  0.000000385,
VCV (3),   -0.000024128,  0.000000385,  0.000000048,
Cor (1),    1.000000000, -0.040398793, -0.590870382,
Cor (2),   -0.040398793,  1.000000000,  0.254962546,
Cor (3),   -0.590870382,  0.254962546,  1.000000000,
St.dev,     0.185546724,  0.006869195,  0.000220077,
Skewness,  -0.229076252, -0.002629640,  0.312485028,
Kurtosis,  -0.319227066,  0.000610049,  0.185721175,
AutoCor,    0.100763336,  0.111305220,  0.238543584,
Markow Autoregressive (lag 1) bivariate joint 3 asset model cond. params
uProb.,   0.535556792,  0.464443208,
Prob (1),   0.299510058,  0.700489942,
Prob (2),   0.807746005,  0.192253995,
Mean,      0.112356298, -0.000442274,  0.000003150,
Cor (1),    1.000000000, -0.985912915, -0.230953101,
Cor (2),   -0.985912915,  1.000000000,  0.674400122,
Cor (3),   -0.230953101,  0.674400122,  1.000000000,
VCV (1),    0.009255807, -0.000650837, -0.000003346,
VCV (2),   -0.000650837,  0.000047082,  0.000000697,
VCV (3),   -0.000003346,  0.000000697,  0.000000023,
St.dev,     0.096207106,  0.006861615,  0.000150600,
