Round No; 4; best result RLS; 86.962580525609

;;;
Statistical description of data for: Meginajums1
Calib/Tail/Per/Cur, 4176, 9999, 23, 0,
Title,    PE MARKET w  ,EQUITY LM SNP,REX BOND     ,
Mean,       0.000104436,  0.000075211,  0.000042226,
VCV (1),    0.033533792, -0.000018247, -0.000000770,
VCV (2),   -0.000018247,  0.000044333, -0.000000146,
VCV (3),   -0.000000770, -0.000000146,  0.000000045,
St.dev,     0.183122341,  0.006658326,  0.000210996,
Skewness,  -0.359429482, -0.013261914,  0.151860187,
Kurtosis,  20.092276212,  7.412958555, 34.388660560,
AutoCor,   -0.271804758, -0.019537378, -0.152000145,
No.; 1; Score; 86.962580525609;
Markow Autoregressive (lag 1) bivariate joint 3 asset model uncond. params
uMean,      0.000831366,  0.000397731,  0.000287496,
VCV (1),    0.034629594,  0.000848487,  0.000056441,
VCV (2),    0.000848487,  0.000085405, -0.000002560,
VCV (3),    0.000056441, -0.000002560,  0.000002052,
Cor (1),    1.000000000,  0.493377675,  0.211712519,
Cor (2),    0.493377675,  1.000000000, -0.193377108,
Cor (3),    0.211712519, -0.193377108,  1.000000000,
St.dev,     0.186090284,  0.009241494,  0.001432601,
Skewness,   0.342337388,  0.712112481, -0.428678774,
Kurtosis,   0.092889826, -0.044071402,  3.462164175,
AutoCor,    0.225426187, -0.027641759,  0.027574019,
Markow Autoregressive (lag 1) bivariate joint 3 asset model cond. params
uProb.,   0.627417470,  0.372582530,
Prob (1),   0.426753227,  0.573246773,
Prob (2),   0.965329854,  0.034670146,
Mean,     -0.075725418, -0.005039600,  0.000435187,
Cor (1),    1.000000000,  0.599842656, -0.003769345,
Cor (2),    0.599842656,  1.000000000,  0.960876776,
Cor (3),   -0.003769345,  0.960876776,  1.000000000,
VCV (1),    0.012777152,  0.000086539, -0.000000244,
VCV (2),    0.000086539,  0.000001629,  0.000000701,
VCV (3),   -0.000000244,  0.000000701,  0.000000327,
St.dev,     0.113036066,  0.001276309,  0.000571948,
Mean,      0.129750627,  0.009554030,  0.000038789,
Cor (1),    1.000000000,  0.094711507,  0.557209339,
Cor (2),    0.094711507,  1.000000000, -0.284915045,
Cor (3),    0.557209339, -0.284915045,  1.000000000,
VCV (1),    0.026273683,  0.000106143,  0.000198932,
VCV (2),    0.000106143,  0.000047803, -0.000004339,
VCV (3),    0.000198932, -0.000004339,  0.000004851,
St.dev,     0.162091589,  0.006913962,  0.002202547,
AutoCor,    0.529967836,  0.686500911,  0.037891349,

No.; 2; Score; 492.34453882756;
Markow Autoregressive (lag 1) bivariate joint 3 asset model uncond. params
uMean,      0.003976628,  0.002009279,  0.000185739,
VCV (1),    0.034032348, -0.001256930, -0.000047929,
VCV (2),   -0.001256930,  0.000304059,  0.000006137,
VCV (3),   -0.000047929,  0.000006137,  0.000000561,
Cor (1),    1.000000000, -0.390738374, -0.347028339,
Cor (2),   -0.390738374,  1.000000000,  0.470082068,
Cor (3),   -0.347028339,  0.470082068,  1.000000000,
St.dev,     0.184478585,  0.017437289,  0.000748673,
Skewness,  -0.380339941,  0.057040566, -0.448820819,
Kurtosis,   0.533853866,  0.061980452,  3.247619251,
AutoCor,    0.176159695,  0.697112385,  0.198825050,
Markow Autoregressive (lag 1) bivariate joint 3 asset model cond. params
uProb.,   0.818779569,  0.181220431,
Prob (1),   0.887004242,  0.112995758,
Prob (2),   0.510530836,  0.489469164,
Mean,      0.038975376,  0.000588643,  0.000237577,
Cor (1),    1.000000000, -0.480785372, -0.210549586,
Cor (2),   -0.480785372,  1.000000000,  0.833254607,
Cor (3),   -0.210549586,  0.833254607,  1.000000000,
VCV (1),    0.024389534, -0.000877806, -0.000016973,
VCV (2),   -0.000877806,  0.000136676,  0.000005028,
VCV (3),   -0.000016973,  0.000005028,  0.000000266,
St.dev,     0.156171488,  0.011690833,  0.000516168,
Mean,     -0.154152668,  0.008427912, -0.000048475,
Cor (1),    1.000000000, -0.400063315, -0.819085075,
Cor (2),   -0.400063315,  1.000000000,  0.440267565,
Cor (3),   -0.819085075,  0.440267565,  1.000000000,
VCV (1),    0.044098053, -0.001177448, -0.000224745,
VCV (2),   -0.001177448,  0.000196429,  0.000008063,
VCV (3),   -0.000224745,  0.000008063,  0.000001707,
St.dev,     0.209995364,  0.014015328,  0.001306628,
AutoCor,    0.137258691,  0.707025430,  0.194891805,

No.; 3; Score; 919.99423131807;
Markow Autoregressive (lag 1) bivariate joint 3 asset model uncond. params
uMean,      0.005259016,  0.007228973, -0.000126418,
VCV (1),    0.034972569, -0.001213188,  0.000289270,
VCV (2),   -0.001213188,  0.000425919,  0.000004586,
VCV (3),    0.000289270,  0.000004586,  0.000015645,
Cor (1),    1.000000000, -0.314340874,  0.391072342,
Cor (2),   -0.314340874,  1.000000000,  0.056174984,
Cor (3),    0.391072342,  0.056174984,  1.000000000,
St.dev,     0.187009542,  0.020637798,  0.003955329,
Skewness,   0.359268021, -0.838876627,  0.000286126,
Kurtosis,  -0.272478855,  8.456552651,  0.000351482,
AutoCor,    0.393810332,  0.313799554,  0.473081213,
Markow Autoregressive (lag 1) bivariate joint 3 asset model cond. params
uProb.,   0.774465819,  0.225534181,
Prob (1),   0.831228381,  0.168771619,
Prob (2),   0.579547851,  0.420452149,
Mean,     -0.066509522,  0.009120188, -0.000145807,
Cor (1),    1.000000000,  0.074396802,  0.486830099,
Cor (2),    0.074396802,  1.000000000, -0.335385184,
Cor (3),    0.486830099, -0.335385184,  1.000000000,
VCV (1),    0.013186592,  0.000021394,  0.000194130,
VCV (2),    0.000021394,  0.000006271, -0.000002916,
VCV (3),    0.000194130, -0.000002916,  0.000012059,
St.dev,     0.114832886,  0.002504181,  0.003472555,
Mean,      0.251706269,  0.000734694, -0.000059839,
Cor (1),    1.000000000, -0.733880112,  0.812872891,
Cor (2),   -0.733880112,  1.000000000,  0.195231768,
Cor (3),    0.812872891,  0.195231768,  1.000000000,
VCV (1),    0.009074154, -0.002822223,  0.000272980,
VCV (2),   -0.002822223,  0.001629770,  0.000027786,
VCV (3),    0.000272980,  0.000027786,  0.000012428,
St.dev,     0.095258355,  0.040370413,  0.003525373,
AutoCor,    0.539243528,  0.315644049,  0.473099483,

No.; 4; Score; 1039.9756506211;
Markow Autoregressive (lag 1) bivariate joint 3 asset model uncond. params
uMean,      0.000939476,  0.008088738, -0.000002888,
VCV (1),    0.028032409, -0.000241293, -0.000132231,
VCV (2),   -0.000241293,  0.000023451,  0.000006657,
VCV (3),   -0.000132231,  0.000006657,  0.000006440,
Cor (1),    1.000000000, -0.297602440, -0.311205255,
Cor (2),   -0.297602440,  1.000000000,  0.541661555,
Cor (3),   -0.311205255,  0.541661555,  1.000000000,
St.dev,     0.167428818,  0.004842603,  0.002537800,
Skewness,   0.813582674, -0.605301969, -0.020643769,
Kurtosis,   3.149820911,  0.819197720,  0.622040293,
AutoCor,    0.450247729,  0.149333548,  0.144082701,
Markow Autoregressive (lag 1) bivariate joint 3 asset model cond. params
uProb.,   0.227930534,  0.772069466,
Prob (1),   0.356718934,  0.643281066,
Prob (2),   0.189909591,  0.810090409,
Mean,      0.090085701,  0.003640510, -0.000073517,
Cor (1),    1.000000000, -0.231907080, -0.093983374,
Cor (2),   -0.231907080,  1.000000000,  0.385936230,
Cor (3),   -0.093983374,  0.385936230,  1.000000000,
VCV (1),    0.064601690, -0.000322860, -0.000081636,
VCV (2),   -0.000322860,  0.000030002,  0.000007224,
VCV (3),   -0.000081636,  0.000007224,  0.000011679,
St.dev,     0.254168625,  0.005477452,  0.003417520,
Mean,     -0.025378295,  0.009401945,  0.000017963,
Cor (1),    1.000000000, -0.182248012, -0.751503624,
Cor (2),   -0.182248012,  1.000000000,  0.776511428,
Cor (3),   -0.751503624,  0.776511428,  1.000000000,
VCV (1),    0.006655297, -0.000054589, -0.000133176,
VCV (2),   -0.000054589,  0.000013481,  0.000006193,
VCV (3),   -0.000133176,  0.000006193,  0.000004719,
St.dev,     0.081580005,  0.003671614,  0.002172265,
AutoCor,    0.476136385,  0.143536410,  0.144077503,

No.; 5; Score; 1359.0201221679;
Markow Autoregressive (lag 1) bivariate joint 3 asset model uncond. params
uMean,      0.001831601,  0.006560558, -0.000165870,
VCV (1),    0.039438069, -0.000145250, -0.000064334,
VCV (2),   -0.000145250,  0.000268315, -0.000005065,
VCV (3),   -0.000064334, -0.000005065,  0.000001578,
Cor (1),    1.000000000, -0.044651482, -0.257911085,
Cor (2),   -0.044651482,  1.000000000, -0.246171021,
Cor (3),   -0.257911085, -0.246171021,  1.000000000,
St.dev,     0.198590204,  0.016380318,  0.001256073,
Skewness,  -1.589667909, -1.777271127, -0.009642051,
Kurtosis,   4.369053250,  8.085175568,  0.158704426,
AutoCor,    0.419674371,  0.159656517,  0.320338183,
Markow Autoregressive (lag 1) bivariate joint 3 asset model cond. params
uProb.,   0.857390567,  0.142609433,
Prob (1),   0.886674552,  0.113325448,
Prob (2),   0.681330601,  0.318669399,
Mean,      0.051043161,  0.009307429, -0.000173057,
Cor (1),    1.000000000,  0.597240479, -0.752629745,
Cor (2),    0.597240479,  1.000000000, -0.562680132,
Cor (3),   -0.752629745, -0.562680132,  1.000000000,
VCV (1),    0.008113734,  0.000461299, -0.000084672,
VCV (2),    0.000461299,  0.000073527, -0.000006026,
VCV (3),   -0.000084672, -0.000006026,  0.000001560,
St.dev,     0.090076270,  0.008574783,  0.001248964,
Mean,     -0.294036118, -0.009954066, -0.000122664,
Cor (1),    1.000000000, -0.998439381,  0.741312936,
Cor (2),   -0.998439381,  1.000000000,  0.131924945,
Cor (3),    0.741312936,  0.131924945,  1.000000000,
VCV (1),    0.073830026, -0.008940195,  0.000149028,
VCV (2),   -0.008940195,  0.001085969,  0.000003217,
VCV (3),    0.000149028,  0.000003217,  0.000000547,
St.dev,     0.271716813,  0.032954049,  0.000739861,
AutoCor,    0.545113729,  0.150360567,  0.320360818,

No.; 6; Score; 1411.5615843604;
Markow Autoregressive (lag 1) bivariate joint 3 asset model uncond. params
uMean,     -0.001711257, -0.000862207,  0.000027521,
VCV (1),    0.031150301,  0.003166877,  0.000197160,
VCV (2),    0.003166877,  0.000576777, -0.000017128,
VCV (3),    0.000197160, -0.000017128,  0.000002967,
Cor (1),    1.000000000,  0.747129912,  0.648540230,
Cor (2),    0.747129912,  1.000000000, -0.414050198,
Cor (3),    0.648540230, -0.414050198,  1.000000000,
St.dev,     0.176494478,  0.024016181,  0.001722470,
Skewness,  -0.128075539, -0.550616532, -0.149891022,
Kurtosis,   0.301724451,  1.127408324,  0.624168271,
AutoCor,    0.543552377,  0.237715313,  0.554521091,
Markow Autoregressive (lag 1) bivariate joint 3 asset model cond. params
uProb.,   0.448880139,  0.551119861,
Prob (1),   0.204915281,  0.795084719,
Prob (2),   0.647586423,  0.352413577,
Mean,     -0.029381276, -0.008960722,  0.000245267,
Cor (1),    1.000000000,  0.854241547,  0.773249972,
Cor (2),    0.854241547,  1.000000000, -0.809498906,
Cor (3),    0.773249972, -0.809498906,  1.000000000,
VCV (1),    0.032652232,  0.004556357,  0.000081018,
VCV (2),    0.004556357,  0.000871287, -0.000013855,
VCV (3),    0.000081018, -0.000013855,  0.000000336,
St.dev,     0.180699286,  0.029517568,  0.000579833,
Mean,      0.020825623,  0.005733931, -0.000149830,
Cor (1),    1.000000000,  0.590670756,  0.949932076,
Cor (2),    0.590670756,  1.000000000, -0.546453091,
Cor (3),    0.949932076, -0.546453091,  1.000000000,
VCV (1),    0.011194863,  0.000766387,  0.000183335,
VCV (2),    0.000766387,  0.000150379, -0.000012223,
VCV (3),    0.000183335, -0.000012223,  0.000003327,
St.dev,     0.105805779,  0.012262895,  0.001824082,
AutoCor,    0.563698834,  0.307162050,  0.567671835,

No.; 7; Score; 1418.7776362704;
Markow Autoregressive (lag 1) bivariate joint 3 asset model uncond. params
uMean,     -0.007133434,  0.004448341, -0.000050342,
VCV (1),    0.028227377,  0.001949206, -0.000087752,
VCV (2),    0.001949206,  0.000286700,  0.000042355,
VCV (3),   -0.000087752,  0.000042355,  0.000017238,
Cor (1),    1.000000000,  0.685186397, -0.125800985,
Cor (2),    0.685186397,  1.000000000,  0.602495185,
Cor (3),   -0.125800985,  0.602495185,  1.000000000,
St.dev,     0.168010051,  0.016932214,  0.004151829,
Skewness,  -0.504627960, -0.665927610, -0.156801711,
Kurtosis,  -1.307344787,  0.626191830,  2.015979252,
AutoCor,   -0.293761342,  0.376582765,  0.361602510,
Markow Autoregressive (lag 1) bivariate joint 3 asset model cond. params
uProb.,   0.404668700,  0.595331300,
Prob (1),   0.169296708,  0.830703292,
Prob (2),   0.564659747,  0.435340253,
Mean,     -0.198973911, -0.006593717, -0.000374270,
Cor (1),    1.000000000,  0.759462163, -0.752626057,
Cor (2),    0.759462163,  1.000000000,  0.776426580,
Cor (3),   -0.752626057,  0.776426580,  1.000000000,
VCV (1),    0.004818624,  0.000853020, -0.000298997,
VCV (2),    0.000853020,  0.000261808,  0.000071898,
VCV (3),   -0.000298997,  0.000071898,  0.000032753,
St.dev,     0.069416312,  0.016180480,  0.005723024,
Mean,      0.123267633,  0.011954036,  0.000169843,
Cor (1),    1.000000000, -0.603460846,  0.530299264,
Cor (2),   -0.603460846,  1.000000000,  0.723327390,
Cor (3),    0.530299264,  0.723327390,  1.000000000,
VCV (1),    0.000782145, -0.000018347,  0.000024528,
VCV (2),   -0.000018347,  0.000001182,  0.000001300,
VCV (3),    0.000024528,  0.000001300,  0.000002735,
St.dev,     0.027966850,  0.001087104,  0.001653878,
AutoCor,    0.497752450,  0.690472931,  0.364747608,

No.; 8; Score; 1814.8871865559;
Markow Autoregressive (lag 1) bivariate joint 3 asset model uncond. params
uMean,      0.001145132,  0.002529049, -0.000116893,
VCV (1),    0.037520186,  0.000105473,  0.000057406,
VCV (2),    0.000105473,  0.000621447,  0.000002652,
VCV (3),    0.000057406,  0.000002652,  0.000003248,
Cor (1),    1.000000000,  0.021842753,  0.164436904,
Cor (2),    0.021842753,  1.000000000,  0.059018643,
Cor (3),    0.164436904,  0.059018643,  1.000000000,
St.dev,     0.193701279,  0.024928840,  0.001802285,
Skewness,   0.514298918,  0.072698334,  0.053285536,
Kurtosis,  -1.297340895,  1.888375547,  1.009045703,
AutoCor,    0.042336263,  0.756119375,  0.593629090,
Markow Autoregressive (lag 1) bivariate joint 3 asset model cond. params
uProb.,   0.695837049,  0.304162951,
Prob (1),   0.699845668,  0.300154332,
Prob (2),   0.686666487,  0.313333513,
Mean,     -0.119353352,  0.001914294, -0.000155935,
Cor (1),    1.000000000, -0.638495177,  0.816723570,
Cor (2),   -0.638495177,  1.000000000,  0.410354058,
Cor (3),    0.816723570,  0.410354058,  1.000000000,
VCV (1),    0.005706325, -0.000011386,  0.000059841,
VCV (2),   -0.000011386,  0.000000056,  0.000000094,
VCV (3),    0.000059841,  0.000000094,  0.000000941,
St.dev,     0.075540223,  0.000236066,  0.000969937,
Mean,      0.276810889,  0.003935432, -0.000027577,
Cor (1),    1.000000000, -0.535436213, -0.405005611,
Cor (2),   -0.535436213,  1.000000000,  0.069698712,
Cor (3),   -0.405005611,  0.069698712,  1.000000000,
VCV (1),    0.000080506, -0.000141745, -0.000007919,
VCV (2),   -0.000141745,  0.000870502,  0.000004481,
VCV (3),   -0.000007919,  0.000004481,  0.000004748,
St.dev,     0.008972528,  0.029504269,  0.002179076,
AutoCor,    0.267422679,  0.757154422,  0.594252891,

No.; 9; Score; 1816.4872653068;
Markow Autoregressive (lag 1) bivariate joint 3 asset model uncond. params
uMean,      0.003479242,  0.004664830, -0.000085548,
VCV (1),    0.032707093, -0.000897639,  0.000494698,
VCV (2),   -0.000897639,  0.000745846,  0.000066644,
VCV (3),    0.000494698,  0.000066644,  0.000018834,
Cor (1),    1.000000000, -0.181742308,  0.630302314,
Cor (2),   -0.181742308,  1.000000000,  0.562298754,
Cor (3),    0.630302314,  0.562298754,  1.000000000,
St.dev,     0.180851025,  0.027310179,  0.004339803,
Skewness,  -0.074139727,  0.327138783,  0.019060950,
Kurtosis,   0.056803110,  0.663877911,  0.514624351,
AutoCor,    0.228120434,  0.606628577,  0.379342554,
Markow Autoregressive (lag 1) bivariate joint 3 asset model cond. params
uProb.,   0.407668673,  0.592331327,
Prob (1),   0.272871190,  0.727128810,
Prob (2),   0.500442277,  0.499557723,
Mean,      0.040211945,  0.013337958, -0.000004486,
Cor (1),    1.000000000, -0.609519404,  0.858233465,
Cor (2),   -0.609519404,  1.000000000,  0.875132887,
Cor (3),    0.858233465,  0.875132887,  1.000000000,
VCV (1),    0.023924995, -0.002641395,  0.000673372,
VCV (2),   -0.002641395,  0.000784946,  0.000124371,
VCV (3),    0.000673372,  0.000124371,  0.000025730,
St.dev,     0.154677068,  0.028016885,  0.005072521,
Mean,     -0.021801831, -0.001304402, -0.000141338,
Cor (1),    1.000000000,  0.123868190,  0.513422557,
Cor (2),    0.123868190,  1.000000000, -0.070559108,
Cor (3),    0.513422557, -0.070559108,  1.000000000,
VCV (1),    0.034056208,  0.000236816,  0.000292063,
VCV (2),    0.000236816,  0.000107326, -0.000002253,
VCV (3),    0.000292063, -0.000002253,  0.000009502,
St.dev,     0.184543242,  0.010359824,  0.003082502,
AutoCor,    0.241436828,  0.668852651,  0.379488323,

No.; 10; Score; 2030.9451653065;
Markow Autoregressive (lag 1) bivariate joint 3 asset model uncond. params
uMean,      0.007261204,  0.004754621,  0.000304544,
VCV (1),    0.037650186, -0.002776886,  0.000045878,
VCV (2),   -0.002776886,  0.000686341,  0.000032850,
VCV (3),    0.000045878,  0.000032850,  0.000003443,
Cor (1),    1.000000000, -0.546266410,  0.127416566,
Cor (2),   -0.546266410,  1.000000000,  0.675714482,
Cor (3),    0.127416566,  0.675714482,  1.000000000,
St.dev,     0.194036559,  0.026198108,  0.001855656,
Skewness,   0.513972907, -0.293928252, -0.006725439,
Kurtosis,  21.774865976,  0.957446455,  0.176203948,
AutoCor,    0.110623637,  0.113842627,  0.325122096,
Markow Autoregressive (lag 1) bivariate joint 3 asset model cond. params
uProb.,   0.884242042,  0.115757958,
Prob (1),   0.877645998,  0.122354002,
Prob (2),   0.934627335,  0.065372665,
Mean,      0.002785550,  0.006570330,  0.000298302,
Cor (1),    1.000000000, -0.709572545,  0.164969950,
Cor (2),   -0.709572545,  1.000000000,  0.775869285,
Cor (3),    0.164969950,  0.775869285,  1.000000000,
VCV (1),    0.000441695, -0.000343887,  0.000006376,
VCV (2),   -0.000343887,  0.000531761,  0.000032900,
VCV (3),    0.000006376,  0.000032900,  0.000003381,
St.dev,     0.021016534,  0.023059936,  0.001838874,
Mean,      0.041449446, -0.009115063,  0.000352225,
Cor (1),    1.000000000, -0.921015875,  0.671594562,
Cor (2),   -0.921015875,  1.000000000,  0.635705949,
Cor (3),    0.671594562,  0.635705949,  1.000000000,
VCV (1),    0.316540134, -0.020511447,  0.000331507,
VCV (2),   -0.020511447,  0.001566858,  0.000022077,
VCV (3),    0.000331507,  0.000022077,  0.000000770,
St.dev,     0.562618996,  0.039583554,  0.000877347,
AutoCor,    0.111307583,  0.120349266,  0.325155125,

No.; 11; Score; 2049.8942882734;
Markow Autoregressive (lag 1) bivariate joint 3 asset model uncond. params
uMean,     -0.002155445, -0.000690566,  0.000369322,
VCV (1),    0.037460528,  0.001054856,  0.000011444,
VCV (2),    0.001054856,  0.000707822, -0.000016563,
VCV (3),    0.000011444, -0.000016563,  0.000001696,
Cor (1),    1.000000000,  0.204853936,  0.045396043,
Cor (2),    0.204853936,  1.000000000, -0.477998969,
Cor (3),    0.045396043, -0.477998969,  1.000000000,
St.dev,     0.193547225,  0.026604927,  0.001302431,
Skewness,   0.569377760, -0.051836088, -0.013835063,
Kurtosis,   0.102266404,  0.046715393,  3.757443340,
AutoCor,    0.258694406,  0.672922351,  0.246418691,
Markow Autoregressive (lag 1) bivariate joint 3 asset model cond. params
uProb.,   0.402964515,  0.597035485,
Prob (1),   0.300772725,  0.699227275,
Prob (2),   0.471938079,  0.528061921,
Mean,     -0.124824756, -0.005929479,  0.000362777,
Cor (1),    1.000000000, -0.353154788,  0.351214323,
Cor (2),   -0.353154788,  1.000000000, -0.884607258,
Cor (3),    0.351214323, -0.884607258,  1.000000000,
VCV (1),    0.003721918, -0.000458152,  0.000042444,
VCV (2),   -0.000458152,  0.000452191, -0.000037262,
VCV (3),    0.000042444, -0.000037262,  0.000003924,
St.dev,     0.061007521,  0.021264773,  0.001980885,
Mean,      0.080639263,  0.002845398,  0.000373739,
Cor (1),    1.000000000,  0.327159195, -0.459500641,
Cor (2),    0.327159195,  1.000000000,  0.878177195,
Cor (3),   -0.459500641,  0.878177195,  1.000000000,
VCV (1),    0.035207604,  0.001046625, -0.000012271,
VCV (2),    0.001046625,  0.000290688,  0.000002131,
VCV (3),   -0.000012271,  0.000002131,  0.000000020,
St.dev,     0.187636894,  0.017049578,  0.000142323,
AutoCor,    0.418590002,  0.695606887,  0.246425808,

No.; 12; Score; 2068.340601791;
Markow Autoregressive (lag 1) bivariate joint 3 asset model uncond. params
uMean,      0.011780843, -0.003473755,  0.000148797,
VCV (1),    0.032289045, -0.000192421,  0.000081560,
VCV (2),   -0.000192421,  0.000830453, -0.000000923,
VCV (3),    0.000081560, -0.000000923,  0.000011003,
Cor (1),    1.000000000, -0.037159258,  0.136832133,
Cor (2),   -0.037159258,  1.000000000, -0.009652954,
Cor (3),    0.136832133, -0.009652954,  1.000000000,
St.dev,     0.179691527,  0.028817580,  0.003317106,
Skewness,   0.087666036, -0.005115944,  0.143517156,
Kurtosis,   2.153055003,  0.036089827,  3.033118578,
AutoCor,    0.025556572,  0.968477967,  0.162661250,
Markow Autoregressive (lag 1) bivariate joint 3 asset model cond. params
uProb.,   0.570690176,  0.429309824,
Prob (1),   0.329251590,  0.670748410,
Prob (2),   0.891639339,  0.108360661,
Mean,      0.006403447, -0.002489105,  0.000011824,
Cor (1),    1.000000000, -0.910215343,  0.160421962,
Cor (2),   -0.910215343,  1.000000000, -0.953846623,
Cor (3),    0.160421962, -0.953846623,  1.000000000,
VCV (1),    0.008503623, -0.000023678,  0.000014410,
VCV (2),   -0.000023678,  0.000000080, -0.000000262,
VCV (3),    0.000014410, -0.000000262,  0.000000949,
St.dev,     0.092215093,  0.000282102,  0.000974117,
Mean,      0.018929123, -0.004782671,  0.000330879,
Cor (1),    1.000000000, -0.146455196,  0.136672009,
Cor (2),   -0.146455196,  1.000000000, -0.021637443,
Cor (3),    0.136672009, -0.021637443,  1.000000000,
VCV (1),    0.063766154, -0.000389331,  0.000167732,
VCV (2),   -0.000389331,  0.000110825, -0.000001107,
VCV (3),    0.000167732, -0.000001107,  0.000023620,
St.dev,     0.252519611,  0.010527341,  0.004860051,
AutoCor,    0.026257336,  0.970857494,  0.164308416,

No.; 13; Score; 2365.9456204834;
Markow Autoregressive (lag 1) bivariate joint 3 asset model uncond. params
uMean,     -0.001896122, -0.005133879,  0.000285499,
VCV (1),    0.029733739,  0.003231931,  0.000012180,
VCV (2),    0.003231931,  0.000807594, -0.000002865,
VCV (3),    0.000012180, -0.000002865,  0.000000035,
Cor (1),    1.000000000,  0.659539336,  0.375258963,
Cor (2),    0.659539336,  1.000000000, -0.535638051,
Cor (3),    0.375258963, -0.535638051,  1.000000000,
St.dev,     0.172434737,  0.028418206,  0.000188237,
Skewness,   1.315779777,  0.673886523, -2.017006361,
Kurtosis,   7.968166557,  8.601721647,  4.119645907,
AutoCor,    0.206312073,  0.090229313,  0.286631777,
Markow Autoregressive (lag 1) bivariate joint 3 asset model cond. params
uProb.,   0.759234751,  0.240765249,
Prob (1),   0.805498072,  0.194501928,
Prob (2),   0.613346918,  0.386653082,
Mean,     -0.029052046, -0.007274989,  0.000362819,
Cor (1),    1.000000000,  0.105937135,  0.828058196,
Cor (2),    0.105937135,  1.000000000,  0.862767428,
Cor (3),    0.828058196,  0.862767428,  1.000000000,
VCV (1),    0.000710583,  0.000014898,  0.000000399,
VCV (2),    0.000014898,  0.000027831,  0.000000082,
VCV (3),    0.000000399,  0.000000082,  0.000000000,
St.dev,     0.026656772,  0.005275500,  0.000018065,
Mean,      0.083738005,  0.001617944,  0.000041679,
Cor (1),    1.000000000,  0.672177115,  0.902201683,
Cor (2),    0.672177115,  1.000000000, -0.715987385,
Cor (3),    0.902201683, -0.715987385,  1.000000000,
VCV (1),    0.106695271,  0.012382861,  0.000070448,
VCV (2),    0.012382861,  0.003180749, -0.000009653,
VCV (3),    0.000070448, -0.000009653,  0.000000057,
St.dev,     0.326642421,  0.056398129,  0.000239051,
AutoCor,    0.207513567,  0.088371601,  0.394052538,

No.; 14; Score; 2447.8582311666;
Markow Autoregressive (lag 1) bivariate joint 3 asset model uncond. params
uMean,      0.006576895,  0.001240499,  0.000059110,
VCV (1),    0.034020875,  0.000974192,  0.000494168,
VCV (2),    0.000974192,  0.000767076,  0.000001128,
VCV (3),    0.000494168,  0.000001128,  0.000159662,
Cor (1),    1.000000000,  0.190700885,  0.212031950,
Cor (2),    0.190700885,  1.000000000,  0.003222173,
Cor (3),    0.212031950,  0.003222173,  1.000000000,
St.dev,     0.184447485,  0.027696136,  0.012635748,
Skewness,  -1.898773606,  0.132011914,  0.000132894,
Kurtosis,  58.478290188, 43.005500847,  0.003363795,
AutoCor,    0.251241117,  0.113051750,  0.889927849,
Markow Autoregressive (lag 1) bivariate joint 3 asset model cond. params
uProb.,   0.983242773,  0.016757227,
Prob (1),   0.990470275,  0.009529725,
Prob (2),   0.559163694,  0.440836306,
Mean,      0.010119338,  0.001198467,  0.000062469,
Cor (1),    1.000000000, -0.514944602,  0.660968923,
Cor (2),   -0.514944602,  1.000000000,  0.050424495,
Cor (3),    0.660968923,  0.050424495,  1.000000000,
VCV (1),    0.012880688, -0.001139621,  0.000434263,
VCV (2),   -0.001139621,  0.000380243,  0.000005692,
VCV (3),    0.000434263,  0.000005692,  0.000033512,
St.dev,     0.113493119,  0.019499811,  0.005788980,
Mean,     -0.201278607,  0.003706798, -0.000137969,
Cor (1),    1.000000000,  0.777808242, -0.602334543,
Cor (2),    0.777808242,  1.000000000, -0.455786210,
Cor (3),   -0.602334543, -0.455786210,  1.000000000,
VCV (1),    1.109062813,  0.123886112, -0.002512331,
VCV (2),    0.123886112,  0.022874100, -0.000273020,
VCV (3),   -0.002512331, -0.000273020,  0.000015686,
St.dev,     1.053120512,  0.151241860,  0.003960600,
AutoCor,    0.247257734,  0.113008734,  0.889929750,

No.; 15; Score; 2610.86060004;
Markow Autoregressive (lag 1) bivariate joint 3 asset model uncond. params
uMean,      0.002797581,  0.002191063,  0.000105363,
VCV (1),    0.034077319, -0.000118138,  0.000106606,
VCV (2),   -0.000118138,  0.001021007,  0.000017698,
VCV (3),    0.000106606,  0.000017698,  0.000006618,
Cor (1),    1.000000000, -0.020028214,  0.224491157,
Cor (2),   -0.020028214,  1.000000000,  0.215306505,
Cor (3),    0.224491157,  0.215306505,  1.000000000,
St.dev,     0.184600431,  0.031953199,  0.002572463,
Skewness,  -0.243356856, -0.374728069, -0.068440600,
Kurtosis,  -0.094611770,  4.815248212,  1.289424263,
AutoCor,    0.454371562,  0.425962572,  0.368399646,
Markow Autoregressive (lag 1) bivariate joint 3 asset model cond. params
uProb.,   0.213250927,  0.786749073,
Prob (1),   0.058529289,  0.941470711,
Prob (2),   0.255188736,  0.744811264,
Mean,      0.140575535, -0.004009108, -0.000068432,
Cor (1),    1.000000000,  0.885193062,  0.362093066,
Cor (2),    0.885193062,  1.000000000,  0.325745000,
Cor (3),    0.362093066,  0.325745000,  1.000000000,
VCV (1),    0.000081799,  0.000461710,  0.000012326,
VCV (2),    0.000461710,  0.003325942,  0.000070707,
VCV (3),    0.000012326,  0.000070707,  0.000014166,
St.dev,     0.009044281,  0.057670978,  0.003763833,
Mean,     -0.034547587,  0.003871640,  0.000152471,
Cor (1),    1.000000000, -0.008785511,  0.378462139,
Cor (2),   -0.008785511,  1.000000000, -0.025917901,
Cor (3),    0.378462139, -0.025917901,  1.000000000,
VCV (1),    0.024797613, -0.000016536,  0.000110159,
VCV (2),   -0.000016536,  0.000142858, -0.000000573,
VCV (3),    0.000110159, -0.000000573,  0.000003417,
St.dev,     0.157472577,  0.011952312,  0.001848384,
AutoCor,    0.570152669,  0.432382243,  0.369099596,

No.; 16; Score; 3017.2509163767;
Markow Autoregressive (lag 1) bivariate joint 3 asset model uncond. params
uMean,      0.000107045, -0.005263912,  0.000412699,
VCV (1),    0.035141928,  0.000696170, -0.000079019,
VCV (2),    0.000696170,  0.001133866,  0.000012966,
VCV (3),   -0.000079019,  0.000012966,  0.000000942,
Cor (1),    1.000000000,  0.110286354, -0.434358046,
Cor (2),    0.110286354,  1.000000000,  0.396789839,
Cor (3),   -0.434358046,  0.396789839,  1.000000000,
St.dev,     0.187461804,  0.033672921,  0.000970440,
Skewness,   0.015819666, -0.093866743,  0.028359652,
Kurtosis,  -0.004656945,  0.905843775,  1.938248802,
AutoCor,    0.686858262,  0.232935975,  0.424587576,
Markow Autoregressive (lag 1) bivariate joint 3 asset model cond. params
uProb.,   0.517977963,  0.482022037,
Prob (1),   0.828549367,  0.171450633,
Prob (2),   0.184239813,  0.815760187,
Mean,     -0.043352183, -0.003412227,  0.000423817,
Cor (1),    1.000000000, -0.880629760, -0.793945880,
Cor (2),   -0.880629760,  1.000000000,  0.540060241,
Cor (3),   -0.793945880,  0.540060241,  1.000000000,
VCV (1),    0.016888487, -0.002533351, -0.000122564,
VCV (2),   -0.002533351,  0.000490019,  0.000014201,
VCV (3),   -0.000122564,  0.000014201,  0.000001411,
St.dev,     0.129955710,  0.022136381,  0.001187889,
Mean,      0.046808068, -0.007253721,  0.000400753,
Cor (1),    1.000000000,  0.742694566,  0.423602689,
Cor (2),    0.742694566,  1.000000000,  0.746312488,
Cor (3),    0.423602689,  0.746312488,  1.000000000,
VCV (1),    0.017891444,  0.004086733,  0.000016522,
VCV (2),    0.004086733,  0.001692336,  0.000008953,
VCV (3),    0.000016522,  0.000008953,  0.000000085,
St.dev,     0.133758901,  0.041138012,  0.000291600,
AutoCor,    0.689466246,  0.231594857,  0.424556585,

No.; 17; Score; 3109.4022566787;
Markow Autoregressive (lag 1) bivariate joint 3 asset model uncond. params
uMean,      0.005126254, -0.000282245, -0.000172145,
VCV (1),    0.034991174, -0.002436585,  0.000238220,
VCV (2),   -0.002436585,  0.001150209, -0.000009744,
VCV (3),    0.000238220, -0.000009744,  0.000015287,
Cor (1),    1.000000000, -0.384073131,  0.325713263,
Cor (2),   -0.384073131,  1.000000000, -0.073484906,
Cor (3),    0.325713263, -0.073484906,  1.000000000,
St.dev,     0.187059279,  0.033914732,  0.003909874,
Skewness,  -0.566904738, -0.187459949,  0.007142126,
Kurtosis,   2.079479779,  2.170696005,  0.017095905,
AutoCor,    0.724783183,  0.626551917,  0.310853981,
Markow Autoregressive (lag 1) bivariate joint 3 asset model cond. params
uProb.,   0.943315193,  0.056684807,
Prob (1),   0.942240510,  0.057759490,
Prob (2),   0.961199429,  0.038800571,
Mean,      0.021350936,  0.000394479, -0.000203619,
Cor (1),    1.000000000, -0.877437541,  0.845112004,
Cor (2),   -0.877437541,  1.000000000, -0.053143084,
Cor (3),    0.845112004, -0.053143084,  1.000000000,
VCV (1),    0.006210303, -0.001502550,  0.000244925,
VCV (2),   -0.001502550,  0.000472186, -0.000004247,
VCV (3),    0.000244925, -0.000004247,  0.000013525,
St.dev,     0.078805474,  0.021729831,  0.003677587,
Mean,     -0.264875355, -0.011543886,  0.000351638,
Cor (1),    1.000000000,  0.183605299, -0.788985759,
Cor (2),    0.183605299,  1.000000000, -0.223636576,
Cor (3),   -0.788985759, -0.223636576,  1.000000000,
VCV (1),    0.063554511,  0.003027102, -0.000849363,
VCV (2),    0.003027102,  0.004276980, -0.000062454,
VCV (3),   -0.000849363, -0.000062454,  0.000018235,
St.dev,     0.252100201,  0.065398622,  0.004270225,
AutoCor,    0.831220697,  0.630857452,  0.311210040,

No.; 18; Score; 3122.1440366729;
Markow Autoregressive (lag 1) bivariate joint 3 asset model uncond. params
uMean,      0.001139076,  0.007236934,  0.000041574,
VCV (1),    0.027237705, -0.000404415,  0.000123423,
VCV (2),   -0.000404415,  0.000747797,  0.000029278,
VCV (3),    0.000123423,  0.000029278,  0.000021903,
Cor (1),    1.000000000, -0.089608729,  0.159792223,
Cor (2),   -0.089608729,  1.000000000,  0.228771198,
Cor (3),    0.159792223,  0.228771198,  1.000000000,
St.dev,     0.165038495,  0.027345877,  0.004680087,
Skewness,   0.161639023, -0.281358379, -0.001583851,
Kurtosis,  -1.224274455,  2.274005374,  0.047405246,
AutoCor,   -0.109646806,  0.151870220,  0.268472729,
Markow Autoregressive (lag 1) bivariate joint 3 asset model cond. params
uProb.,   0.381493855,  0.618506145,
Prob (1),   0.214839444,  0.785160556,
Prob (2),   0.484286098,  0.515713902,
Mean,     -0.178290572,  0.003468887,  0.000066661,
Cor (1),    1.000000000, -0.651215513,  0.345799967,
Cor (2),   -0.651215513,  1.000000000, -0.129290846,
Cor (3),    0.345799967, -0.129290846,  1.000000000,
VCV (1),    0.000147448, -0.000311291,  0.000017189,
VCV (2),   -0.000311291,  0.001549691, -0.000020836,
VCV (3),    0.000017189, -0.000020836,  0.000016758,
St.dev,     0.012142817,  0.039366114,  0.004093713,
Mean,      0.111811070,  0.009561061,  0.000026100,
Cor (1),    1.000000000, -0.716812428,  0.359692533,
Cor (2),   -0.716812428,  1.000000000,  0.848238480,
Cor (3),    0.359692533,  0.848238480,  1.000000000,
VCV (1),    0.010616371, -0.001069350,  0.000175887,
VCV (2),   -0.001069350,  0.000209630,  0.000058285,
VCV (3),    0.000175887,  0.000058285,  0.000022523,
St.dev,     0.103035776,  0.014478594,  0.004745863,
AutoCor,    0.320344537,  0.156862711,  0.268482263,

No.; 19; Score; 3219.8378537454;
Markow Autoregressive (lag 1) bivariate joint 3 asset model uncond. params
uMean,      0.005156551, -0.001098106,  0.000036559,
VCV (1),    0.026307851,  0.001391849, -0.000442668,
VCV (2),    0.001391849,  0.000614476,  0.000031674,
VCV (3),   -0.000442668,  0.000031674,  0.000035564,
Cor (1),    1.000000000,  0.346175872, -0.457645967,
Cor (2),    0.346175872,  1.000000000,  0.214265087,
Cor (3),   -0.457645967,  0.214265087,  1.000000000,
St.dev,     0.162196950,  0.024788636,  0.005963557,
Skewness,  -0.500934168,  0.403041819, -0.022922817,
Kurtosis,   1.493295839,  0.375266204,  0.248561711,
AutoCor,    0.017738663,  0.197863080,  0.690681024,
Markow Autoregressive (lag 1) bivariate joint 3 asset model cond. params
uProb.,   0.413589801,  0.586410199,
Prob (1),   0.204993873,  0.795006127,
Prob (2),   0.560710619,  0.439289381,
Mean,      0.049968471, -0.011165924,  0.000247958,
Cor (1),    1.000000000, -0.885162856, -0.362861697,
Cor (2),   -0.885162856,  1.000000000,  0.162663256,
Cor (3),   -0.362861697,  0.162663256,  1.000000000,
VCV (1),    0.002100427, -0.000569766, -0.000040095,
VCV (2),   -0.000569766,  0.000197260,  0.000005508,
VCV (3),   -0.000040095,  0.000005508,  0.000005813,
St.dev,     0.045830420,  0.014044929,  0.002411003,
Mean,     -0.026448890,  0.006002635, -0.000112539,
Cor (1),    1.000000000,  0.606187655, -0.676242396,
Cor (2),    0.606187655,  1.000000000,  0.299322865,
Cor (3),   -0.676242396,  0.299322865,  1.000000000,
VCV (1),    0.040901401,  0.003287196, -0.000717330,
VCV (2),    0.003287196,  0.000718950,  0.000042096,
VCV (3),   -0.000717330,  0.000042096,  0.000027510,
St.dev,     0.202240947,  0.026813248,  0.005245023,
AutoCor,    0.038987845,  0.270746618,  0.691609231,

No.; 20; Score; 3565.6306158197;
Markow Autoregressive (lag 1) bivariate joint 3 asset model uncond. params
uMean,      0.003507125, -0.001209342,  0.000024348,
VCV (1),    0.034563163, -0.000023991,  0.000456521,
VCV (2),   -0.000023991,  0.000956144,  0.000223490,
VCV (3),    0.000456521,  0.000223490,  0.000296761,
Cor (1),    1.000000000, -0.004173236,  0.142544617,
Cor (2),   -0.004173236,  1.000000000,  0.419558811,
Cor (3),    0.142544617,  0.419558811,  1.000000000,
St.dev,     0.185911707,  0.030921573,  0.017226747,
Skewness,   0.863869698, -0.240636044,  0.000221524,
Kurtosis,   1.677977925,  0.626176530,  0.003242693,
AutoCor,    0.012356784,  0.462402675,  0.946014544,
Markow Autoregressive (lag 1) bivariate joint 3 asset model cond. params
uProb.,   0.442041218,  0.557958782,
Prob (1),   0.315642802,  0.684357198,
Prob (2),   0.542179995,  0.457820005,
Mean,      0.085339395, -0.007533184, -0.000071081,
Cor (1),    1.000000000, -0.025192999,  0.426954007,
Cor (2),   -0.025192999,  1.000000000,  0.924212479,
Cor (3),    0.426954007,  0.924212479,  1.000000000,
VCV (1),    0.057263673, -0.000209000,  0.000512415,
VCV (2),   -0.000209000,  0.001201856,  0.000160694,
VCV (3),    0.000512415,  0.000160694,  0.000025154,
St.dev,     0.239298292,  0.034667798,  0.005015348,
Mean,     -0.061324253,  0.003800703,  0.000099952,
Cor (1),    1.000000000,  0.570049978,  0.762173372,
Cor (2),    0.570049978,  1.000000000,  0.835251781,
Cor (3),    0.762173372,  0.835251781,  1.000000000,
VCV (1),    0.006907803,  0.000838655,  0.000379648,
VCV (2),    0.000838655,  0.000313329,  0.000088608,
VCV (3),    0.000379648,  0.000088608,  0.000035918,
St.dev,     0.083113192,  0.017701100,  0.005993184,
AutoCor,    0.055675186,  0.486013731,  0.946043052,

No.; 21; Score; 3643.7572221827;
Markow Autoregressive (lag 1) bivariate joint 3 asset model uncond. params
uMean,      0.003081296,  0.003286709,  0.000289658,
VCV (1),    0.034075327, -0.001630957, -0.000029783,
VCV (2),   -0.001630957,  0.001347608, -0.000002697,
VCV (3),   -0.000029783, -0.000002697,  0.000000581,
Cor (1),    1.000000000, -0.240680368, -0.211624414,
Cor (2),   -0.240680368,  1.000000000, -0.096355632,
Cor (3),   -0.211624414, -0.096355632,  1.000000000,
St.dev,     0.184595035,  0.036709775,  0.000762403,
Skewness,   0.066759474,  0.524818845,  0.006903080,
Kurtosis,   0.273402865,  3.040284440,  0.001955506,
AutoCor,    0.193145936,  0.359988633,  0.337659831,
Markow Autoregressive (lag 1) bivariate joint 3 asset model cond. params
uProb.,   0.632808155,  0.367191845,
Prob (1),   0.591925945,  0.408074055,
Prob (2),   0.703263413,  0.296736587,
Mean,      0.013385310, -0.001674815,  0.000336661,
Cor (1),    1.000000000, -0.956689383, -0.054532252,
Cor (2),   -0.956689383,  1.000000000, -0.627257128,
Cor (3),   -0.054532252, -0.627257128,  1.000000000,
VCV (1),    0.040547923, -0.001920256, -0.000007947,
VCV (2),   -0.001920256,  0.000099359, -0.000004525,
VCV (3),   -0.000007947, -0.000004525,  0.000000524,
St.dev,     0.201365147,  0.009967902,  0.000723702,
Mean,     -0.014676352,  0.011837260,  0.000208655,
Cor (1),    1.000000000, -0.079250484, -0.667981245,
Cor (2),   -0.079250484,  1.000000000,  0.062612644,
Cor (3),   -0.667981245,  0.062612644,  1.000000000,
VCV (1),    0.018920128, -0.000585269, -0.000064156,
VCV (2),   -0.000585269,  0.002882594,  0.000002347,
VCV (3),   -0.000064156,  0.000002347,  0.000000488,
St.dev,     0.137550456,  0.053689790,  0.000698247,
AutoCor,    0.194789754,  0.375308641,  0.340620267,

No.; 22; Score; 3799.0685981864;
Markow Autoregressive (lag 1) bivariate joint 3 asset model uncond. params
uMean,      0.000150592,  0.003823921,  0.000118235,
VCV (1),    0.040334543, -0.001157296, -0.000003413,
VCV (2),   -0.001157296,  0.001008352, -0.000011961,
VCV (3),   -0.000003413, -0.000011961,  0.000001057,
Cor (1),    1.000000000, -0.181467825, -0.016527930,
Cor (2),   -0.181467825,  1.000000000, -0.366363756,
Cor (3),   -0.016527930, -0.366363756,  1.000000000,
St.dev,     0.200834617,  0.031754561,  0.001028174,
Skewness,  -0.446809293,  0.179837495,  0.203385313,
Kurtosis,  -0.261275049,  0.344855762,  0.280815773,
AutoCor,    0.401433314,  0.452350492,  0.766659835,
Markow Autoregressive (lag 1) bivariate joint 3 asset model cond. params
uProb.,   0.564770334,  0.435229666,
Prob (1),   0.888318191,  0.111681809,
Prob (2),   0.144922502,  0.855077498,
Mean,      0.124421603, -0.001215010,  0.000332829,
Cor (1),    1.000000000, -0.934916697, -0.053978975,
Cor (2),   -0.934916697,  1.000000000, -0.873309899,
Cor (3),   -0.053978975, -0.873309899,  1.000000000,
VCV (1),    0.014280804, -0.002585965, -0.000004828,
VCV (2),   -0.002585965,  0.000535731, -0.000015129,
VCV (3),   -0.000004828, -0.000015129,  0.000000560,
