Round No; 1; best result RLS; 36.82337522162

;;;
Statistical description of data for: Meginajums1
Calib/Tail/Per/Cur, 4176, 9999, 23, 0,
Title,    PE MARKET w  ,EQUITY LM SNP,REX BOND     ,
Mean,       0.000104436,  0.000075211,  0.000042226,
VCV (1),    0.033533792, -0.000018247, -0.000000770,
VCV (2),   -0.000018247,  0.000044333, -0.000000146,
VCV (3),   -0.000000770, -0.000000146,  0.000000045,
St.dev,     0.183122341,  0.006658326,  0.000210996,
Skewness,  -0.359429482, -0.013261914,  0.151860187,
Kurtosis,  20.092276212,  7.412958555, 34.388660560,
AutoCor,   -0.271804758, -0.019537378, -0.152000145,
No.; 1; Score; 36.82337522162;
Markow Autoregressive (lag 1) bivariate joint 3 asset model uncond. params
uMean,      0.018752856, -0.000833867,  0.000130722,
VCV (1),    0.034010852, -0.000619365, -0.000009008,
VCV (2),   -0.000619365,  0.000065381,  0.000000166,
VCV (3),   -0.000009008,  0.000000166,  0.000000104,
Cor (1),    1.000000000, -0.415348220, -0.151629131,
Cor (2),   -0.415348220,  1.000000000,  0.063798245,
Cor (3),   -0.151629131,  0.063798245,  1.000000000,
St.dev,     0.184420314,  0.008085851,  0.000322131,
Skewness,   0.446895065,  0.056096750, -0.231868816,
Kurtosis,   0.150194379,  0.395098962,  0.086780451,
AutoCor,    0.172267612,  0.442733362,  0.077118652,
Markow Autoregressive (lag 1) bivariate joint 3 asset model cond. params
uProb.,   0.671985202,  0.328014798,
Prob (1),   0.607539007,  0.392460993,
Prob (2),   0.804012445,  0.195987555,
Mean,     -0.058125697, -0.000538212,  0.000233514,
Cor (1),    1.000000000, -0.400967419,  0.755133994,
Cor (2),   -0.400967419,  1.000000000, -0.142346237,
Cor (3),    0.755133994, -0.142346237,  1.000000000,
VCV (1),    0.014830311, -0.000406509,  0.000024621,
VCV (2),   -0.000406509,  0.000069306, -0.000000317,
VCV (3),    0.000024621, -0.000000317,  0.000000072,
St.dev,     0.121779766,  0.008325024,  0.000267732,
Mean,      0.176249560, -0.001439559, -0.000079862,
Cor (1),    1.000000000, -0.904556043, -0.579587132,
Cor (2),   -0.904556043,  1.000000000,  0.721974622,
Cor (3),   -0.579587132,  0.721974622,  1.000000000,
VCV (1),    0.026945764, -0.000621537, -0.000029774,
VCV (2),   -0.000621537,  0.000017522,  0.000000946,
VCV (3),   -0.000029774,  0.000000946,  0.000000098,
St.dev,     0.164151651,  0.004185873,  0.000312950,
AutoCor,    0.376112506,  0.444488934,  0.149233744,

No.; 2; Score; 78.752378079809;
Markow Autoregressive (lag 1) bivariate joint 3 asset model uncond. params
uMean,     -0.008742236, -0.001400302, -0.000040663,
VCV (1),    0.034442231, -0.000447236, -0.000017475,
VCV (2),   -0.000447236,  0.000090891, -0.000000731,
VCV (3),   -0.000017475, -0.000000731,  0.000000104,
Cor (1),    1.000000000, -0.252773482, -0.292567785,
Cor (2),   -0.252773482,  1.000000000, -0.238083858,
Cor (3),   -0.292567785, -0.238083858,  1.000000000,
St.dev,     0.185586181,  0.009533659,  0.000321845,
Skewness,   0.025430304,  0.304987521, -0.343016011,
Kurtosis,   0.189937244,  0.239208336,  0.578696225,
AutoCor,    0.202185389,  0.098924144, -0.003798768,
Markow Autoregressive (lag 1) bivariate joint 3 asset model cond. params
uProb.,   0.523965490,  0.476034510,
Prob (1),   0.249598031,  0.750401969,
Prob (2),   0.825958468,  0.174041532,
Mean,     -0.014706662, -0.004568821,  0.000039349,
Cor (1),    1.000000000,  0.481803380,  0.369535342,
Cor (2),    0.481803380,  1.000000000,  0.494651690,
Cor (3),    0.369535342,  0.494651690,  1.000000000,
VCV (1),    0.024535988,  0.000541234,  0.000013363,
VCV (2),    0.000541234,  0.000051431,  0.000000819,
VCV (3),    0.000013363,  0.000000819,  0.000000053,
St.dev,     0.156639677,  0.007171560,  0.000230856,
Mean,     -0.002177263,  0.002087250, -0.000128732,
Cor (1),    1.000000000, -0.731459439, -0.641636251,
Cor (2),   -0.731459439,  1.000000000, -0.474422656,
Cor (3),   -0.641636251, -0.474422656,  1.000000000,
VCV (1),    0.042283380, -0.001540518, -0.000050040,
VCV (2),   -0.001540518,  0.000104902, -0.000001843,
VCV (3),   -0.000050040, -0.000001843,  0.000000144,
St.dev,     0.205629230,  0.010242164,  0.000379264,
AutoCor,    0.203071501,  0.192387577,  0.037994279,

No.; 3; Score; 138.83185126151;
Markow Autoregressive (lag 1) bivariate joint 3 asset model uncond. params
uMean,     -0.001461219,  0.001478833,  0.000154619,
VCV (1),    0.034888638, -0.000187544, -0.000001463,
VCV (2),   -0.000187544,  0.000113431,  0.000001209,
VCV (3),   -0.000001463,  0.000001209,  0.000000064,
Cor (1),    1.000000000, -0.094274742, -0.031010537,
Cor (2),   -0.094274742,  1.000000000,  0.449451450,
Cor (3),   -0.031010537,  0.449451450,  1.000000000,
St.dev,     0.186785004,  0.010650385,  0.000252506,
Skewness,  -0.186195461,  0.084720801,  0.304375249,
Kurtosis,  -0.345001838,  0.039837105,  0.825712718,
AutoCor,    0.123490686,  0.025472311,  0.218928706,
Markow Autoregressive (lag 1) bivariate joint 3 asset model cond. params
uProb.,   0.525591979,  0.474408021,
Prob (1),   0.275439627,  0.724560373,
Prob (2),   0.802733310,  0.197266690,
Mean,      0.116414507, -0.000900922,  0.000108014,
Cor (1),    1.000000000, -0.929172017,  0.289090395,
Cor (2),   -0.929172017,  1.000000000,  0.531418018,
Cor (3),    0.289090395,  0.531418018,  1.000000000,
VCV (1),    0.008421442, -0.000826882,  0.000004194,
VCV (2),   -0.000826882,  0.000094039,  0.000000815,
VCV (3),    0.000004194,  0.000000815,  0.000000025,
St.dev,     0.091768415,  0.009697379,  0.000158085,
Mean,     -0.132054576,  0.004115341,  0.000206252,
Cor (1),    1.000000000,  0.863946777,  0.094701812,
Cor (2),    0.863946777,  1.000000000,  0.402111201,
Cor (3),    0.094701812,  0.402111201,  1.000000000,
VCV (1),    0.015069234,  0.001166288,  0.000003558,
VCV (2),    0.001166288,  0.000120933,  0.000001353,
VCV (3),    0.000003558,  0.000001353,  0.000000094,
St.dev,     0.122756808,  0.010996972,  0.000306059,
AutoCor,    0.637371803,  0.057837971,  0.248196308,

No.; 4; Score; 316.23265195809;
Markow Autoregressive (lag 1) bivariate joint 3 asset model uncond. params
uMean,      0.000149032,  0.001588202, -0.000013146,
VCV (1),    0.030473973,  0.000174234,  0.000016252,
VCV (2),    0.000174234,  0.000035665,  0.000000070,
VCV (3),    0.000016252,  0.000000070,  0.000000061,
Cor (1),    1.000000000,  0.167128540,  0.377051892,
Cor (2),    0.167128540,  1.000000000,  0.047723026,
Cor (3),    0.377051892,  0.047723026,  1.000000000,
St.dev,     0.174567961,  0.005971977,  0.000246905,
Skewness,  -0.063879788, -0.098887395, -0.198688573,
Kurtosis,   0.096578098, -0.489133729,  0.783628926,
AutoCor,    0.346259646,  0.265247691,  0.632156143,
Markow Autoregressive (lag 1) bivariate joint 3 asset model cond. params
uProb.,   0.634523524,  0.365476476,
Prob (1),   0.642889898,  0.357110102,
Prob (2),   0.619998207,  0.380001793,
Mean,      0.016446716,  0.004787378,  0.000013873,
Cor (1),    1.000000000, -0.351121228,  0.529568601,
Cor (2),   -0.351121228,  1.000000000, -0.469669960,
Cor (3),    0.529568601, -0.469669960,  1.000000000,
VCV (1),    0.022383372, -0.000200417,  0.000009368,
VCV (2),   -0.000200417,  0.000014556, -0.000000212,
VCV (3),    0.000009368, -0.000000212,  0.000000014,
St.dev,     0.149610736,  0.003815187,  0.000118243,
Mean,     -0.028146260, -0.003966061, -0.000060054,
Cor (1),    1.000000000,  0.881930588,  0.340190854,
Cor (2),    0.881930588,  1.000000000,  0.248030759,
Cor (3),    0.340190854,  0.248030759,  1.000000000,
VCV (1),    0.033128341,  0.000536308,  0.000016509,
VCV (2),    0.000536308,  0.000011162,  0.000000221,
VCV (3),    0.000016509,  0.000000221,  0.000000071,
St.dev,     0.182011926,  0.003341024,  0.000266627,
AutoCor,    0.351228202,  0.505892269,  0.645091395,

No.; 5; Score; 736.93643719027;
Markow Autoregressive (lag 1) bivariate joint 3 asset model uncond. params
uMean,     -0.005777456,  0.006169794,  0.000178186,
VCV (1),    0.038608384,  0.000979751,  0.000001712,
VCV (2),    0.000979751,  0.000048024,  0.000000927,
VCV (3),    0.000001712,  0.000000927,  0.000000066,
Cor (1),    1.000000000,  0.719523991,  0.033971587,
Cor (2),    0.719523991,  1.000000000,  0.521294537,
Cor (3),    0.033971587,  0.521294537,  1.000000000,
St.dev,     0.196490164,  0.006929940,  0.000256551,
Skewness,  -0.080007767,  0.003424179,  0.046588149,
Kurtosis,   0.286908441, -0.000764557,  0.531939172,
AutoCor,    0.636790492,  0.533669879,  0.541348571,
Markow Autoregressive (lag 1) bivariate joint 3 asset model cond. params
uProb.,   0.053294743,  0.946705257,
Prob (1),   0.053996158,  0.946003842,
Prob (2),   0.053255257,  0.946744743,
Mean,     -0.089914094,  0.004059944,  0.000220269,
Cor (1),    1.000000000, -0.587704852, -0.979251765,
Cor (2),   -0.587704852,  1.000000000,  0.969766000,
Cor (3),   -0.979251765,  0.969766000,  1.000000000,
VCV (1),    0.062866771, -0.000799361, -0.000097134,
VCV (2),   -0.000799361,  0.000029427,  0.000002081,
VCV (3),   -0.000097134,  0.000002081,  0.000000157,
St.dev,     0.250732469,  0.005424668,  0.000395610,
Mean,     -0.001040986,  0.006288568,  0.000175817,
Cor (1),    1.000000000,  0.861981323,  0.238545150,
Cor (2),    0.861981323,  1.000000000,  0.494736478,
Cor (3),    0.238545150,  0.494736478,  1.000000000,
VCV (1),    0.020112618,  0.000715770,  0.000006783,
VCV (2),    0.000715770,  0.000034283,  0.000000581,
VCV (3),    0.000006783,  0.000000581,  0.000000040,
St.dev,     0.141818961,  0.005855196,  0.000200505,
AutoCor,    0.643424183,  0.536465351,  0.542168688,

No.; 6; Score; 816.7421655885;
Markow Autoregressive (lag 1) bivariate joint 3 asset model uncond. params
uMean,     -0.003337133,  0.002687514, -0.000080449,
VCV (1),    0.038064083,  0.001166653,  0.000004646,
VCV (2),    0.001166653,  0.000198423,  0.000002694,
VCV (3),    0.000004646,  0.000002694,  0.000000055,
Cor (1),    1.000000000,  0.424510133,  0.101207452,
Cor (2),    0.424510133,  1.000000000,  0.812811996,
Cor (3),    0.101207452,  0.812811996,  1.000000000,
St.dev,     0.195100188,  0.014086267,  0.000235279,
Skewness,   0.050455289,  0.058273279,  0.155141205,
Kurtosis,  -0.271387936,  0.022043658,  0.179699994,
AutoCor,   -0.074800697,  0.687377973,  0.372614970,
Markow Autoregressive (lag 1) bivariate joint 3 asset model cond. params
uProb.,   0.549714664,  0.450285336,
Prob (1),   0.341062457,  0.658937543,
Prob (2),   0.804440209,  0.195559791,
Mean,     -0.111170501, -0.000438037, -0.000126540,
Cor (1),    1.000000000,  0.251517434,  0.330671368,
Cor (2),    0.251517434,  1.000000000,  0.975232989,
Cor (3),    0.330671368,  0.975232989,  1.000000000,
VCV (1),    0.023191351,  0.000300054,  0.000008864,
VCV (2),    0.000300054,  0.000061367,  0.000001345,
VCV (3),    0.000008864,  0.000001345,  0.000000031,
St.dev,     0.152287069,  0.007833734,  0.000176017,
Mean,      0.128307359,  0.006503231, -0.000024181,
Cor (1),    1.000000000,  0.728626892, -0.369779408,
Cor (2),    0.728626892,  1.000000000,  0.901890632,
Cor (3),   -0.369779408,  0.901890632,  1.000000000,
VCV (1),    0.023399958,  0.001111346, -0.000013774,
VCV (2),    0.001111346,  0.000099420,  0.000002190,
VCV (3),   -0.000013774,  0.000002190,  0.000000059,
St.dev,     0.152970448,  0.009970949,  0.000243513,
AutoCor,    0.156304359,  0.760967271,  0.413706282,

No.; 7; Score; 1425.7821148995;
Markow Autoregressive (lag 1) bivariate joint 3 asset model uncond. params
uMean,      0.012175578,  0.004458363,  0.000135399,
VCV (1),    0.040587152, -0.000060349, -0.000077102,
VCV (2),   -0.000060349,  0.000105243,  0.000001567,
VCV (3),   -0.000077102,  0.000001567,  0.000002594,
Cor (1),    1.000000000, -0.029199683, -0.237627115,
Cor (2),   -0.029199683,  1.000000000,  0.094816929,
Cor (3),   -0.237627115,  0.094816929,  1.000000000,
St.dev,     0.201462532,  0.010258813,  0.001610557,
Skewness,  -0.732293086,  0.127027519,  0.001440041,
Kurtosis,   3.883788014,  0.171993823,  0.003829208,
AutoCor,    0.552668483,  0.132166364,  0.972518718,
Markow Autoregressive (lag 1) bivariate joint 3 asset model cond. params
uProb.,   0.113448066,  0.886551934,
Prob (1),   0.153862539,  0.846137461,
Prob (2),   0.108276408,  0.891723592,
Mean,     -0.126088240,  0.000139457, -0.000086888,
Cor (1),    1.000000000, -0.852320258, -0.459726483,
Cor (2),   -0.852320258,  1.000000000, -0.354627445,
Cor (3),   -0.459726483, -0.354627445,  1.000000000,
VCV (1),    0.130657698, -0.001108107, -0.000036281,
VCV (2),   -0.001108107,  0.000012937, -0.000000278,
VCV (3),   -0.000036281, -0.000000278,  0.000000048,
St.dev,     0.361466039,  0.003596759,  0.000218329,
Mean,      0.029868577,  0.005011034,  0.000163844,
Cor (1),    1.000000000, -0.000309076, -0.862603843,
Cor (2),   -0.000309076,  1.000000000,  0.367017206,
Cor (3),   -0.862603843,  0.367017206,  1.000000000,
VCV (1),    0.011569162, -0.000000352, -0.000034622,
VCV (2),   -0.000000352,  0.000112274,  0.000001451,
VCV (3),   -0.000034622,  0.000001451,  0.000000139,
St.dev,     0.107560040,  0.010595954,  0.000373150,
AutoCor,    0.585192047,  0.134175587,  0.974783773,

No.; 8; Score; 1756.6958221074;
Markow Autoregressive (lag 1) bivariate joint 3 asset model uncond. params
uMean,      0.003320280, -0.002779145,  0.000088558,
VCV (1),    0.026354840, -0.000077828,  0.000002956,
VCV (2),   -0.000077828,  0.000064343, -0.000001594,
VCV (3),    0.000002956, -0.000001594,  0.000000053,
Cor (1),    1.000000000, -0.059766097,  0.079073007,
Cor (2),   -0.059766097,  1.000000000, -0.863093369,
Cor (3),    0.079073007, -0.863093369,  1.000000000,
St.dev,     0.162341737,  0.008021430,  0.000230237,
Skewness,  -0.215204022, -0.156559699, -0.030239734,
Kurtosis,  -0.142926852,  0.624045202,  0.019302016,
AutoCor,    0.074489657,  0.120320854,  0.225933701,
Markow Autoregressive (lag 1) bivariate joint 3 asset model cond. params
uProb.,   0.412841249,  0.587158751,
Prob (1),   0.267908836,  0.732091164,
Prob (2),   0.514745681,  0.485254319,
Mean,      0.103336943, -0.003881072,  0.000052821,
Cor (1),    1.000000000,  0.402674671,  0.184768604,
Cor (2),    0.402674671,  1.000000000, -0.998324864,
Cor (3),    0.184768604, -0.998324864,  1.000000000,
VCV (1),    0.013210314,  0.000456462,  0.000004939,
VCV (2),    0.000456462,  0.000097272, -0.000002290,
VCV (3),    0.000004939, -0.000002290,  0.000000054,
St.dev,     0.114936130,  0.009862647,  0.000232572,
Mean,     -0.067003128, -0.002004362,  0.000113685,
Cor (1),    1.000000000, -0.348200336,  0.169180688,
Cor (2),   -0.348200336,  1.000000000, -0.810769208,
Cor (3),    0.169180688, -0.810769208,  1.000000000,
VCV (1),    0.022411812, -0.000321506,  0.000005424,
VCV (2),   -0.000321506,  0.000038040, -0.000001071,
VCV (3),    0.000005424, -0.000001071,  0.000000046,
St.dev,     0.149705752,  0.006167676,  0.000214142,
AutoCor,    0.191461644,  0.125258079,  0.234080483,

No.; 9; Score; 1821.8408684776;
Markow Autoregressive (lag 1) bivariate joint 3 asset model uncond. params
uMean,      0.057034637,  0.000603294,  0.000185899,
VCV (1),    0.041494210,  0.000157006,  0.000022841,
VCV (2),    0.000157006,  0.000139277, -0.000000486,
VCV (3),    0.000022841, -0.000000486,  0.000000139,
Cor (1),    1.000000000,  0.065310330,  0.300493714,
Cor (2),    0.065310330,  1.000000000, -0.110270280,
Cor (3),    0.300493714, -0.110270280,  1.000000000,
St.dev,     0.203701277,  0.011801577,  0.000373147,
Skewness,   0.137526305, -0.012268695,  0.030447931,
Kurtosis,   0.376829668, -0.007080208,  0.207338994,
AutoCor,    0.089926200,  0.197910737,  0.878839493,
Markow Autoregressive (lag 1) bivariate joint 3 asset model cond. params
uProb.,   0.901744220,  0.098255780,
Prob (1),   0.969207725,  0.030792275,
Prob (2),   0.282596667,  0.717403333,
Mean,      0.047429700,  0.000037537,  0.000179491,
Cor (1),    1.000000000,  0.169405267,  0.969443798,
Cor (2),    0.169405267,  1.000000000, -0.253597766,
Cor (3),    0.969443798, -0.253597766,  1.000000000,
VCV (1),    0.036276298,  0.000373036,  0.000030525,
VCV (2),    0.000373036,  0.000133667, -0.000000485,
VCV (3),    0.000030525, -0.000000485,  0.000000027,
St.dev,     0.190463378,  0.011561462,  0.000165318,
Mean,      0.145184120,  0.005795542,  0.000244712,
Cor (1),    1.000000000, -0.792818515, -0.933197418,
Cor (2),   -0.792818515,  1.000000000,  0.013500063,
Cor (3),   -0.933197418,  0.013500063,  1.000000000,
VCV (1),    0.078280119, -0.002349018, -0.000068881,
VCV (2),   -0.002349018,  0.000112143,  0.000000038,
VCV (3),   -0.000068881,  0.000000038,  0.000000070,
St.dev,     0.279785844,  0.010589775,  0.000263816,
AutoCor,    0.077497520,  0.187381281,  0.879361232,

No.; 10; Score; 2357.9064727766;
Markow Autoregressive (lag 1) bivariate joint 3 asset model uncond. params
uMean,     -0.025116360,  0.001148243,  0.000010956,
VCV (1),    0.042963222, -0.000120763, -0.000034629,
VCV (2),   -0.000120763,  0.000039081,  0.000001072,
VCV (3),   -0.000034629,  0.000001072,  0.000000640,
Cor (1),    1.000000000, -0.093196998, -0.208791047,
Cor (2),   -0.093196998,  1.000000000,  0.214212099,
Cor (3),   -0.208791047,  0.214212099,  1.000000000,
St.dev,     0.207275714,  0.006251491,  0.000800172,
Skewness,  -0.199490911,  0.283010980,  0.021935042,
Kurtosis,  -0.060744003,  0.451006618,  0.016657946,
AutoCor,    0.326430235,  0.070614548,  0.891425723,
Markow Autoregressive (lag 1) bivariate joint 3 asset model cond. params
uProb.,   0.479175247,  0.520824753,
Prob (1),   0.252838354,  0.747161646,
Prob (2),   0.687412347,  0.312587653,
Mean,     -0.134001846,  0.002735140,  0.000156651,
Cor (1),    1.000000000, -0.300878076, -0.605201924,
Cor (2),   -0.300878076,  1.000000000,  0.838022305,
Cor (3),   -0.605201924,  0.838022305,  1.000000000,
VCV (1),    0.027498952, -0.000360376, -0.000034470,
VCV (2),   -0.000360376,  0.000052169,  0.000002079,
VCV (3),   -0.000034470,  0.000002079,  0.000000118,
St.dev,     0.165828079,  0.007222832,  0.000343465,
Mean,      0.075061731, -0.000311753, -0.000123088,
Cor (1),    1.000000000,  0.695986181,  0.542987995,
Cor (2),    0.695986181,  1.000000000, -0.422578020,
Cor (3),    0.542987995, -0.422578020,  1.000000000,
VCV (1),    0.015156270,  0.000400521,  0.000014260,
VCV (2),    0.000400521,  0.000021850, -0.000000421,
VCV (3),    0.000014260, -0.000000421,  0.000000046,
St.dev,     0.123110803,  0.004674425,  0.000213317,
AutoCor,    0.585388765,  0.102451231,  0.933143530,

No.; 11; Score; 2705.9723361533;
Markow Autoregressive (lag 1) bivariate joint 3 asset model uncond. params
uMean,     -0.001769927,  0.006512361,  0.000042476,
VCV (1),    0.043497894,  0.000963124, -0.000037415,
VCV (2),    0.000963124,  0.000132252,  0.000001079,
VCV (3),   -0.000037415,  0.000001079,  0.000000566,
Cor (1),    1.000000000,  0.401556787, -0.238543054,
Cor (2),    0.401556787,  1.000000000,  0.124747596,
Cor (3),   -0.238543054,  0.124747596,  1.000000000,
St.dev,     0.208561488,  0.011500087,  0.000752048,
Skewness,  -0.052176525,  0.000520772,  0.000637898,
Kurtosis,  -0.192069886,  0.001057350,  0.000280680,
AutoCor,   -0.009348518,  0.212028173,  0.906395275,
Markow Autoregressive (lag 1) bivariate joint 3 asset model cond. params
uProb.,   0.416209486,  0.583790514,
Prob (1),   0.254774377,  0.745225623,
Prob (2),   0.531303551,  0.468696449,
Mean,     -0.140761399,  0.006638545,  0.000075949,
Cor (1),    1.000000000,  0.015448373, -0.945678392,
Cor (2),    0.015448373,  1.000000000, -0.139274353,
Cor (3),   -0.945678392, -0.139274353,  1.000000000,
VCV (1),    0.029078260,  0.000029950, -0.000051903,
VCV (2),    0.000029950,  0.000129263, -0.000000510,
VCV (3),   -0.000051903, -0.000000510,  0.000000104,
St.dev,     0.170523487,  0.011369389,  0.000321855,
Mean,      0.097323100,  0.006422399,  0.000018612,
Cor (1),    1.000000000,  0.840549396, -0.288292035,
Cor (2),    0.840549396,  1.000000000,  0.536651202,
Cor (3),   -0.288292035,  0.536651202,  1.000000000,
VCV (1),    0.029518805,  0.001609280, -0.000015334,
VCV (2),    0.001609280,  0.000124176,  0.000001851,
VCV (3),   -0.000015334,  0.000001851,  0.000000096,
St.dev,     0.171810374,  0.011143431,  0.000309587,
AutoCor,    0.114450499,  0.212070111,  0.908068322,

No.; 12; Score; 4016.4642175585;
Markow Autoregressive (lag 1) bivariate joint 3 asset model uncond. params
uMean,      0.003000262, -0.000528213,  0.000112815,
VCV (1),    0.045616070,  0.000602221, -0.000001345,
VCV (2),    0.000602221,  0.000227288,  0.000001709,
VCV (3),   -0.000001345,  0.000001709,  0.000000646,
Cor (1),    1.000000000,  0.187028801, -0.007835357,
Cor (2),    0.187028801,  1.000000000,  0.141080361,
Cor (3),   -0.007835357,  0.141080361,  1.000000000,
St.dev,     0.213579189,  0.015076084,  0.000803536,
Skewness,   0.693618225,  0.155119001,  0.043451898,
Kurtosis,   1.635121977,  0.356391544,  0.615502317,
AutoCor,    0.212397162,  0.619323756,  0.968096724,
Markow Autoregressive (lag 1) bivariate joint 3 asset model cond. params
uProb.,   0.792394405,  0.207605595,
Prob (1),   0.940271259,  0.059728741,
Prob (2),   0.227974205,  0.772025795,
Mean,     -0.036817444,  0.000609195,  0.000084381,
Cor (1),    1.000000000,  0.429140385,  0.219055783,
Cor (2),    0.429140385,  1.000000000,  0.350626383,
Cor (3),    0.219055783,  0.350626383,  1.000000000,
VCV (1),    0.025676026,  0.000891962,  0.000004463,
VCV (2),    0.000891962,  0.000168254,  0.000000578,
VCV (3),    0.000004463,  0.000000578,  0.000000016,
St.dev,     0.160237406,  0.012971285,  0.000127156,
Mean,      0.154977511, -0.004869502,  0.000221343,
Cor (1),    1.000000000,  0.011547700, -0.385648601,
Cor (2),    0.011547700,  1.000000000,  0.829903115,
Cor (3),   -0.385648601,  0.829903115,  1.000000000,
VCV (1),    0.089053596,  0.000015700, -0.000040732,
VCV (2),    0.000015700,  0.000020757,  0.000001338,
VCV (3),   -0.000040732,  0.000001338,  0.000000125,
St.dev,     0.298418491,  0.004556002,  0.000353928,
AutoCor,    0.135937892,  0.617259065,  0.969325161,

No.; 13; Score; 4349.6277180809;
Markow Autoregressive (lag 1) bivariate joint 3 asset model uncond. params
uMean,      0.044189506,  0.002545273,  0.000098365,
VCV (1),    0.046505075, -0.000832817,  0.000000785,
VCV (2),   -0.000832817,  0.000133554,  0.000000101,
VCV (3),    0.000000785,  0.000000101,  0.000000072,
Cor (1),    1.000000000, -0.334172832,  0.013542880,
Cor (2),   -0.334172832,  1.000000000,  0.032528739,
Cor (3),    0.013542880,  0.032528739,  1.000000000,
St.dev,     0.215650354,  0.011556553,  0.000268819,
Skewness,  -0.681092636,  0.060933223, -0.119516863,
Kurtosis,   1.827355194, -0.090127396,  0.067624507,
AutoCor,    0.602541192,  0.680380841,  0.017421829,
Markow Autoregressive (lag 1) bivariate joint 3 asset model cond. params
uProb.,   0.242685579,  0.757314421,
Prob (1),   0.458871591,  0.541128409,
Prob (2),   0.173407580,  0.826592420,
Mean,     -0.088269606, -0.005636987,  0.000196133,
Cor (1),    1.000000000, -0.347031929,  0.718879048,
Cor (2),   -0.347031929,  1.000000000, -0.072032705,
Cor (3),    0.718879048, -0.072032705,  1.000000000,
VCV (1),    0.067559826, -0.000454070,  0.000038444,
VCV (2),   -0.000454070,  0.000025341, -0.000000075,
VCV (3),    0.000038444, -0.000000075,  0.000000042,
St.dev,     0.259922731,  0.005033949,  0.000205747,
Mean,      0.086636758,  0.005167323,  0.000067034,
Cor (1),    1.000000000, -0.885298012, -0.211056232,
Cor (2),   -0.885298012,  1.000000000,  0.238065325,
Cor (3),   -0.211056232,  0.238065325,  1.000000000,
VCV (1),    0.009795102, -0.000651623, -0.000005827,
VCV (2),   -0.000651623,  0.000055310,  0.000000494,
VCV (3),   -0.000005827,  0.000000494,  0.000000078,
St.dev,     0.098970207,  0.007437083,  0.000278940,
AutoCor,    0.646148415,  0.755962394,  0.005557033,

No.; 14; Score; 4985.236053625;
Markow Autoregressive (lag 1) bivariate joint 3 asset model uncond. params
uMean,      0.047839370, -0.001398542, -0.000032714,
VCV (1),    0.037364011, -0.000392170,  0.000016804,
VCV (2),   -0.000392170,  0.001630701,  0.000001354,
VCV (3),    0.000016804,  0.000001354,  0.000000047,
Cor (1),    1.000000000, -0.050241248,  0.400997070,
Cor (2),   -0.050241248,  1.000000000,  0.154611722,
Cor (3),    0.400997070,  0.154611722,  1.000000000,
St.dev,     0.193297725,  0.040381936,  0.000216792,
Skewness,  -0.236580079,  0.005032398, -0.258713261,
Kurtosis,   0.100327879,  0.025710691,  0.395608800,
AutoCor,    0.167389165,  0.977220040,  0.210803744,
Markow Autoregressive (lag 1) bivariate joint 3 asset model cond. params
uProb.,   0.429262218,  0.570737782,
Prob (1),   0.362623918,  0.637376082,
Prob (2),   0.479382090,  0.520617910,
Mean,      0.124156485,  0.001740736, -0.000093464,
Cor (1),    1.000000000, -0.422701837,  0.288736124,
Cor (2),   -0.422701837,  1.000000000,  0.760985246,
Cor (3),    0.288736124,  0.760985246,  1.000000000,
VCV (1),    0.021140556, -0.000639816,  0.000010360,
VCV (2),   -0.000639816,  0.000108374,  0.000001955,
VCV (3),    0.000010360,  0.000001955,  0.000000061,
St.dev,     0.145397924,  0.010410284,  0.000246780,
Mean,     -0.009560114, -0.003759650,  0.000012976,
Cor (1),    1.000000000, -0.371472552,  0.791027591,
Cor (2),   -0.371472552,  1.000000000,  0.774325967,
Cor (3),    0.791027591,  0.774325967,  1.000000000,
VCV (1),    0.039459027, -0.000319578,  0.000026073,
VCV (2),   -0.000319578,  0.000018757,  0.000000556,
VCV (3),    0.000026073,  0.000000556,  0.000000028,
St.dev,     0.198642964,  0.004330885,  0.000165929,
AutoCor,    0.205127043,  0.982215305,  0.231363199,

No.; 15; Score; 8058.1470898323;
Markow Autoregressive (lag 1) bivariate joint 3 asset model uncond. params
uMean,      0.007481883,  0.000226445,  0.000177110,
VCV (1),    0.051911009, -0.000274833, -0.000027403,
VCV (2),   -0.000274833,  0.000094386,  0.000000834,
VCV (3),   -0.000027403,  0.000000834,  0.000000061,
Cor (1),    1.000000000, -0.124160967, -0.485964338,
Cor (2),   -0.124160967,  1.000000000,  0.346646338,
Cor (3),   -0.485964338,  0.346646338,  1.000000000,
St.dev,     0.227839875,  0.009715240,  0.000247495,
Skewness,   0.012193371, -0.016756254,  0.245557316,
Kurtosis,  -0.070589684,  0.004424336,  0.333551821,
AutoCor,    0.610453567,  0.057214219,  0.642977183,
Markow Autoregressive (lag 1) bivariate joint 3 asset model cond. params
uProb.,   0.610966557,  0.389033443,
Prob (1),   0.814819048,  0.185180952,
Prob (2),   0.290821703,  0.709178297,
Mean,      0.084339220,  0.001408113,  0.000226268,
Cor (1),    1.000000000, -0.701663941, -0.996342400,
Cor (2),   -0.701663941,  1.000000000,  0.715804234,
Cor (3),   -0.996342400,  0.715804234,  1.000000000,
VCV (1),    0.026957907, -0.001089925, -0.000035079,
VCV (2),   -0.001089925,  0.000089505,  0.000001452,
VCV (3),   -0.000035079,  0.000001452,  0.000000046,
St.dev,     0.164188632,  0.009460728,  0.000214437,
Mean,     -0.113220498, -0.001629332,  0.000099909,
Cor (1),    1.000000000,  0.442757923,  0.256027903,
Cor (2),    0.442757923,  1.000000000, -0.386179544,
Cor (3),    0.256027903, -0.386179544,  1.000000000,
VCV (1),    0.023858340,  0.000669758,  0.000004495,
VCV (2),    0.000669758,  0.000095910, -0.000000430,
VCV (3),    0.000004495, -0.000000430,  0.000000013,
St.dev,     0.154461451,  0.009793361,  0.000113660,
AutoCor,    0.629265780,  0.046111264,  0.650835596,

No.; 16; Score; 9683.5329125995;
Markow Autoregressive (lag 1) bivariate joint 3 asset model uncond. params
uMean,     -0.001787172,  0.000453998, -0.000014501,
VCV (1),    0.053950225,  0.000877133,  0.000003763,
VCV (2),    0.000877133,  0.000045855,  0.000000477,
VCV (3),    0.000003763,  0.000000477,  0.000000022,
Cor (1),    1.000000000,  0.557666327,  0.109974082,
Cor (2),    0.557666327,  1.000000000,  0.478281789,
Cor (3),    0.109974082,  0.478281789,  1.000000000,
St.dev,     0.232271877,  0.006771648,  0.000147297,
Skewness,  -0.022642733, -0.078166171,  0.229913337,
Kurtosis,   0.017913571,  0.367649547,  1.523092417,
AutoCor,    0.594196232,  0.171405335,  0.066366583,
Markow Autoregressive (lag 1) bivariate joint 3 asset model cond. params
uProb.,   0.755624838,  0.244375162,
Prob (1),   0.711104405,  0.288895595,
Prob (2),   0.893285088,  0.106714912,
Mean,      0.013545855,  0.000744425, -0.000023629,
Cor (1),    1.000000000,  0.522141714,  0.914145125,
Cor (2),    0.522141714,  1.000000000,  0.226817340,
Cor (3),    0.914145125,  0.226817340,  1.000000000,
VCV (1),    0.031802119,  0.000552627,  0.000018378,
VCV (2),    0.000552627,  0.000035223,  0.000000152,
VCV (3),    0.000018378,  0.000000152,  0.000000013,
St.dev,     0.178331487,  0.005934933,  0.000112734,
Mean,     -0.049197948, -0.000444019,  0.000013725,
Cor (1),    1.000000000,  0.858466055, -0.923801985,
Cor (2),    0.858466055,  1.000000000,  0.802515185,
Cor (3),   -0.923801985,  0.802515185,  1.000000000,
VCV (1),    0.039793762,  0.001453614, -0.000040379,
VCV (2),    0.001453614,  0.000072051,  0.000001493,
VCV (3),   -0.000040379,  0.000001493,  0.000000048,
St.dev,     0.199483739,  0.008488258,  0.000219112,
AutoCor,    0.604800384,  0.173427906,  0.069353681,

No.; 17; Score; 10979.537916971;
Markow Autoregressive (lag 1) bivariate joint 3 asset model uncond. params
uMean,     -0.008005610, -0.001686604,  0.000179609,
VCV (1),    0.055425492,  0.001076172, -0.000047847,
VCV (2),    0.001076172,  0.000072864,  0.000000275,
VCV (3),   -0.000047847,  0.000000275,  0.000000147,
Cor (1),    1.000000000,  0.535513914, -0.529543212,
Cor (2),    0.535513914,  1.000000000,  0.084076697,
Cor (3),   -0.529543212,  0.084076697,  1.000000000,
St.dev,     0.235426192,  0.008536035,  0.000383794,
Skewness,  -0.372066588, -0.068418723,  0.002335315,
Kurtosis,  -0.153414320, -0.075616639,  0.021985404,
AutoCor,    0.280797130,  0.588092778,  0.787745277,
Markow Autoregressive (lag 1) bivariate joint 3 asset model cond. params
uProb.,   0.419931960,  0.580068040,
Prob (1),   0.339966363,  0.660033637,
Prob (2),   0.477821909,  0.522178091,
Mean,      0.149176624,  0.002741810,  0.000174398,
Cor (1),    1.000000000, -0.546058379, -0.410040630,
Cor (2),   -0.546058379,  1.000000000, -0.703651041,
Cor (3),   -0.410040630, -0.703651041,  1.000000000,
VCV (1),    0.011861103, -0.000250299, -0.000009281,
VCV (2),   -0.000250299,  0.000017714, -0.000000615,
VCV (3),   -0.000009281, -0.000000615,  0.000000043,
St.dev,     0.108908692,  0.004208795,  0.000207827,
Mean,     -0.121795441, -0.004892491,  0.000183382,
Cor (1),    1.000000000,  0.733245872, -0.848506149,
Cor (2),    0.733245872,  1.000000000,  0.467988651,
Cor (3),   -0.848506149,  0.467988651,  1.000000000,
VCV (1),    0.041202482,  0.000805872, -0.000043920,
VCV (2),    0.000805872,  0.000029316,  0.000000646,
VCV (3),   -0.000043920,  0.000000646,  0.000000065,
St.dev,     0.202983946,  0.005414453,  0.000255002,
AutoCor,    0.480263360,  0.763767439,  0.787868846,

No.; 18; Score; 45056.740127407;
Markow Autoregressive (lag 1) bivariate joint 3 asset model uncond. params
uMean,      0.055728753, -0.003778381,  0.000133273,
VCV (1),    0.083493043,  0.001073830,  0.000017814,
VCV (2),    0.001073830,  0.000205211,  0.000001578,
VCV (3),    0.000017814,  0.000001578,  0.000000018,
Cor (1),    1.000000000,  0.259424062,  0.457169648,
Cor (2),    0.259424062,  1.000000000,  0.816893526,
Cor (3),    0.457169648,  0.816893526,  1.000000000,
St.dev,     0.288951628,  0.014325181,  0.000134855,
Skewness,   0.003768008, -0.002468453, -0.080684640,
Kurtosis,   0.013809279,  0.019059375,  0.214044113,
AutoCor,    0.796768136,  0.462843591,  0.197207016,
Markow Autoregressive (lag 1) bivariate joint 3 asset model cond. params
uProb.,   0.989872591,  0.010127409,
Prob (1),   0.997454146,  0.002545854,
Prob (2),   0.248836656,  0.751163344,
Mean,      0.055091481, -0.003793367,  0.000135406,
Cor (1),    1.000000000,  0.308336016,  0.671215154,
Cor (2),    0.308336016,  1.000000000,  0.883083742,
Cor (3),    0.671215154,  0.883083742,  1.000000000,
VCV (1),    0.030222433,  0.000683582,  0.000015205,
VCV (2),    0.000683582,  0.000162631,  0.000001467,
VCV (3),    0.000015205,  0.000001467,  0.000000017,
St.dev,     0.173846003,  0.012752682,  0.000130304,
Mean,      0.118017025, -0.002313638, -0.000075162,
Cor (1),    1.000000000,  0.049734551,  0.632676728,
Cor (2),    0.049734551,  1.000000000, -0.601580307,
Cor (3),    0.632676728, -0.601580307,  1.000000000,
VCV (1),    0.054749065,  0.000058323,  0.000027024,
VCV (2),    0.000058323,  0.000025118, -0.000000550,
VCV (3),    0.000027024, -0.000000550,  0.000000033,
St.dev,     0.233985182,  0.005011818,  0.000182547,
AutoCor,    0.796791038,  0.462813020,  0.183392083,

No.; 19; Score; 48206.021762231;
Markow Autoregressive (lag 1) bivariate joint 3 asset model uncond. params
uMean,     -0.052224706, -0.004050735, -0.000024593,
VCV (1),    0.085768330, -0.000334921,  0.000001128,
VCV (2),   -0.000334921,  0.000073445,  0.000000214,
VCV (3),    0.000001128,  0.000000214,  0.000000059,
Cor (1),    1.000000000, -0.133443459,  0.015916758,
Cor (2),   -0.133443459,  1.000000000,  0.103329675,
Cor (3),    0.015916758,  0.103329675,  1.000000000,
St.dev,     0.292862305,  0.008570019,  0.000242005,
Skewness,  -0.000664661, -0.003800172,  1.215030134,
Kurtosis,   0.019590998,  0.303240111,  2.793369220,
AutoCor,    0.773296123,  0.446631930,  0.272805539,
Markow Autoregressive (lag 1) bivariate joint 3 asset model cond. params
uProb.,   0.193250654,  0.806749346,
Prob (1),   0.614919491,  0.385080509,
Prob (2),   0.092243100,  0.907756900,
Mean,     -0.054169152, -0.003979930,  0.000238151,
Cor (1),    1.000000000, -0.306944117,  0.737027973,
Cor (2),   -0.306944117,  1.000000000, -0.997415591,
Cor (3),    0.737027973, -0.997415591,  1.000000000,
VCV (1),    0.042692128, -0.000259053,  0.000051256,
VCV (2),   -0.000259053,  0.000016684, -0.000001371,
VCV (3),    0.000051256, -0.000001371,  0.000000113,
St.dev,     0.206620736,  0.004084652,  0.000336577,
Mean,     -0.051758929, -0.004067695, -0.000087532,
Cor (1),    1.000000000, -0.140118878, -0.396735666,
Cor (2),   -0.140118878,  1.000000000,  0.447882742,
Cor (3),   -0.396735666,  0.447882742,  1.000000000,
VCV (1),    0.032511952, -0.000209684, -0.000010937,
VCV (2),   -0.000209684,  0.000068880,  0.000000568,
VCV (3),   -0.000010937,  0.000000568,  0.000000023,
St.dev,     0.180310709,  0.008299421,  0.000152889,
AutoCor,    0.773298769,  0.446630687,  0.174493128,

No.; 20; Score; 53429.328569607;
Markow Autoregressive (lag 1) bivariate joint 3 asset model uncond. params
uMean,     -0.003602150, -0.002462112, -0.000031308,
VCV (1),    0.089170605,  0.000106270, -0.000053240,
VCV (2),    0.000106270,  0.000105760,  0.000002708,
VCV (3),   -0.000053240,  0.000002708,  0.000000320,
Cor (1),    1.000000000,  0.034605215, -0.315050805,
Cor (2),    0.034605215,  1.000000000,  0.465366000,
Cor (3),   -0.315050805,  0.465366000,  1.000000000,
St.dev,     0.298614476,  0.010283954,  0.000565910,
Skewness,   0.081551473,  0.068793573, -0.047264183,
Kurtosis,   0.070956632,  0.067028812,  0.066083313,
AutoCor,    0.663601320,  0.509262254,  0.832319413,
Markow Autoregressive (lag 1) bivariate joint 3 asset model cond. params
uProb.,   0.608384720,  0.391615280,
Prob (1),   0.508103535,  0.491896465,
Prob (2),   0.764174199,  0.235825801,
Mean,     -0.053649768, -0.003828540, -0.000099649,
Cor (1),    1.000000000,  0.627708292, -0.403402209,
Cor (2),    0.627708292,  1.000000000,  0.539322885,
Cor (3),   -0.403402209,  0.539322885,  1.000000000,
VCV (1),    0.032849883,  0.000893261, -0.000024881,
VCV (2),    0.000893261,  0.000061646,  0.000001441,
VCV (3),   -0.000024881,  0.000001441,  0.000000116,
St.dev,     0.181245366,  0.007851518,  0.000340300,
Mean,      0.074148151, -0.000339331,  0.000074863,
Cor (1),    1.000000000, -0.596247528, -0.475269649,
Cor (2),   -0.596247528,  1.000000000,  0.774891678,
Cor (3),   -0.475269649,  0.774891678,  1.000000000,
VCV (1),    0.058322696, -0.001387656, -0.000020398,
VCV (2),   -0.001387656,  0.000092869,  0.000001327,
VCV (3),   -0.000020398,  0.000001327,  0.000000032,
St.dev,     0.241500924,  0.009636882,  0.000177717,
AutoCor,    0.705565078,  0.530844651,  0.857550208,

No.; 21; Score; 75211.07878818;
Markow Autoregressive (lag 1) bivariate joint 3 asset model uncond. params
uMean,      0.048951407,  0.005585394, -0.000033241,
VCV (1),    0.102538918,  0.000103519, -0.000050247,
VCV (2),    0.000103519,  0.000026613, -0.000000856,
VCV (3),   -0.000050247, -0.000000856,  0.000000122,
Cor (1),    1.000000000,  0.062665064, -0.448556562,
Cor (2),    0.062665064,  1.000000000, -0.474125393,
Cor (3),   -0.448556562, -0.474125393,  1.000000000,
St.dev,     0.320216985,  0.005158812,  0.000349825,
Skewness,  -0.008787174, -0.367932094, -0.224139101,
Kurtosis,  -0.051228344,  0.487416629, -0.018396070,
AutoCor,    0.526748924,  0.093265832,  0.477129539,
Markow Autoregressive (lag 1) bivariate joint 3 asset model cond. params
uProb.,   0.786613732,  0.213386268,
Prob (1),   0.824226073,  0.175773927,
Prob (2),   0.647961961,  0.352038039,
Mean,      0.109781262,  0.006634113, -0.000094542,
Cor (1),    1.000000000, -0.058985546, -0.406475507,
Cor (2),   -0.058985546,  1.000000000, -0.466857251,
Cor (3),   -0.406475507, -0.466857251,  1.000000000,
VCV (1),    0.061651828, -0.000063930, -0.000031333,
VCV (2),   -0.000063930,  0.000019054, -0.000000633,
VCV (3),   -0.000031333, -0.000000633,  0.000000096,
St.dev,     0.248297861,  0.004365034,  0.000310452,
Mean,     -0.175287947,  0.001719462,  0.000192734,
Cor (1),    1.000000000, -0.270529062, -0.146360591,
Cor (2),   -0.270529062,  1.000000000, -0.566296577,
Cor (3),   -0.146360591, -0.566296577,  1.000000000,
VCV (1),    0.048937088, -0.000353205, -0.000004359,
VCV (2),   -0.000353205,  0.000034833, -0.000000450,
VCV (3),   -0.000004359, -0.000000450,  0.000000018,
St.dev,     0.221217287,  0.005901925,  0.000134632,
AutoCor,    0.580526786,  0.078349523,  0.515532896,

No.; 22; Score; 82079.551966453;
Markow Autoregressive (lag 1) bivariate joint 3 asset model uncond. params
uMean,      0.000743496, -0.001008374, -0.000089233,
VCV (1),    0.106499562, -0.001837726,  0.000059583,
VCV (2),   -0.001837726,  0.000066832,  0.000000060,
VCV (3),    0.000059583,  0.000000060,  0.000000087,
Cor (1),    1.000000000, -0.688835513,  0.618773808,
Cor (2),   -0.688835513,  1.000000000,  0.024815076,
Cor (3),    0.618773808,  0.024815076,  1.000000000,
St.dev,     0.326342707,  0.008175069,  0.000295064,
Skewness,   0.239829997, -0.287332274,  0.128591398,
Kurtosis,   0.412662045,  0.180718044,  0.399877111,
AutoCor,    0.718383468,  0.355710471,  0.694433949,
Markow Autoregressive (lag 1) bivariate joint 3 asset model cond. params
uProb.,   0.663818110,  0.336181890,
Prob (1),   0.801840999,  0.198159001,
Prob (2),   0.391280844,  0.608719156,
Mean,     -0.060439250,  0.001513903, -0.000117393,
Cor (1),    1.000000000, -0.901543694,  0.117925864,
Cor (2),   -0.901543694,  1.000000000,  0.466594214,
Cor (3),    0.117925864,  0.466594214,  1.000000000,
VCV (1),    0.027772092, -0.000948454,  0.000003290,
VCV (2),   -0.000948454,  0.000039852,  0.000000493,
VCV (3),    0.000003290,  0.000000493,  0.000000028,
