Round No; 3; best result RLS; 443.97494594183

;;;
Statistical description of data for: Meginajums1
Calib/Tail/Per/Cur, 4176, 9999, 23, 0,
Title,    PE MARKET w  ,EQUITY LM SNP,REX BOND     ,
Mean,       0.000104436,  0.000075211,  0.000042226,
VCV (1),    0.033533792, -0.000018247, -0.000000770,
VCV (2),   -0.000018247,  0.000044333, -0.000000146,
VCV (3),   -0.000000770, -0.000000146,  0.000000045,
St.dev,     0.183122341,  0.006658326,  0.000210996,
Skewness,  -0.359429482, -0.013261914,  0.151860187,
Kurtosis,  20.092276212,  7.412958555, 34.388660560,
AutoCor,   -0.271804758, -0.019537378, -0.152000145,
No.; 1; Score; 443.97494594183;
Markow Autoregressive (lag 1) bivariate joint 3 asset model uncond. params
uMean,      0.010667073, -0.000265616,  0.000235126,
VCV (1),    0.030687479, -0.000344839, -0.000219920,
VCV (2),   -0.000344839,  0.000141410,  0.000015089,
VCV (3),   -0.000219920,  0.000015089,  0.000016667,
Cor (1),    1.000000000, -0.165537745, -0.307508147,
Cor (2),   -0.165537745,  1.000000000,  0.310811852,
Cor (3),   -0.307508147,  0.310811852,  1.000000000,
St.dev,     0.175178420,  0.011891574,  0.004082508,
Skewness,   0.014507941,  0.961326282, -0.009025187,
Kurtosis,   0.225590758,  1.438861654,  0.146516931,
AutoCor,    0.869430658,  0.337179157,  0.383898254,
Markow Autoregressive (lag 1) bivariate joint 3 asset model cond. params
uProb.,   0.715839740,  0.284160260,
Prob (1),   0.805475943,  0.194524057,
Prob (2),   0.490033513,  0.509966487,
Mean,      0.013556416, -0.004430068,  0.000199781,
Cor (1),    1.000000000, -0.343973085, -0.551000152,
Cor (2),   -0.343973085,  1.000000000,  0.336611502,
Cor (3),   -0.551000152,  0.336611502,  1.000000000,
VCV (1),    0.010187635, -0.000232888, -0.000225225,
VCV (2),   -0.000232888,  0.000044996,  0.000009144,
VCV (3),   -0.000225225,  0.000009144,  0.000016400,
St.dev,     0.100933816,  0.006707904,  0.004049745,
Mean,      0.003388410,  0.010225225,  0.000324163,
Cor (1),    1.000000000, -0.549656060,  0.723080018,
Cor (2),   -0.549656060,  1.000000000,  0.539420943,
Cor (3),    0.723080018,  0.539420943,  1.000000000,
VCV (1),    0.000606721, -0.000186208,  0.000052485,
VCV (2),   -0.000186208,  0.000189159,  0.000021862,
VCV (3),    0.000052485,  0.000021862,  0.000008684,
St.dev,     0.024631707,  0.013753514,  0.002946840,
AutoCor,    0.869810575,  0.346897109,  0.383911182,

No.; 2; Score; 721.14964374415;
Markow Autoregressive (lag 1) bivariate joint 3 asset model uncond. params
uMean,     -0.008384154,  0.005873010, -0.000109189,
VCV (1),    0.033873147, -0.000259451,  0.000131325,
VCV (2),   -0.000259451,  0.000373249, -0.000042585,
VCV (3),    0.000131325, -0.000042585,  0.000015221,
Cor (1),    1.000000000, -0.072967298,  0.182894283,
Cor (2),   -0.072967298,  1.000000000, -0.564994770,
Cor (3),    0.182894283, -0.564994770,  1.000000000,
St.dev,     0.184046589,  0.019319641,  0.003901377,
Skewness,   0.037123475,  0.332050271,  0.012073753,
Kurtosis,   0.057602779,  1.452222023,  0.021394501,
AutoCor,    0.802797538,  0.144015841,  0.084990641,
Markow Autoregressive (lag 1) bivariate joint 3 asset model cond. params
uProb.,   0.541398192,  0.458601808,
Prob (1),   0.315207929,  0.684792071,
Prob (2),   0.808425049,  0.191574951,
Mean,      0.010720028,  0.008689903, -0.000280786,
Cor (1),    1.000000000, -0.251199523,  0.649439703,
Cor (2),   -0.251199523,  1.000000000, -0.805663268,
Cor (3),    0.649439703, -0.805663268,  1.000000000,
VCV (1),    0.015566214, -0.000766446,  0.000301988,
VCV (2),   -0.000766446,  0.000598056, -0.000073432,
VCV (3),    0.000301988, -0.000073432,  0.000013891,
St.dev,     0.124764635,  0.024455186,  0.003727003,
Mean,     -0.030937422,  0.002547552,  0.000093389,
Cor (1),    1.000000000,  0.479678146, -0.272530036,
Cor (2),    0.479678146,  1.000000000, -0.110092395,
Cor (3),   -0.272530036, -0.110092395,  1.000000000,
VCV (1),    0.005573153,  0.000293133, -0.000082564,
VCV (2),    0.000293133,  0.000067008, -0.000003657,
VCV (3),   -0.000082564, -0.000003657,  0.000016469,
St.dev,     0.074653550,  0.008185869,  0.004058150,
AutoCor,    0.819495055,  0.160420246,  0.086314202,

No.; 3; Score; 1072.1551148157;
Markow Autoregressive (lag 1) bivariate joint 3 asset model uncond. params
uMean,     -0.005539049,  0.006862119,  0.000206944,
VCV (1),    0.031362858,  0.000501537, -0.000244886,
VCV (2),    0.000501537,  0.000448881, -0.000052227,
VCV (3),   -0.000244886, -0.000052227,  0.000016880,
Cor (1),    1.000000000,  0.133668650, -0.336567504,
Cor (2),    0.133668650,  1.000000000, -0.599991503,
Cor (3),   -0.336567504, -0.599991503,  1.000000000,
St.dev,     0.177095619,  0.021186806,  0.004108500,
Skewness,   0.233451071,  0.228889731,  0.037669012,
Kurtosis,   0.063113942,  0.787392342,  0.446216977,
AutoCor,    0.088760433,  0.635068441,  0.746356456,
Markow Autoregressive (lag 1) bivariate joint 3 asset model cond. params
uProb.,   0.451551076,  0.548448924,
Prob (1),   0.134421108,  0.865578892,
Prob (2),   0.712651741,  0.287348259,
Mean,      0.076904213,  0.010633177,  0.000375328,
Cor (1),    1.000000000,  0.152059277, -0.558640985,
Cor (2),    0.152059277,  1.000000000, -0.635914810,
Cor (3),   -0.558640985, -0.635914810,  1.000000000,
VCV (1),    0.030516115,  0.000614533, -0.000387076,
VCV (2),    0.000614533,  0.000535224, -0.000058353,
VCV (3),   -0.000387076, -0.000058353,  0.000015733,
St.dev,     0.174688624,  0.023134907,  0.003966422,
Mean,     -0.073416553,  0.003757318,  0.000068310,
Cor (1),    1.000000000, -0.834212969, -0.634839656,
Cor (2),   -0.834212969,  1.000000000, -0.116369164,
Cor (3),   -0.634839656, -0.116369164,  1.000000000,
VCV (1),    0.019292497, -0.000128040, -0.000066969,
VCV (2),   -0.000128040,  0.000001221, -0.000000098,
VCV (3),   -0.000066969, -0.000000098,  0.000000577,
St.dev,     0.138897435,  0.001105032,  0.000759477,
AutoCor,    0.233617705,  0.667563114,  0.748190821,

No.; 4; Score; 1189.9142720938;
Markow Autoregressive (lag 1) bivariate joint 3 asset model uncond. params
uMean,      0.017010488,  0.006739981,  0.000071836,
VCV (1),    0.036813574,  0.000982587,  0.000004127,
VCV (2),    0.000982587,  0.000433497,  0.000003976,
VCV (3),    0.000004127,  0.000003976,  0.000016851,
Cor (1),    1.000000000,  0.245965304,  0.005240327,
Cor (2),    0.245965304,  1.000000000,  0.046517798,
Cor (3),    0.005240327,  0.046517798,  1.000000000,
St.dev,     0.191868638,  0.020820597,  0.004105010,
Skewness,  -0.076501361, -0.053968917, -0.001269650,
Kurtosis,   1.999434171,  1.696782165,  0.132378017,
AutoCor,    0.384406830,  0.362512173,  0.851603861,
Markow Autoregressive (lag 1) bivariate joint 3 asset model cond. params
uProb.,   0.309303820,  0.690696180,
Prob (1),   0.168170460,  0.831829540,
Prob (2),   0.372505397,  0.627494603,
Mean,      0.007952746,  0.005989162,  0.000089588,
Cor (1),    1.000000000,  0.134000213,  0.247426040,
Cor (2),    0.134000213,  1.000000000, -0.061128203,
Cor (3),    0.247426040, -0.061128203,  1.000000000,
VCV (1),    0.077061089,  0.001098454,  0.000043524,
VCV (2),    0.001098454,  0.000872003, -0.000001144,
VCV (3),    0.000043524, -0.000001144,  0.000000402,
St.dev,     0.277598792,  0.029529697,  0.000633672,
Mean,      0.021066677,  0.007076209,  0.000063886,
Cor (1),    1.000000000,  0.563135308, -0.057914539,
Cor (2),    0.563135308,  1.000000000,  0.141758737,
Cor (3),   -0.057914539,  0.141758737,  1.000000000,
VCV (1),    0.010844770,  0.000728179, -0.000015404,
VCV (2),    0.000728179,  0.000154181,  0.000004496,
VCV (3),   -0.000015404,  0.000004496,  0.000006523,
St.dev,     0.104138224,  0.012416966,  0.002554099,
AutoCor,    0.384994981,  0.362842468,  0.851612705,

No.; 5; Score; 1216.8782340269;
Markow Autoregressive (lag 1) bivariate joint 3 asset model uncond. params
uMean,      0.011149481,  0.005500976,  0.000218834,
VCV (1),    0.034388961,  0.002164967,  0.000127482,
VCV (2),    0.002164967,  0.000563274,  0.000013734,
VCV (3),    0.000127482,  0.000013734,  0.000002535,
Cor (1),    1.000000000,  0.491905588,  0.431792426,
Cor (2),    0.491905588,  1.000000000,  0.363478182,
Cor (3),    0.431792426,  0.363478182,  1.000000000,
St.dev,     0.185442609,  0.023733401,  0.001592078,
Skewness,   0.859576799, -0.687652259, -0.042234234,
Kurtosis,   0.132011019,  1.943931567,  0.338481881,
AutoCor,   -0.013433506,  0.142619827,  0.247864796,
Markow Autoregressive (lag 1) bivariate joint 3 asset model cond. params
uProb.,   0.551582456,  0.448417544,
Prob (1),   0.413412094,  0.586587906,
Prob (2),   0.721540900,  0.278459100,
Mean,      0.117273133,  0.011662543,  0.000158609,
Cor (1),    1.000000000,  0.988973553,  0.651214492,
Cor (2),    0.988973553,  1.000000000,  0.524289048,
Cor (3),    0.651214492,  0.524289048,  1.000000000,
VCV (1),    0.034848644,  0.001786657,  0.000215945,
VCV (2),    0.001786657,  0.000093654,  0.000009013,
VCV (3),    0.000215945,  0.000009013,  0.000003155,
St.dev,     0.186677916,  0.009677507,  0.001776337,
Mean,     -0.119389445, -0.002078149,  0.000292914,
Cor (1),    1.000000000,  0.630431649,  0.509071560,
Cor (2),    0.630431649,  1.000000000,  0.509225532,
Cor (3),    0.509071560,  0.509225532,  1.000000000,
VCV (1),    0.001356263,  0.000733480,  0.000022277,
VCV (2),    0.000733480,  0.000998060,  0.000019116,
VCV (3),    0.000022277,  0.000019116,  0.000001412,
St.dev,     0.036827480,  0.031592094,  0.001188231,
AutoCor,    0.185366344,  0.183368289,  0.248845150,

No.; 6; Score; 1912.573612185;
Markow Autoregressive (lag 1) bivariate joint 3 asset model uncond. params
uMean,     -0.021164338,  0.000195567,  0.000096793,
VCV (1),    0.040622854, -0.000815220, -0.000021493,
VCV (2),   -0.000815220,  0.000322993, -0.000008377,
VCV (3),   -0.000021493, -0.000008377,  0.000006758,
Cor (1),    1.000000000, -0.225057223, -0.041020151,
Cor (2),   -0.225057223,  1.000000000, -0.179303219,
Cor (3),   -0.041020151, -0.179303219,  1.000000000,
St.dev,     0.201551119,  0.017972012,  0.002599634,
Skewness,   1.091152676,  0.148831311,  0.102509614,
Kurtosis,  -0.587108218,  0.798107444,  3.507530384,
AutoCor,    0.119120441,  0.098295686,  0.176166007,
Markow Autoregressive (lag 1) bivariate joint 3 asset model cond. params
uProb.,   0.759415368,  0.240584632,
Prob (1),   0.788899806,  0.211100194,
Prob (2),   0.666346516,  0.333653484,
Mean,     -0.132120894,  0.001154797,  0.000050497,
Cor (1),    1.000000000, -0.642201249, -0.714291084,
Cor (2),   -0.642201249,  1.000000000, -0.367975683,
Cor (3),   -0.714291084, -0.367975683,  1.000000000,
VCV (1),    0.002105459, -0.000598612, -0.000051311,
VCV (2),   -0.000598612,  0.000412669, -0.000011703,
VCV (3),   -0.000051311, -0.000011703,  0.000002451,
St.dev,     0.045885283,  0.020314256,  0.001565527,
Mean,      0.329074634, -0.002832284,  0.000242927,
Cor (1),    1.000000000, -0.941802792,  0.056657481,
Cor (2),   -0.941802792,  1.000000000,  0.192451601,
Cor (3),    0.056657481,  0.192451601,  1.000000000,
VCV (1),    0.000662176, -0.000094044,  0.000006431,
VCV (2),   -0.000094044,  0.000015058,  0.000003294,
VCV (3),    0.000006431,  0.000003294,  0.000019454,
St.dev,     0.025732775,  0.003880473,  0.004410723,
AutoCor,    0.043388559,  0.098075579,  0.176219732,

No.; 7; Score; 2158.4987712942;
Markow Autoregressive (lag 1) bivariate joint 3 asset model uncond. params
uMean,     -0.012520603, -0.005583571,  0.000050570,
VCV (1),    0.042509972,  0.000303639, -0.000053101,
VCV (2),    0.000303639,  0.000047027, -0.000007204,
VCV (3),   -0.000053101, -0.000007204,  0.000003179,
Cor (1),    1.000000000,  0.214752624, -0.144460125,
Cor (2),    0.214752624,  1.000000000, -0.589220490,
Cor (3),   -0.144460125, -0.589220490,  1.000000000,
St.dev,     0.206179466,  0.006857630,  0.001782836,
Skewness,  -0.225952756, -0.000104167,  0.050805050,
Kurtosis,   0.083901955,  0.000007789,  0.239790389,
AutoCor,    0.473530657,  0.332538829,  0.335667917,
Markow Autoregressive (lag 1) bivariate joint 3 asset model cond. params
uProb.,   0.262439370,  0.737560630,
Prob (1),   0.295163836,  0.704836164,
Prob (2),   0.250795326,  0.749204674,
Mean,     -0.178753477, -0.005888426, -0.000127997,
Cor (1),    1.000000000,  0.423970414,  0.582411320,
Cor (2),    0.423970414,  1.000000000, -0.850585034,
Cor (3),    0.582411320, -0.850585034,  1.000000000,
VCV (1),    0.025951546,  0.000441966,  0.000106913,
VCV (2),    0.000441966,  0.000041874, -0.000006272,
VCV (3),    0.000106913, -0.000006272,  0.000001298,
St.dev,     0.161094836,  0.006471000,  0.001139511,
Mean,      0.046628501, -0.005475097,  0.000114108,
Cor (1),    1.000000000,  0.171092470, -0.424027105,
Cor (2),    0.171092470,  1.000000000, -0.546925716,
Cor (3),   -0.424027105, -0.546925716,  1.000000000,
VCV (1),    0.018979000,  0.000152320, -0.000106842,
VCV (2),    0.000152320,  0.000041761, -0.000006464,
VCV (3),   -0.000106842, -0.000006464,  0.000003345,
St.dev,     0.137764292,  0.006462313,  0.001828997,
AutoCor,    0.602663997,  0.332741609,  0.336711445,

No.; 8; Score; 2354.8571649592;
Markow Autoregressive (lag 1) bivariate joint 3 asset model uncond. params
uMean,     -0.032269749,  0.003150230, -0.000236031,
VCV (1),    0.026671884,  0.001009908,  0.000040388,
VCV (2),    0.001009908,  0.000376187, -0.000032413,
VCV (3),    0.000040388, -0.000032413,  0.000030704,
Cor (1),    1.000000000,  0.318825511,  0.044630341,
Cor (2),    0.318825511,  1.000000000, -0.301591413,
Cor (3),    0.044630341, -0.301591413,  1.000000000,
St.dev,     0.163315291,  0.019395550,  0.005541075,
Skewness,   0.141687586, -0.480591622,  0.010219112,
Kurtosis,  -1.886181124,  0.555627060,  0.146335152,
AutoCor,    0.301220080,  0.231511566,  0.421339376,
Markow Autoregressive (lag 1) bivariate joint 3 asset model cond. params
uProb.,   0.463150866,  0.536849134,
Prob (1),   0.620050466,  0.379949534,
Prob (2),   0.327790332,  0.672209668,
Mean,      0.141473192,  0.010515924, -0.000142652,
Cor (1),    1.000000000,  0.594850818,  0.353694574,
Cor (2),    0.594850818,  1.000000000,  0.557309319,
Cor (3),    0.353694574,  0.557309319,  1.000000000,
VCV (1),    0.000337414,  0.000124249,  0.000036790,
VCV (2),    0.000124249,  0.000129303,  0.000035886,
VCV (3),    0.000036790,  0.000035886,  0.000032066,
St.dev,     0.018368822,  0.011371152,  0.005662668,
Mean,     -0.182161382, -0.003204306, -0.000316592,
Cor (1),    1.000000000, -0.629382483,  0.042401594,
Cor (2),   -0.629382483,  1.000000000, -0.907041820,
Cor (3),    0.042401594, -0.907041820,  1.000000000,
VCV (1),    0.000351687, -0.000256295,  0.000003499,
VCV (2),   -0.000256295,  0.000471516, -0.000086666,
VCV (3),    0.000003499, -0.000086666,  0.000019362,
St.dev,     0.018753320,  0.021714415,  0.004400233,
AutoCor,    0.672030744,  0.222879117,  0.421371009,

No.; 9; Score; 2407.5753945441;
Markow Autoregressive (lag 1) bivariate joint 3 asset model uncond. params
uMean,      0.001009778, -0.007401056,  0.000101594,
VCV (1),    0.033481549, -0.002679357,  0.000234466,
VCV (2),   -0.002679357,  0.000955318,  0.000038626,
VCV (3),    0.000234466,  0.000038626,  0.000009695,
Cor (1),    1.000000000, -0.473755003,  0.411525580,
Cor (2),   -0.473755003,  1.000000000,  0.401353104,
Cor (3),    0.411525580,  0.401353104,  1.000000000,
St.dev,     0.182979641,  0.030908216,  0.003113727,
Skewness,  -0.426614814, -0.301689220, -0.033072920,
Kurtosis,   0.268976020,  2.550461418,  0.151072179,
AutoCor,    0.266674560,  0.411262174,  0.527093977,
Markow Autoregressive (lag 1) bivariate joint 3 asset model cond. params
uProb.,   0.315614149,  0.684385851,
Prob (1),   0.428553643,  0.571446357,
Prob (2),   0.263530515,  0.736469485,
Mean,      0.097966663, -0.012472490,  0.000334577,
Cor (1),    1.000000000, -0.390525853, -0.097678235,
Cor (2),   -0.390525853,  1.000000000,  0.538085278,
Cor (3),   -0.097678235,  0.538085278,  1.000000000,
VCV (1),    0.005936366, -0.001349200, -0.000015070,
VCV (2),   -0.001349200,  0.002010633,  0.000048314,
VCV (3),   -0.000015070,  0.000048314,  0.000004010,
St.dev,     0.077047816,  0.044840078,  0.002002435,
Mean,     -0.043703252, -0.005062293, -0.000005850,
Cor (1),    1.000000000, -0.908965103,  0.517852946,
Cor (2),   -0.908965103,  1.000000000,  0.530162479,
Cor (3),    0.517852946,  0.530162479,  1.000000000,
VCV (1),    0.036468115, -0.002543005,  0.000285610,
VCV (2),   -0.002543005,  0.000214628,  0.000022432,
VCV (3),    0.000285610,  0.000022432,  0.000008341,
St.dev,     0.190966266,  0.014650192,  0.002888088,
AutoCor,    0.281794241,  0.414357823,  0.528031241,

No.; 10; Score; 2418.8723839472;
Markow Autoregressive (lag 1) bivariate joint 3 asset model uncond. params
uMean,      0.037586590, -0.007226364, -0.000167440,
VCV (1),    0.039559888, -0.001321282, -0.000006279,
VCV (2),   -0.001321282,  0.000648189,  0.000000305,
VCV (3),   -0.000006279,  0.000000305,  0.000000086,
Cor (1),    1.000000000, -0.260925848, -0.107692252,
Cor (2),   -0.260925848,  1.000000000,  0.040821675,
Cor (3),   -0.107692252,  0.040821675,  1.000000000,
St.dev,     0.198896677,  0.025459564,  0.000293149,
Skewness,   0.001603417, -0.015973413,  1.048936706,
Kurtosis,   0.007664904, -0.013245932, 49.427215965,
AutoCor,    0.174543276,  0.784307487,  0.355115118,
Markow Autoregressive (lag 1) bivariate joint 3 asset model cond. params
uProb.,   0.949510920,  0.050489080,
Prob (1),   0.974227303,  0.025772697,
Prob (2),   0.484688119,  0.515311881,
Mean,      0.038068826, -0.008181712, -0.000173328,
Cor (1),    1.000000000, -0.395892479,  0.474543124,
Cor (2),   -0.395892479,  1.000000000,  0.761938926,
Cor (3),    0.474543124,  0.761938926,  1.000000000,
VCV (1),    0.038809079, -0.001213305,  0.000001016,
VCV (2),   -0.001213305,  0.000242020,  0.000000129,
VCV (3),    0.000001016,  0.000000129,  0.000000000,
St.dev,     0.197000201,  0.015557008,  0.000010870,
Mean,      0.028517545,  0.010740154, -0.000056712,
Cor (1),    1.000000000,  0.239573199, -0.643635175,
Cor (2),    0.239573199,  1.000000000,  0.033726072,
Cor (3),   -0.643635175,  0.033726072,  1.000000000,
VCV (1),    0.029734714,  0.000414359, -0.000134800,
VCV (2),    0.000414359,  0.000100604,  0.000000411,
VCV (3),   -0.000134800,  0.000000411,  0.000001475,
St.dev,     0.172437566,  0.010030143,  0.001214562,
AutoCor,    0.174508449,  0.792325365,  0.354087526,

No.; 11; Score; 3141.7882630346;
Markow Autoregressive (lag 1) bivariate joint 3 asset model uncond. params
uMean,      0.010915192,  0.007007752,  0.000388741,
VCV (1),    0.033639840,  0.000892778,  0.000086825,
VCV (2),    0.000892778,  0.001196542,  0.000011760,
VCV (3),    0.000086825,  0.000011760,  0.000001300,
Cor (1),    1.000000000,  0.140718893,  0.415183407,
Cor (2),    0.140718893,  1.000000000,  0.298173328,
Cor (3),    0.415183407,  0.298173328,  1.000000000,
St.dev,     0.183411667,  0.034591074,  0.001140195,
Skewness,   1.857053426,  0.116685362, -0.118202607,
Kurtosis,   4.963847883,  0.491507239,  3.506629321,
AutoCor,    0.274321422,  0.272443171,  0.253902186,
Markow Autoregressive (lag 1) bivariate joint 3 asset model cond. params
uProb.,   0.244705190,  0.755294810,
Prob (1),   0.258561823,  0.741438177,
Prob (2),   0.240215830,  0.759784170,
Mean,      0.194880404,  0.001253912,  0.000315514,
Cor (1),    1.000000000,  0.918503670,  0.655669216,
Cor (2),    0.918503670,  1.000000000, -0.691124815,
Cor (3),    0.655669216, -0.691124815,  1.000000000,
VCV (1),    0.075371039,  0.003794822,  0.000344938,
VCV (2),    0.003794822,  0.000226473, -0.000019931,
VCV (3),    0.000344938, -0.000019931,  0.000003672,
St.dev,     0.274537865,  0.015049022,  0.001916259,
Mean,     -0.048687021,  0.008871918,  0.000412465,
Cor (1),    1.000000000,  0.211040270, -0.172427297,
Cor (2),    0.211040270,  1.000000000,  0.865289066,
Cor (3),   -0.172427297,  0.865289066,  1.000000000,
VCV (1),    0.000844413,  0.000227660, -0.000003240,
VCV (2),    0.000227660,  0.001378122,  0.000020772,
VCV (3),   -0.000003240,  0.000020772,  0.000000418,
St.dev,     0.029058782,  0.037123063,  0.000646652,
AutoCor,    0.398100445,  0.274741566,  0.254217383,

No.; 12; Score; 3428.2568517063;
Markow Autoregressive (lag 1) bivariate joint 3 asset model uncond. params
uMean,     -0.121491201,  0.006621750, -0.000224945,
VCV (1),    0.027851313, -0.000715234,  0.000480755,
VCV (2),   -0.000715234,  0.000929297,  0.000012374,
VCV (3),    0.000480755,  0.000012374,  0.000022547,
Cor (1),    1.000000000, -0.140588008,  0.606676751,
Cor (2),   -0.140588008,  1.000000000,  0.085487056,
Cor (3),    0.606676751,  0.085487056,  1.000000000,
St.dev,     0.166887127,  0.030484376,  0.004748364,
Skewness,   0.135446084, -0.657287195, -0.034921195,
Kurtosis,   0.728848790,  6.971402202,  0.370796416,
AutoCor,    0.198451553,  0.174615437,  0.628556307,
Markow Autoregressive (lag 1) bivariate joint 3 asset model cond. params
uProb.,   0.730813752,  0.269186248,
Prob (1),   0.708520859,  0.291479141,
Prob (2),   0.791336728,  0.208663272,
Mean,     -0.130887942,  0.009307625, -0.000328591,
Cor (1),    1.000000000,  0.520651817,  0.866520695,
Cor (2),    0.520651817,  1.000000000,  0.103982434,
Cor (3),    0.866520695,  0.103982434,  1.000000000,
VCV (1),    0.018294502,  0.000391100,  0.000499673,
VCV (2),    0.000391100,  0.000030843,  0.000002462,
VCV (3),    0.000499673,  0.000002462,  0.000018176,
St.dev,     0.135257169,  0.005553669,  0.004263311,
Mean,     -0.095979990, -0.000670132,  0.000056446,
Cor (1),    1.000000000, -0.270946264,  0.819853514,
Cor (2),   -0.270946264,  1.000000000,  0.601500262,
Cor (3),    0.819853514,  0.601500262,  1.000000000,
VCV (1),    0.048766842, -0.003377325,  0.000194966,
VCV (2),   -0.003377325,  0.003186066,  0.000036561,
VCV (3),    0.000194966,  0.000036561,  0.000001160,
St.dev,     0.220832158,  0.056445246,  0.001076861,
AutoCor,    0.200893501,  0.180157645,  0.629477680,

No.; 13; Score; 3488.2643347097;
Markow Autoregressive (lag 1) bivariate joint 3 asset model uncond. params
uMean,      0.012730148, -0.009227243,  0.000187764,
VCV (1),    0.030668108,  0.003425706,  0.000011255,
VCV (2),    0.003425706,  0.001210809,  0.000020806,
VCV (3),    0.000011255,  0.000020806,  0.000007929,
Cor (1),    1.000000000,  0.562171464,  0.022823642,
Cor (2),    0.562171464,  1.000000000,  0.212340711,
Cor (3),    0.022823642,  0.212340711,  1.000000000,
St.dev,     0.175123122,  0.034796675,  0.002815874,
Skewness,   3.703339494,  0.125239655,  0.001141226,
Kurtosis,  59.180052707,  5.399011932,  0.054341288,
AutoCor,    0.290784171,  0.637933620,  0.804161608,
Markow Autoregressive (lag 1) bivariate joint 3 asset model cond. params
uProb.,   0.045269528,  0.954730472,
Prob (1),   0.758059675,  0.241940325,
Prob (2),   0.011471849,  0.988528151,
Mean,      0.249252609, -0.004029868,  0.000229735,
Cor (1),    1.000000000,  0.973682402, -0.079499230,
Cor (2),    0.973682402,  1.000000000, -0.556683367,
Cor (3),   -0.079499230, -0.556683367,  1.000000000,
VCV (1),    0.573444132,  0.055574210, -0.000134731,
VCV (2),    0.055574210,  0.005680948, -0.000093902,
VCV (3),   -0.000134731, -0.000093902,  0.000005009,
St.dev,     0.757260940,  0.075372066,  0.002237988,
Mean,      0.001515192, -0.009473681,  0.000185774,
Cor (1),    1.000000000,  0.810533224,  0.499454256,
Cor (2),    0.810533224,  1.000000000,  0.417707208,
Cor (3),    0.499454256,  0.417707208,  1.000000000,
VCV (1),    0.000354112,  0.000334906,  0.000015435,
VCV (2),    0.000334906,  0.000482129,  0.000015062,
VCV (3),    0.000015435,  0.000015062,  0.000002697,
St.dev,     0.018817859,  0.021957427,  0.001642215,
AutoCor,    0.247627386,  0.637818560,  0.804162214,

No.; 14; Score; 4035.9569786824;
Markow Autoregressive (lag 1) bivariate joint 3 asset model uncond. params
uMean,      0.000160917, -0.004289358,  0.000362647,
VCV (1),    0.035741326,  0.000640445, -0.000049155,
VCV (2),    0.000640445,  0.001426899, -0.000000100,
VCV (3),   -0.000049155, -0.000000100,  0.000000287,
Cor (1),    1.000000000,  0.089680930, -0.485345575,
Cor (2),    0.089680930,  1.000000000, -0.004957837,
Cor (3),   -0.485345575, -0.004957837,  1.000000000,
St.dev,     0.189053765,  0.037774320,  0.000535715,
Skewness,  -0.555879012, -0.017268580,  0.014886814,
Kurtosis,  -0.254661685,  1.205274250,  0.000600853,
AutoCor,    0.076154223,  0.148073740,  0.398671214,
Markow Autoregressive (lag 1) bivariate joint 3 asset model cond. params
uProb.,   0.374201277,  0.625798723,
Prob (1),   0.480974064,  0.519025936,
Prob (2),   0.310355648,  0.689644352,
Mean,      0.148887427, -0.004733105,  0.000257581,
Cor (1),    1.000000000,  0.625822772, -0.924855766,
Cor (2),    0.625822772,  1.000000000,  0.762448500,
Cor (3),   -0.924855766,  0.762448500,  1.000000000,
VCV (1),    0.005463561,  0.002340677, -0.000032164,
VCV (2),    0.002340677,  0.002560381,  0.000018152,
VCV (3),   -0.000032164,  0.000018152,  0.000000221,
St.dev,     0.073915904,  0.050600206,  0.000470503,
Mean,     -0.088771272, -0.004024016,  0.000425472,
Cor (1),    1.000000000, -0.066204463, -0.492459702,
Cor (2),   -0.066204463,  1.000000000, -0.848446556,
Cor (3),   -0.492459702, -0.848446556,  1.000000000,
VCV (1),    0.032695290, -0.000316485, -0.000043853,
VCV (2),   -0.000316485,  0.000698949, -0.000011047,
VCV (3),   -0.000043853, -0.000011047,  0.000000243,
St.dev,     0.180818388,  0.026437637,  0.000492479,
AutoCor,    0.020660046,  0.148071880,  0.404039919,

No.; 15; Score; 4232.3302679349;
Markow Autoregressive (lag 1) bivariate joint 3 asset model uncond. params
uMean,      0.049027560,  0.005533316, -0.000281376,
VCV (1),    0.045865684, -0.000023435, -0.000403103,
VCV (2),   -0.000023435,  0.000183182,  0.000008068,
VCV (3),   -0.000403103,  0.000008068,  0.000044736,
Cor (1),    1.000000000, -0.008085058, -0.281411975,
Cor (2),   -0.008085058,  1.000000000,  0.089129094,
Cor (3),   -0.281411975,  0.089129094,  1.000000000,
St.dev,     0.214162752,  0.013534460,  0.006688512,
Skewness,   0.944895038, -0.042745047, -0.013260646,
Kurtosis,   2.020452036, -0.003435499,  0.233899427,
AutoCor,    0.356098078,  0.677850088,  0.724709520,
Markow Autoregressive (lag 1) bivariate joint 3 asset model cond. params
uProb.,   0.252478073,  0.747521927,
Prob (1),   0.090440978,  0.909559022,
Prob (2),   0.307206654,  0.692793346,
Mean,      0.218139657,  0.010850159, -0.000068744,
Cor (1),    1.000000000,  0.876631702, -0.430913822,
Cor (2),    0.876631702,  1.000000000, -0.728627933,
Cor (3),   -0.430913822, -0.728627933,  1.000000000,
VCV (1),    0.077367068,  0.001774666, -0.000099307,
VCV (2),    0.001774666,  0.000052972, -0.000004394,
VCV (3),   -0.000099307, -0.000004394,  0.000000686,
St.dev,     0.278149363,  0.007278158,  0.000828539,
Mean,     -0.008090626,  0.003737535, -0.000353193,
Cor (1),    1.000000000, -0.925522683, -0.604831506,
Cor (2),   -0.925522683,  1.000000000,  0.124987004,
Cor (3),   -0.604831506,  0.124987004,  1.000000000,
VCV (1),    0.009758919, -0.000875088, -0.000316984,
VCV (2),   -0.000875088,  0.000091607,  0.000006346,
VCV (3),   -0.000316984,  0.000006346,  0.000028145,
St.dev,     0.098787239,  0.009571141,  0.005305205,
AutoCor,    0.508930743,  0.727043815,  0.725031000,

No.; 16; Score; 4511.5899976052;
Markow Autoregressive (lag 1) bivariate joint 3 asset model uncond. params
uMean,     -0.006568679,  0.003766315, -0.000164382,
VCV (1),    0.025359629,  0.000834631,  0.000012889,
VCV (2),    0.000834631,  0.000807869,  0.000134183,
VCV (3),    0.000012889,  0.000134183,  0.000082558,
Cor (1),    1.000000000,  0.184396451,  0.008907544,
Cor (2),    0.184396451,  1.000000000,  0.519572945,
Cor (3),    0.008907544,  0.519572945,  1.000000000,
St.dev,     0.159247069,  0.028423044,  0.009086137,
Skewness,  -0.367246539,  0.466252149,  0.000882428,
Kurtosis,   0.492413786,  4.655624910,  0.011783156,
AutoCor,    0.536603822,  0.466641719,  0.778659394,
Markow Autoregressive (lag 1) bivariate joint 3 asset model cond. params
uProb.,   0.815015465,  0.184984535,
Prob (1),   0.853935714,  0.146064286,
Prob (2),   0.643538402,  0.356461598,
Mean,      0.025139413,  0.002011660, -0.000139051,
Cor (1),    1.000000000,  0.788200288,  0.025321575,
Cor (2),    0.788200288,  1.000000000,  0.825114251,
Cor (3),    0.025321575,  0.825114251,  1.000000000,
VCV (1),    0.011040466,  0.001115253,  0.000015565,
VCV (2),    0.001115253,  0.000181337,  0.000065001,
VCV (3),    0.000015565,  0.000065001,  0.000034224,
St.dev,     0.105073620,  0.013466143,  0.005850126,
Mean,     -0.146270007,  0.011497072, -0.000275989,
Cor (1),    1.000000000, -0.097000870, -0.055330983,
Cor (2),   -0.097000870,  1.000000000,  0.690064030,
Cor (3),   -0.055330983,  0.690064030,  1.000000000,
VCV (1),    0.022999954, -0.000741744, -0.000041870,
VCV (2),   -0.000741744,  0.002542318,  0.000173610,
VCV (3),   -0.000041870,  0.000173610,  0.000024897,
St.dev,     0.151657358,  0.050421405,  0.004989652,
AutoCor,    0.605642862,  0.471017755,  0.778678854,

No.; 17; Score; 5563.5196905874;
Markow Autoregressive (lag 1) bivariate joint 3 asset model uncond. params
uMean,     -0.007427396, -0.008526718,  0.000143939,
VCV (1),    0.030818664,  0.000935213,  0.000424614,
VCV (2),    0.000935213,  0.001834934, -0.000073888,
VCV (3),    0.000424614, -0.000073888,  0.000021448,
Cor (1),    1.000000000,  0.124363566,  0.522268298,
Cor (2),    0.124363566,  1.000000000, -0.372453650,
Cor (3),    0.522268298, -0.372453650,  1.000000000,
St.dev,     0.175552454,  0.042836133,  0.004631200,
Skewness,   0.766053249,  0.029301433,  0.016880568,
Kurtosis,   1.603000054,  1.173990657,  0.295020004,
AutoCor,   -0.062358159,  0.277311067,  0.167029551,
Markow Autoregressive (lag 1) bivariate joint 3 asset model cond. params
uProb.,   0.441500476,  0.558499524,
Prob (1),   0.132503039,  0.867496961,
Prob (2),   0.685766604,  0.314233396,
Mean,     -0.074188943, -0.009280460,  0.000050466,
Cor (1),    1.000000000, -0.168881585, -0.648333948,
Cor (2),   -0.168881585,  1.000000000,  0.727740663,
Cor (3),   -0.648333948,  0.727740663,  1.000000000,
VCV (1),    0.000806763, -0.000089717, -0.000066803,
VCV (2),   -0.000089717,  0.000349813,  0.000049376,
VCV (3),   -0.000066803,  0.000049376,  0.000013160,
St.dev,     0.028403572,  0.018703286,  0.003627614,
Mean,      0.045348397, -0.007930877,  0.000217831,
Cor (1),    1.000000000,  0.145190528,  0.705759361,
Cor (2),    0.145190528,  1.000000000, -0.606975157,
Cor (3),    0.705759361, -0.606975157,  1.000000000,
VCV (1),    0.048234699,  0.001673756,  0.000804124,
VCV (2),    0.001673756,  0.002755170, -0.000165284,
VCV (3),    0.000804124, -0.000165284,  0.000026914,
St.dev,     0.219623995,  0.052489713,  0.005187843,
AutoCor,    0.001010070,  0.277514405,  0.167261582,

No.; 18; Score; 6263.8016757929;
Markow Autoregressive (lag 1) bivariate joint 3 asset model uncond. params
uMean,     -0.007572754, -0.010407663,  0.000196149,
VCV (1),    0.035166461, -0.001541872,  0.000051009,
VCV (2),   -0.001541872,  0.002104112, -0.000036047,
VCV (3),    0.000051009, -0.000036047,  0.000004325,
Cor (1),    1.000000000, -0.179246064,  0.130797020,
Cor (2),   -0.179246064,  1.000000000, -0.377880985,
Cor (3),    0.130797020, -0.377880985,  1.000000000,
St.dev,     0.187527228,  0.045870605,  0.002079607,
Skewness,  -0.592219027, -0.032025957,  0.006324356,
Kurtosis,   1.119205609,  0.984950750,  0.052514343,
AutoCor,    0.589852349,  0.617055014,  0.863395033,
Markow Autoregressive (lag 1) bivariate joint 3 asset model cond. params
uProb.,   0.595315238,  0.404684762,
Prob (1),   0.653217630,  0.346782370,
Prob (2),   0.510137391,  0.489862609,
Mean,      0.049426446, -0.011168508,  0.000236938,
Cor (1),    1.000000000, -0.353655670,  0.364361515,
Cor (2),   -0.353655670,  1.000000000, -0.524360398,
Cor (3),    0.364361515, -0.524360398,  1.000000000,
VCV (1),    0.003066131, -0.000912739,  0.000023698,
VCV (2),   -0.000912739,  0.002172406, -0.000028707,
VCV (3),    0.000023698, -0.000028707,  0.000001380,
St.dev,     0.055372660,  0.046609080,  0.001174598,
Mean,     -0.091421951, -0.009288414,  0.000136147,
Cor (1),    1.000000000, -0.912463996,  0.097600298,
Cor (2),   -0.912463996,  1.000000000,  0.183414543,
Cor (3),    0.097600298,  0.183414543,  1.000000000,
VCV (1),    0.037857387, -0.000821516,  0.000015679,
VCV (2),   -0.000821516,  0.000021412,  0.000000701,
VCV (3),    0.000015679,  0.000000701,  0.000000682,
St.dev,     0.194569749,  0.004627271,  0.000825619,
AutoCor,    0.660121406,  0.617246919,  0.863802901,

No.; 19; Score; 6745.9384291705;
Markow Autoregressive (lag 1) bivariate joint 3 asset model uncond. params
uMean,      0.117904656, -0.000873151,  0.000144718,
VCV (1),    0.046202423, -0.000166885, -0.000100995,
VCV (2),   -0.000166885,  0.001019248,  0.000086516,
VCV (3),   -0.000100995,  0.000086516,  0.000032237,
Cor (1),    1.000000000, -0.024318929, -0.082753779,
Cor (2),   -0.024318929,  1.000000000,  0.477285824,
Cor (3),   -0.082753779,  0.477285824,  1.000000000,
St.dev,     0.214947488,  0.031925671,  0.005677791,
Skewness,  -0.353793477,  0.000186739,  0.069659897,
Kurtosis,   0.257403298,  0.011211632,  0.882903252,
AutoCor,    0.381882047,  0.710124560,  0.057358028,
Markow Autoregressive (lag 1) bivariate joint 3 asset model cond. params
uProb.,   0.239467670,  0.760532330,
Prob (1),   0.518218311,  0.481781689,
Prob (2),   0.151697875,  0.848302125,
Mean,     -0.076328137, -0.000807219, -0.000287191,
Cor (1),    1.000000000,  0.343029482,  0.601009270,
Cor (2),    0.343029482,  1.000000000, -0.104013021,
Cor (3),    0.601009270, -0.104013021,  1.000000000,
VCV (1),    0.039133216,  0.001640996,  0.000107476,
VCV (2),    0.001640996,  0.000584799, -0.000002274,
VCV (3),    0.000107476, -0.000002274,  0.000000817,
St.dev,     0.197821172,  0.024182615,  0.000903974,
Mean,      0.179062443, -0.000893910,  0.000280713,
Cor (1),    1.000000000, -0.190007793, -0.189204148,
Cor (2),   -0.190007793,  1.000000000,  0.774588310,
Cor (3),   -0.189204148,  0.774588310,  1.000000000,
VCV (1),    0.026043013, -0.000671951, -0.000197683,
VCV (2),   -0.000671951,  0.000480221,  0.000109897,
VCV (3),   -0.000197683,  0.000109897,  0.000041917,
St.dev,     0.161378479,  0.021913935,  0.006474319,
AutoCor,    0.387198458,  0.710125022,  0.056793696,

No.; 20; Score; 7014.5769917736;
Markow Autoregressive (lag 1) bivariate joint 3 asset model uncond. params
uMean,      0.001387443,  0.000168633, -0.000247619,
VCV (1),    0.029728315,  0.004971037,  0.000029700,
VCV (2),    0.004971037,  0.002183388,  0.000018070,
VCV (3),    0.000029700,  0.000018070,  0.000031793,
Cor (1),    1.000000000,  0.617015990,  0.030550283,
Cor (2),    0.617015990,  1.000000000,  0.068585964,
Cor (3),    0.030550283,  0.068585964,  1.000000000,
St.dev,     0.172419009,  0.046726736,  0.005638485,
Skewness,   0.832816444, -0.096541617, -0.003985496,
Kurtosis,  19.186800697,  3.730547828,  0.078706064,
AutoCor,    0.132620144,  0.704479959,  0.825586910,
Markow Autoregressive (lag 1) bivariate joint 3 asset model cond. params
uProb.,   0.877074390,  0.122925610,
Prob (1),   0.876666494,  0.123333506,
Prob (2),   0.879984725,  0.120015275,
Mean,     -0.005751802,  0.000751185, -0.000271274,
Cor (1),    1.000000000,  0.235218070,  0.236145732,
Cor (2),    0.235218070,  1.000000000,  0.121275948,
Cor (3),    0.236145732,  0.121275948,  1.000000000,
VCV (1),    0.001003296,  0.000130259,  0.000025400,
VCV (2),    0.000130259,  0.000305665,  0.000007200,
VCV (3),    0.000025400,  0.000007200,  0.000011532,
St.dev,     0.031674848,  0.017483287,  0.003395819,
Mean,      0.052325965, -0.003987872, -0.000078845,
Cor (1),    1.000000000,  0.917175562,  0.395401930,
Cor (2),    0.917175562,  1.000000000,  0.956761344,
Cor (3),    0.395401930,  0.956761344,  1.000000000,
VCV (1),    0.227414146,  0.035898119,  0.000024873,
VCV (2),    0.035898119,  0.006736293,  0.000010359,
VCV (3),    0.000024873,  0.000010359,  0.000000017,
St.dev,     0.476879593,  0.082074923,  0.000131913,
AutoCor,    0.134303655,  0.705265779,  0.825691011,

No.; 21; Score; 7811.2281582315;
Markow Autoregressive (lag 1) bivariate joint 3 asset model uncond. params
uMean,     -0.000467033, -0.007184678, -0.000084254,
VCV (1),    0.028900718, -0.002327065,  0.000070990,
VCV (2),   -0.002327065,  0.002375568, -0.000004551,
VCV (3),    0.000070990, -0.000004551,  0.000005502,
Cor (1),    1.000000000, -0.280847465,  0.178020904,
Cor (2),   -0.280847465,  1.000000000, -0.039808429,
Cor (3),    0.178020904, -0.039808429,  1.000000000,
St.dev,     0.170002112,  0.048739801,  0.002345702,
Skewness,  -0.380697528,  0.465550809, -0.200101757,
Kurtosis,  -0.733113022,  7.220334296,  0.797481280,
AutoCor,    0.265008014,  0.289404988,  0.173807118,
Markow Autoregressive (lag 1) bivariate joint 3 asset model cond. params
uProb.,   0.257074717,  0.742925283,
Prob (1),   0.548131612,  0.451868388,
Prob (2),   0.156360189,  0.843639811,
Mean,     -0.236995920,  0.001167843,  0.000419872,
Cor (1),    1.000000000, -0.621414929, -0.586715072,
Cor (2),   -0.621414929,  1.000000000,  0.819874429,
Cor (3),   -0.586715072,  0.819874429,  1.000000000,
VCV (1),    0.004963306, -0.003953589, -0.000023513,
VCV (2),   -0.003953589,  0.008155463,  0.000042119,
VCV (3),   -0.000023513,  0.000042119,  0.000000324,
St.dev,     0.070450735,  0.090307602,  0.000568856,
Mean,      0.081379147, -0.010074905, -0.000258696,
Cor (1),    1.000000000, -0.890055649,  0.571307685,
Cor (2),   -0.890055649,  1.000000000, -0.943921973,
Cor (3),    0.571307685, -0.943921973,  1.000000000,
VCV (1),    0.011125221, -0.000839074,  0.000159028,
VCV (2),   -0.000839074,  0.000079884, -0.000022265,
VCV (3),    0.000159028, -0.000022265,  0.000006965,
St.dev,     0.105476163,  0.008937762,  0.002639064,
AutoCor,    0.007820846,  0.288354054,  0.170266915,

No.; 22; Score; 7873.6954973831;
Markow Autoregressive (lag 1) bivariate joint 3 asset model uncond. params
uMean,     -0.007821733, -0.005699375, -0.000120817,
VCV (1),    0.020416017,  0.000450990, -0.000323247,
VCV (2),    0.000450990,  0.000511796,  0.000014836,
VCV (3),   -0.000323247,  0.000014836,  0.000092527,
Cor (1),    1.000000000,  0.139518965, -0.235188099,
Cor (2),    0.139518965,  1.000000000,  0.068178646,
Cor (3),   -0.235188099,  0.068178646,  1.000000000,
St.dev,     0.142884628,  0.022622905,  0.009619075,
Skewness,   0.104391718, -0.466586522,  0.000128748,
Kurtosis,  -0.201097436, 19.821400675,  0.001385991,
AutoCor,    0.124061970,  0.419880521,  0.958813615,
Markow Autoregressive (lag 1) bivariate joint 3 asset model cond. params
uProb.,   0.061596686,  0.938403314,
Prob (1),   0.361864758,  0.638135242,
Prob (2),   0.041887124,  0.958112876,
Mean,     -0.175465970, -0.011137738,  0.000061000,
Cor (1),    1.000000000, -0.950832854,  0.485535381,
Cor (2),   -0.950832854,  1.000000000, -0.602426151,
Cor (3),    0.485535381, -0.602426151,  1.000000000,
VCV (1),    0.000453169, -0.001455468,  0.000032214,
VCV (2),   -0.001455468,  0.005170549, -0.000135009,
VCV (3),    0.000032214, -0.000135009,  0.000009714,
