Round No; 11; best result RLS; 22.137161912233

;;;
Statistical description of data for: Meginajums1
Calib/Tail/Per/Cur, 4176, 9999, 23, 0,
Title,    PE MARKET w  ,EQUITY LM SNP,REX BOND     ,
Mean,       0.000104436,  0.000075211,  0.000042226,
VCV (1),    0.033533792, -0.000018247, -0.000000770,
VCV (2),   -0.000018247,  0.000044333, -0.000000146,
VCV (3),   -0.000000770, -0.000000146,  0.000000045,
St.dev,     0.183122341,  0.006658326,  0.000210996,
Skewness,  -0.359429482, -0.013261914,  0.151860187,
Kurtosis,  20.092276212,  7.412958555, 34.388660560,
AutoCor,   -0.271804758, -0.019537378, -0.152000145,
No.; 1; Score; 22.137161912233;
Markow Autoregressive (lag 1) bivariate joint 3 asset model uncond. params
uMean,      0.000188675, -0.000177296,  0.000093297,
VCV (1),    0.033535333, -0.000077225, -0.000024482,
VCV (2),   -0.000077225,  0.000046840,  0.000000395,
VCV (3),   -0.000024482,  0.000000395,  0.000000050,
Cor (1),    1.000000000, -0.061616903, -0.595894613,
Cor (2),   -0.061616903,  1.000000000,  0.257065789,
Cor (3),   -0.595894613,  0.257065789,  1.000000000,
St.dev,     0.183126548,  0.006843966,  0.000224347,
Skewness,  -0.175327299, -0.009390215,  0.348874455,
Kurtosis,  -0.316254005,  0.010564781,  0.229217173,
AutoCor,    0.129401018,  0.105696936,  0.208369320,
Markow Autoregressive (lag 1) bivariate joint 3 asset model cond. params
uProb.,   0.527774541,  0.472225459,
Prob (1),   0.277033855,  0.722966145,
Prob (2),   0.808010493,  0.191989507,
Mean,      0.112850525, -0.000517354,  0.000008870,
Cor (1),    1.000000000, -0.999170298, -0.306392208,
Cor (2),   -0.999170298,  1.000000000,  0.729206656,
Cor (3),   -0.306392208,  0.729206656,  1.000000000,
VCV (1),    0.009242711, -0.000671262, -0.000004442,
VCV (2),   -0.000671262,  0.000048832,  0.000000768,
VCV (3),   -0.000004442,  0.000000768,  0.000000023,
St.dev,     0.096139020,  0.006987999,  0.000150803,
Mean,     -0.125725875,  0.000202764,  0.000187656,
Cor (1),    1.000000000,  0.841287224, -0.634986333,
Cor (2),    0.841287224,  1.000000000, -0.078705152,
Cor (3),   -0.634986333, -0.078705152,  1.000000000,
VCV (1),    0.015220724,  0.000682167, -0.000018115,
VCV (2),    0.000682167,  0.000043197, -0.000000120,
VCV (3),   -0.000018115, -0.000000120,  0.000000053,
St.dev,     0.123372298,  0.006572470,  0.000231235,
AutoCor,    0.613544317,  0.107458532,  0.347398663,

No.; 2; Score; 28.731022184364;
Markow Autoregressive (lag 1) bivariate joint 3 asset model uncond. params
uMean,     -0.000385670,  0.000146915,  0.000145699,
VCV (1),    0.033185858,  0.000295221, -0.000046731,
VCV (2),    0.000295221,  0.000054349,  0.000000607,
VCV (3),   -0.000046731,  0.000000607,  0.000000325,
Cor (1),    1.000000000,  0.219825157, -0.450221803,
Cor (2),    0.219825157,  1.000000000,  0.144626286,
Cor (3),   -0.450221803,  0.144626286,  1.000000000,
St.dev,     0.182169861,  0.007372146,  0.000569773,
Skewness,  -0.055185926, -0.020635511,  0.031990709,
Kurtosis,  -0.119514368, -0.129515027,  0.202210246,
AutoCor,    0.507004151,  0.663566735,  0.893257817,
Markow Autoregressive (lag 1) bivariate joint 3 asset model cond. params
uProb.,   0.423274196,  0.576725804,
Prob (1),   0.552247458,  0.447752542,
Prob (2),   0.328617336,  0.671382664,
Mean,      0.102767895,  0.004451134,  0.000190844,
Cor (1),    1.000000000, -0.985441278, -0.711585513,
Cor (2),   -0.985441278,  1.000000000, -0.107362589,
Cor (3),   -0.711585513, -0.107362589,  1.000000000,
VCV (1),    0.014194175, -0.000404067, -0.000028397,
VCV (2),   -0.000404067,  0.000011845, -0.000000124,
VCV (3),   -0.000028397, -0.000000124,  0.000000112,
St.dev,     0.119139308,  0.003441657,  0.000334960,
Mean,     -0.076092777, -0.003012065,  0.000112565,
Cor (1),    1.000000000,  0.507543440, -0.884235235,
Cor (2),    0.507543440,  1.000000000,  0.473553411,
Cor (3),   -0.884235235,  0.473553411,  1.000000000,
VCV (1),    0.018047226,  0.000269011, -0.000019799,
VCV (2),    0.000269011,  0.000015566,  0.000000311,
VCV (3),   -0.000019799,  0.000000311,  0.000000028,
St.dev,     0.134339963,  0.003945408,  0.000166673,
AutoCor,    0.594211064,  0.810353398,  0.896357488,

No.; 3; Score; 33.672926225094;
Markow Autoregressive (lag 1) bivariate joint 3 asset model uncond. params
uMean,      0.000152909, -0.000319586,  0.000070711,
VCV (1),    0.033543263, -0.000956242, -0.000004644,
VCV (2),   -0.000956242,  0.000069667,  0.000001146,
VCV (3),   -0.000004644,  0.000001146,  0.000000096,
Cor (1),    1.000000000, -0.625534914, -0.081894184,
Cor (2),   -0.625534914,  1.000000000,  0.443285023,
Cor (3),   -0.081894184,  0.443285023,  1.000000000,
St.dev,     0.183148201,  0.008346677,  0.000309600,
Skewness,   0.014330766,  0.186194043, -0.016313722,
Kurtosis,   0.128782325, -0.044849493,  0.028883099,
AutoCor,    0.594002267,  0.568437835,  0.084602998,
Markow Autoregressive (lag 1) bivariate joint 3 asset model cond. params
uProb.,   0.327653896,  0.672346104,
Prob (1),   0.422234638,  0.577765362,
Prob (2),   0.281561937,  0.718438063,
Mean,      0.006618454, -0.005186751,  0.000094919,
Cor (1),    1.000000000, -0.683038396,  0.731056703,
Cor (2),   -0.683038396,  1.000000000,  0.386515823,
Cor (3),    0.731056703,  0.386515823,  1.000000000,
VCV (1),    0.030528072, -0.000465301,  0.000036380,
VCV (2),   -0.000465301,  0.000015201,  0.000000429,
VCV (3),    0.000036380,  0.000000429,  0.000000081,
St.dev,     0.174722843,  0.003898871,  0.000284816,
Mean,     -0.002997940,  0.002052325,  0.000058913,
Cor (1),    1.000000000, -0.735513996, -0.580706093,
Cor (2),   -0.735513996,  1.000000000,  0.715971743,
Cor (3),   -0.580706093,  0.715971743,  1.000000000,
VCV (1),    0.017373645, -0.000629278, -0.000024397,
VCV (2),   -0.000629278,  0.000042132,  0.000001481,
VCV (3),   -0.000024397,  0.000001481,  0.000000102,
St.dev,     0.131809123,  0.006490920,  0.000318738,
AutoCor,    0.594277757,  0.653401919,  0.084435440,

