No.; 2; Score; 9.3977997201422;
Markow Autoregressive (lag 1) bivariate joint 3 asset model uncond. params
uMean,      0.000176686,  0.000169060,  0.000033736,
VCV (1),    0.000032580,  0.000003732, -0.000000204,
VCV (2),    0.000003732,  0.000030169,  0.000000067,
VCV (3),   -0.000000204,  0.000000067,  0.000000052,
Cor (1),    1.000000000,  0.119051699, -0.157263833,
Cor (2),    0.119051699,  1.000000000,  0.053499778,
Cor (3),   -0.157263833,  0.053499778,  1.000000000,
St.dev,     0.005707884,  0.005492609,  0.000227302,
Skewness,  -0.511767191,  0.079004763,  0.256893303,
Kurtosis,   0.554987848, -0.040427850,  0.018784397,
AutoCor,    0.219116536,  0.186592926, -0.248646345,
Markow Autoregressive (lag 1) bivariate joint 3 asset model cond. params
uProb.,   0.616366582,  0.383633418,
Prob (1),   0.550881631,  0.449118369,
Prob (2),   0.721578311,  0.278421689,
Mean,      0.002091274,  0.001746961, -0.000058269,
Cor (1),    1.000000000,  0.482115793, -0.033286908,
Cor (2),    0.482115793,  1.000000000,  0.651181767,
Cor (3),   -0.033286908,  0.651181767,  1.000000000,
VCV (1),    0.000014482,  0.000009514, -0.000000022,
VCV (2),    0.000009514,  0.000026893,  0.000000585,
VCV (3),   -0.000000022,  0.000000585,  0.000000030,
St.dev,     0.003805493,  0.005185839,  0.000173200,
Mean,     -0.002899395, -0.002366081,  0.000181556,
Cor (1),    1.000000000, -0.621663379,  0.196508285,
Cor (2),   -0.621663379,  1.000000000, -0.110305337,
Cor (3),    0.196508285, -0.110305337,  1.000000000,
VCV (1),    0.000039828, -0.000017994,  0.000000258,
VCV (2),   -0.000017994,  0.000021036, -0.000000105,
VCV (3),    0.000000258, -0.000000105,  0.000000043,
St.dev,     0.006310953,  0.004586503,  0.000208430,
AutoCor,    0.305131262,  0.241209248, -0.276495813,
