Round No; 6; best result RLS; 8.015996666619

;;;
Statistical description of data for: Meginajums1
Calib/Tail/Per/Cur, 784, 9999, 23, 0,
Title,    INDEX WITH EQUAL WEIGHTS based on market value,EQUITY LM SNP,REX BOND     ,
Mean,       0.000158634,  0.000175148,  0.000011824,
VCV (1),    0.000022943, -0.000000281, -0.000000006,
VCV (2),   -0.000000281,  0.000027803, -0.000000034,
VCV (3),   -0.000000006, -0.000000034,  0.000000099,
St.dev,     0.004789897,  0.005272874,  0.000315163,
Skewness,  -1.581739356, -0.533728382, -0.333150084,
Kurtosis,  24.552038003,  6.345066446, 26.810331499,
AutoCor,   -0.072787598,  0.126724186, -0.366572783,
No.; 1; Score; 8.015996666619;
Markow Autoregressive (lag 1) bivariate joint 3 asset model uncond. params
uMean,     -0.004878770,  0.001709977, -0.000317278,
VCV (1),    0.000021829,  0.000005647, -0.000000392,
VCV (2),    0.000005647,  0.000022601,  0.000000759,
VCV (3),   -0.000000392,  0.000000759,  0.000000165,
Cor (1),    1.000000000,  0.254253967, -0.206382002,
Cor (2),    0.254253967,  1.000000000,  0.392785334,
Cor (3),   -0.206382002,  0.392785334,  1.000000000,
St.dev,     0.004672140,  0.004754055,  0.000406469,
Skewness,   0.032740678, -0.883286087, -0.030776656,
Kurtosis,   0.018334250,  1.147213040,  0.122645948,
AutoCor,    0.440819311, -0.216400978, -0.137826645,
Markow Autoregressive (lag 1) bivariate joint 3 asset model cond. params
uProb.,   0.742039103,  0.257960897,
Prob (1),   0.750273610,  0.249726390,
Prob (2),   0.718352076,  0.281647924,
Mean,     -0.004541067,  0.003390469, -0.000329327,
Cor (1),    1.000000000,  0.486672363, -0.147801690,
Cor (2),    0.486672363,  1.000000000,  0.820152550,
Cor (3),   -0.147801690,  0.820152550,  1.000000000,
VCV (1),    0.000018413,  0.000005865, -0.000000270,
VCV (2),    0.000005865,  0.000007887,  0.000000982,
VCV (3),   -0.000000270,  0.000000982,  0.000000182,
St.dev,     0.004291041,  0.002808355,  0.000426150,
Mean,     -0.005850190, -0.003124054, -0.000282617,
Cor (1),    1.000000000,  0.061489258, -0.658471680,
Cor (2),    0.061489258,  1.000000000,  0.113983276,
Cor (3),   -0.658471680,  0.113983276,  1.000000000,
VCV (1),    0.000013725,  0.000001169, -0.000000788,
VCV (2),    0.000001169,  0.000026333,  0.000000189,
VCV (3),   -0.000000788,  0.000000189,  0.000000104,
St.dev,     0.003704707,  0.005131613,  0.000322873,
AutoCor,    0.447058106, -0.355738745, -0.138256836,

No.; 2; Score; 15.102637080001;
Markow Autoregressive (lag 1) bivariate joint 3 asset model uncond. params
uMean,      0.000183864,  0.000209283,  0.000062253,
VCV (1),    0.000044211, -0.000027521,  0.000000452,
VCV (2),   -0.000027521,  0.000050787,  0.000001331,
VCV (3),    0.000000452,  0.000001331,  0.000000200,
Cor (1),    1.000000000, -0.580788696,  0.152340397,
Cor (2),   -0.580788696,  1.000000000,  0.418097558,
Cor (3),    0.152340397,  0.418097558,  1.000000000,
St.dev,     0.006649172,  0.007126522,  0.000446683,
Skewness,  -0.054225498, -0.479669644, -0.018741774,
Kurtosis,   0.025270660, -0.361458433,  0.310535635,
AutoCor,   -0.262782878,  0.284435012, -0.209646011,
Markow Autoregressive (lag 1) bivariate joint 3 asset model cond. params
uProb.,   0.457170896,  0.542829104,
Prob (1),   0.654856069,  0.345143931,
Prob (2),   0.290680362,  0.709319638,
Mean,     -0.001232604,  0.005541449,  0.000052792,
Cor (1),    1.000000000, -0.387205511,  0.173028813,
Cor (2),   -0.387205511,  1.000000000,  0.600100898,
Cor (3),    0.173028813,  0.600100898,  1.000000000,
VCV (1),    0.000043220, -0.000008624,  0.000000579,
VCV (2),   -0.000008624,  0.000011477,  0.000001035,
VCV (3),    0.000000579,  0.000001035,  0.000000259,
St.dev,     0.006574169,  0.003387765,  0.000509335,
Mean,      0.001376815, -0.004281470,  0.000070220,
Cor (1),    1.000000000, -0.935122714,  0.127090114,
Cor (2),   -0.935122714,  1.000000000,  0.793505022,
Cor (3),    0.127090114,  0.793505022,  1.000000000,
VCV (1),    0.000035450, -0.000034110,  0.000000276,
VCV (2),   -0.000034110,  0.000037533,  0.000001771,
VCV (3),    0.000000276,  0.000001771,  0.000000133,
St.dev,     0.005954007,  0.006126379,  0.000364362,
AutoCor,   -0.287697695,  0.213298944, -0.209862870,

No.; 3; Score; 16.03866827952;
Markow Autoregressive (lag 1) bivariate joint 3 asset model uncond. params
uMean,     -0.000054770, -0.000158628, -0.000183881,
VCV (1),    0.000038618, -0.000014405, -0.000000291,
VCV (2),   -0.000014405,  0.000026494,  0.000000149,
VCV (3),   -0.000000291,  0.000000149,  0.000000164,
Cor (1),    1.000000000, -0.450347557, -0.115677591,
Cor (2),   -0.450347557,  1.000000000,  0.071748883,
Cor (3),   -0.115677591,  0.071748883,  1.000000000,
St.dev,     0.006214357,  0.005147187,  0.000404755,
Skewness,   0.095592971,  0.256485588,  0.895276817,
Kurtosis,  -0.233170031,  0.190324681,  0.665924002,
AutoCor,   -0.095440818,  0.041396481,  0.111132108,
Markow Autoregressive (lag 1) bivariate joint 3 asset model cond. params
uProb.,   0.227171826,  0.772828174,
Prob (1),   0.164571557,  0.835428443,
Prob (2),   0.245573093,  0.754426907,
Mean,     -0.005560390, -0.002638949,  0.000373862,
Cor (1),    1.000000000, -0.026608368,  0.181251044,
Cor (2),   -0.026608368,  1.000000000, -0.367174497,
Cor (3),    0.181251044, -0.367174497,  1.000000000,
VCV (1),    0.000017544, -0.000000299,  0.000000253,
VCV (2),   -0.000000299,  0.000007180, -0.000000328,
VCV (3),    0.000000253, -0.000000328,  0.000000111,
St.dev,     0.004188527,  0.002679594,  0.000333605,
Mean,      0.001563599,  0.000570460, -0.000347829,
Cor (1),    1.000000000, -0.762817913,  0.585396629,
Cor (2),   -0.762817913,  1.000000000,  0.663787279,
Cor (3),    0.585396629,  0.663787279,  1.000000000,
VCV (1),    0.000032901, -0.000023865,  0.000000745,
VCV (2),   -0.000023865,  0.000029750,  0.000000803,
VCV (3),    0.000000745,  0.000000803,  0.000000049,
St.dev,     0.005735952,  0.005454329,  0.000221861,
AutoCor,   -0.099771484,  0.050363040,  0.353842935,

No.; 4; Score; 16.489459370599;
Markow Autoregressive (lag 1) bivariate joint 3 asset model uncond. params
uMean,      0.000138216,  0.000171875,  0.000047301,
VCV (1),    0.000037169, -0.000009024,  0.000000305,
VCV (2),   -0.000009024,  0.000022148,  0.000000483,
VCV (3),    0.000000305,  0.000000483,  0.000000061,
Cor (1),    1.000000000, -0.314509877,  0.202284128,
Cor (2),   -0.314509877,  1.000000000,  0.414745432,
Cor (3),    0.202284128,  0.414745432,  1.000000000,
St.dev,     0.006096612,  0.004706125,  0.000247244,
Skewness,  -0.575238972,  0.950368383, -0.511888670,
Kurtosis,  -0.012931674,  3.371575216,  2.802413131,
AutoCor,   -0.217957820, -0.012212004,  0.124858182,
Markow Autoregressive (lag 1) bivariate joint 3 asset model cond. params
uProb.,   0.762405813,  0.237594187,
Prob (1),   0.785681981,  0.214318019,
Prob (2),   0.687715911,  0.312284089,
Mean,      0.002665034, -0.000674518,  0.000072347,
Cor (1),    1.000000000, -0.764254306, -0.308665799,
Cor (2),   -0.764254306,  1.000000000,  0.713792267,
Cor (3),   -0.308665799,  0.713792267,  1.000000000,
VCV (1),    0.000009921, -0.000006896, -0.000000159,
VCV (2),   -0.000006896,  0.000008207,  0.000000334,
VCV (3),   -0.000000159,  0.000000334,  0.000000027,
St.dev,     0.003149778,  0.002864838,  0.000163111,
Mean,     -0.007969985,  0.002887829, -0.000033071,
Cor (1),    1.000000000,  0.491029706,  0.684579861,
Cor (2),    0.491029706,  1.000000000,  0.415463303,
Cor (3),    0.684579861,  0.415463303,  1.000000000,
VCV (1),    0.000012590,  0.000013172,  0.000000970,
VCV (2),    0.000013172,  0.000057153,  0.000001254,
VCV (3),    0.000000970,  0.000001254,  0.000000160,
St.dev,     0.003548230,  0.007559947,  0.000399380,
AutoCor,   -0.605988439, -0.024972118,  0.125773921,

No.; 5; Score; 19.099717693997;
Markow Autoregressive (lag 1) bivariate joint 3 asset model uncond. params
uMean,      0.000213384,  0.000175340,  0.000017884,
VCV (1),    0.000054016,  0.000019804,  0.000000911,
VCV (2),    0.000019804,  0.000057821,  0.000001108,
VCV (3),    0.000000911,  0.000001108,  0.000000128,
Cor (1),    1.000000000,  0.354360011,  0.345893587,
Cor (2),    0.354360011,  1.000000000,  0.406432014,
Cor (3),    0.345893587,  0.406432014,  1.000000000,
St.dev,     0.007349556,  0.007604035,  0.000358462,
Skewness,  -0.114276114,  0.188883131,  0.030121594,
Kurtosis,  -0.837316384, -0.552934570, -0.178800256,
AutoCor,    0.127365507,  0.170117552, -0.349459160,
Markow Autoregressive (lag 1) bivariate joint 3 asset model cond. params
uProb.,   0.344930332,  0.655069668,
Prob (1),   0.551412879,  0.448587121,
Prob (2),   0.236205875,  0.763794125,
Mean,      0.007929029,  0.007962885,  0.000284909,
Cor (1),    1.000000000, -0.403733864, -0.711994631,
Cor (2),   -0.403733864,  1.000000000,  0.888082935,
Cor (3),   -0.711994631,  0.888082935,  1.000000000,
VCV (1),    0.000009228, -0.000005890, -0.000000477,
VCV (2),   -0.000005890,  0.000023066,  0.000000940,
VCV (3),   -0.000000477,  0.000000940,  0.000000049,
St.dev,     0.003037696,  0.004802711,  0.000220383,
Mean,     -0.003849330, -0.003925233, -0.000122719,
Cor (1),    1.000000000, -0.529128951,  0.006005692,
Cor (2),   -0.529128951,  1.000000000, -0.373359709,
Cor (3),    0.006005692, -0.373359709,  1.000000000,
VCV (1),    0.000029141, -0.000014944,  0.000000008,
VCV (2),   -0.000014944,  0.000027371, -0.000000475,
VCV (3),    0.000000008, -0.000000475,  0.000000059,
St.dev,     0.005398242,  0.005231706,  0.000243381,
AutoCor,   -0.132373931, -0.008853681, -0.623835042,

No.; 6; Score; 19.389465758183;
Markow Autoregressive (lag 1) bivariate joint 3 asset model uncond. params
uMean,      0.000185379,  0.000228424,  0.000028293,
VCV (1),    0.000069138, -0.000024792,  0.000000352,
VCV (2),   -0.000024792,  0.000034436,  0.000000254,
VCV (3),    0.000000352,  0.000000254,  0.000000293,
Cor (1),    1.000000000, -0.508107931,  0.078150917,
Cor (2),   -0.508107931,  1.000000000,  0.080005722,
Cor (3),    0.078150917,  0.080005722,  1.000000000,
St.dev,     0.008314898,  0.005868200,  0.000540989,
Skewness,   0.187531913, -1.026892633,  0.073655206,
Kurtosis,   0.143198806,  1.826035576,  0.091268105,
AutoCor,   -0.173133579,  0.189409099, -0.249556015,
Markow Autoregressive (lag 1) bivariate joint 3 asset model cond. params
uProb.,   0.834169928,  0.165830072,
Prob (1),   0.876658952,  0.123341048,
Prob (2),   0.620438697,  0.379561303,
Mean,     -0.001310762,  0.001850810, -0.000012005,
Cor (1),    1.000000000, -0.675050921,  0.205768946,
Cor (2),   -0.675050921,  1.000000000,  0.244426253,
Cor (3),    0.205768946,  0.244426253,  1.000000000,
VCV (1),    0.000052327, -0.000019423,  0.000000741,
VCV (2),   -0.000019423,  0.000015821,  0.000000484,
VCV (3),    0.000000741,  0.000000484,  0.000000248,
St.dev,     0.007233739,  0.003977589,  0.000497964,
Mean,      0.007711371, -0.007932619,  0.000231006,
Cor (1),    1.000000000,  0.354773977, -0.738831940,
Cor (2),    0.354773977,  1.000000000,  0.305660286,
Cor (3),   -0.738831940,  0.305660286,  1.000000000,
VCV (1),    0.000062807,  0.000018953, -0.000003457,
VCV (2),    0.000018953,  0.000045442,  0.000001217,
VCV (3),   -0.000003457,  0.000001217,  0.000000349,
St.dev,     0.007925070,  0.006741048,  0.000590440,
AutoCor,   -0.256663340,  0.147673441, -0.264078669,

No.; 7; Score; 25.135261822407;
Markow Autoregressive (lag 1) bivariate joint 3 asset model uncond. params
uMean,      0.000130508,  0.000207634, -0.000031858,
VCV (1),    0.000036479, -0.000008888, -0.000000081,
VCV (2),   -0.000008888,  0.000035828,  0.000000205,
VCV (3),   -0.000000081,  0.000000205,  0.000000482,
Cor (1),    1.000000000, -0.245853023, -0.019264870,
Cor (2),   -0.245853023,  1.000000000,  0.049418563,
Cor (3),   -0.019264870,  0.049418563,  1.000000000,
St.dev,     0.006039798,  0.005985625,  0.000694277,
Skewness,  -0.092597335,  0.008601410,  0.017164891,
Kurtosis,  -0.077585466, -0.027230948,  0.046700231,
AutoCor,    0.344187562,  0.322123070, -0.925818027,
Markow Autoregressive (lag 1) bivariate joint 3 asset model cond. params
uProb.,   0.591570181,  0.408429819,
Prob (1),   0.439931468,  0.560068532,
Prob (2),   0.811203851,  0.188796149,
Mean,      0.002546610, -0.001497481, -0.000081596,
Cor (1),    1.000000000, -0.374670196, -0.873183073,
Cor (2),   -0.374670196,  1.000000000,  0.292630981,
Cor (3),   -0.873183073,  0.292630981,  1.000000000,
VCV (1),    0.000018039, -0.000008174, -0.000000643,
VCV (2),   -0.000008174,  0.000026383,  0.000000261,
VCV (3),   -0.000000643,  0.000000261,  0.000000030,
St.dev,     0.004247201,  0.005136394,  0.000173313,
Mean,     -0.003368976,  0.002677325,  0.000040182,
Cor (1),    1.000000000,  0.272369979,  0.823894815,
Cor (2),    0.272369979,  1.000000000, -0.056458039,
Cor (3),    0.823894815, -0.056458039,  1.000000000,
VCV (1),    0.000020966,  0.000006347,  0.000001278,
VCV (2),    0.000006347,  0.000025899, -0.000000097,
VCV (3),    0.000001278, -0.000000097,  0.000000115,
St.dev,     0.004578834,  0.005089119,  0.000338841,
AutoCor,    0.560048276,  0.414478445, -0.929971183,

