Round No; 3; best result RLS; 14.860264653078

;;;
No.; 1; Score; 14.860264653078;
Markow Autoregressive (lag 1) bivariate joint 3 asset model uncond. params
uMean,     -0.000245615,  0.000150167, -0.000296077,
VCV (1),    0.000014777,  0.000013359,  0.000001833,
VCV (2),    0.000013359,  0.000037921, -0.000003071,
VCV (3),    0.000001833, -0.000003071,  0.000002555,
Cor (1),    1.000000000,  0.564340037,  0.298343504,
Cor (2),    0.564340037,  1.000000000, -0.311984573,
Cor (3),    0.298343504, -0.311984573,  1.000000000,
St.dev,     0.003844070,  0.006157986,  0.001598471,
Skewness,   0.112055993, -0.000371798, -0.172019977,
Kurtosis,   0.739101195, -0.000690550, 11.063768607,
AutoCor,    0.243997088,  0.661509662,  0.007542800,
Markow Autoregressive (lag 1) bivariate joint 3 asset model cond. params
uProb.,   0.003449352,  0.996550648,
Prob (1),   0.216197880,  0.783802120,
Prob (2),   0.002712967,  0.997287033,
Mean,      0.005595097,  0.004315203, -0.001111627,
Cor (1),    1.000000000,  0.227150251,  0.091463683,
Cor (2),    0.227150251,  1.000000000, -0.245902433,
Cor (3),    0.091463683, -0.245902433,  1.000000000,
VCV (1),    0.000106210,  0.000008826,  0.000008705,
VCV (2),    0.000008826,  0.000014215, -0.000008562,
VCV (3),    0.000008705, -0.000008562,  0.000085294,
St.dev,     0.010305846,  0.003770271,  0.009235455,
Mean,     -0.000265831,  0.000135750, -0.000293254,
Cor (1),    1.000000000,  0.657831481,  0.329950720,
Cor (2),    0.657831481,  1.000000000, -0.435607271,
Cor (3),    0.329950720, -0.435607271,  1.000000000,
VCV (1),    0.000013464,  0.000011136,  0.000001823,
VCV (2),    0.000011136,  0.000021282, -0.000003025,
VCV (3),    0.000001823, -0.000003025,  0.000002266,
St.dev,     0.003669389,  0.004613224,  0.001505417,
AutoCor,    0.244242867,  0.662220202,  0.007357077,

No.; 2; Score; 17.961026535159;
Markow Autoregressive (lag 1) bivariate joint 3 asset model uncond. params
uMean,      0.000366064,  0.000334855,  0.000341095,
VCV (1),    0.000013193, -0.000008407, -0.000001015,
VCV (2),   -0.000008407,  0.000017832,  0.000001051,
VCV (3),   -0.000001015,  0.000001051,  0.000001339,
Cor (1),    1.000000000, -0.548099556, -0.241506670,
Cor (2),   -0.548099556,  1.000000000,  0.215103436,
Cor (3),   -0.241506670,  0.215103436,  1.000000000,
St.dev,     0.003632168,  0.004222793,  0.001157316,
Skewness,   0.477059794, -0.794656709, -0.327909988,
Kurtosis,  -0.191431208,  1.105476702,  1.298596788,
AutoCor,    0.404786625,  0.498789650,  0.185018588,
Markow Autoregressive (lag 1) bivariate joint 3 asset model cond. params
uProb.,   0.843458151,  0.156541849,
Prob (1),   0.909852400,  0.090147600,
Prob (2),   0.485721410,  0.514278590,
Mean,     -0.000767704,  0.001482460,  0.000428870,
Cor (1),    1.000000000, -0.360072513, -0.401339319,
Cor (2),   -0.360072513,  1.000000000,  0.080844228,
Cor (3),   -0.401339319,  0.080844228,  1.000000000,
VCV (1),    0.000005939, -0.000002216, -0.000000935,
VCV (2),   -0.000002216,  0.000006376,  0.000000195,
VCV (3),   -0.000000935,  0.000000195,  0.000000915,
St.dev,     0.002436970,  0.002525163,  0.000956393,
Mean,      0.006474885, -0.005848522, -0.000131845,
Cor (1),    1.000000000,  0.904831205,  0.847734632,
Cor (2),    0.904831205,  1.000000000,  0.289327494,
Cor (3),    0.847734632,  0.289327494,  1.000000000,
VCV (1),    0.000002148,  0.000004894,  0.000002188,
VCV (2),    0.000004894,  0.000013619,  0.000001880,
VCV (3),    0.000002188,  0.000001880,  0.000003102,
St.dev,     0.001465719,  0.003690439,  0.001761146,
AutoCor,    0.383406989,  0.548136539,  0.177370568,

No.; 3; Score; 21.222619200284;
Markow Autoregressive (lag 1) bivariate joint 3 asset model uncond. params
uMean,     -0.000058274,  0.000440600,  0.000345497,
VCV (1),    0.000015571,  0.000004777,  0.000001907,
VCV (2),    0.000004777,  0.000028909,  0.000000305,
VCV (3),    0.000001907,  0.000000305,  0.000003539,
Cor (1),    1.000000000,  0.225140080,  0.256853601,
Cor (2),    0.225140080,  1.000000000,  0.030194454,
Cor (3),    0.256853601,  0.030194454,  1.000000000,
St.dev,     0.003945988,  0.005376724,  0.001881306,
Skewness,  -0.457054775,  0.437942237, -0.039674644,
Kurtosis,   0.573721190, -0.069164579,  0.167367570,
AutoCor,    0.090312418, -0.126716545,  0.053103254,
Markow Autoregressive (lag 1) bivariate joint 3 asset model cond. params
uProb.,   0.455401790,  0.544598210,
Prob (1),   0.100873782,  0.899126218,
Prob (2),   0.751863818,  0.248136182,
Mean,      0.001371939,  0.004090434,  0.000460500,
Cor (1),    1.000000000,  0.276715367,  0.170485439,
Cor (2),    0.276715367,  1.000000000,  0.859584598,
Cor (3),    0.170485439,  0.859584598,  1.000000000,
VCV (1),    0.000005293,  0.000003114,  0.000000632,
VCV (2),    0.000003114,  0.000023930,  0.000006779,
VCV (3),    0.000000632,  0.000006779,  0.000002599,
St.dev,     0.002300605,  0.004891874,  0.001612212,
Mean,     -0.001254241, -0.002611450,  0.000249331,
Cor (1),    1.000000000, -0.124298958,  0.288949808,
Cor (2),   -0.124298958,  1.000000000, -0.827009277,
Cor (3),    0.288949808, -0.827009277,  1.000000000,
VCV (1),    0.000020184, -0.000001876,  0.000002687,
VCV (2),   -0.000001876,  0.000011287, -0.000005752,
VCV (3),    0.000002687, -0.000005752,  0.000004285,
St.dev,     0.004492608,  0.003359669,  0.002070096,
AutoCor,    0.181795703,  0.201940393,  0.055310253,

No.; 4; Score; 22.452603269755;
Markow Autoregressive (lag 1) bivariate joint 3 asset model uncond. params
uMean,      0.000330386,  0.000573405,  0.000067299,
VCV (1),    0.000020564,  0.000001827,  0.000002775,
VCV (2),    0.000001827,  0.000017306,  0.000003677,
VCV (3),    0.000002775,  0.000003677,  0.000001632,
Cor (1),    1.000000000,  0.096854941,  0.479057370,
Cor (2),    0.096854941,  1.000000000,  0.691789314,
Cor (3),    0.479057370,  0.691789314,  1.000000000,
St.dev,     0.004534755,  0.004160039,  0.001277609,
Skewness,  -0.211505494, -0.324402302,  0.126161220,
Kurtosis,   0.413651988,  0.101353819,  0.103332246,
AutoCor,    0.269180649,  0.150735764,  0.114040772,
Markow Autoregressive (lag 1) bivariate joint 3 asset model cond. params
uProb.,   0.633237371,  0.366762629,
Prob (1),   0.476229387,  0.523770613,
Prob (2),   0.904320942,  0.095679058,
Mean,      0.001010577, -0.000638657, -0.000170836,
Cor (1),    1.000000000,  0.655608843,  0.869031976,
Cor (2),    0.655608843,  1.000000000,  0.754035542,
Cor (3),    0.869031976,  0.754035542,  1.000000000,
VCV (1),    0.000012324,  0.000009773,  0.000003477,
VCV (2),    0.000009773,  0.000018030,  0.000003649,
VCV (3),    0.000003477,  0.000003649,  0.000001299,
St.dev,     0.003510506,  0.004246213,  0.001139747,
Mean,     -0.000844005,  0.002666102,  0.000478452,
Cor (1),    1.000000000, -0.638530768,  0.272985596,
Cor (2),   -0.638530768,  1.000000000,  0.584185843,
Cor (3),    0.272985596,  0.584185843,  1.000000000,
VCV (1),    0.000027848, -0.000008670,  0.000001959,
VCV (2),   -0.000008670,  0.000006620,  0.000002043,
VCV (3),    0.000001959,  0.000002043,  0.000001848,
St.dev,     0.005277141,  0.002572862,  0.001359523,
AutoCor,    0.297360924,  0.250142546,  0.148634741,

No.; 5; Score; 24.585829916707;
Markow Autoregressive (lag 1) bivariate joint 3 asset model uncond. params
uMean,     -0.000230743,  0.000237432, -0.000718253,
VCV (1),    0.000022721,  0.000013198, -0.000001774,
VCV (2),    0.000013198,  0.000026949, -0.000007145,
VCV (3),   -0.000001774, -0.000007145,  0.000004726,
Cor (1),    1.000000000,  0.533370573, -0.171210949,
Cor (2),    0.533370573,  1.000000000, -0.633156144,
Cor (3),   -0.171210949, -0.633156144,  1.000000000,
St.dev,     0.004766652,  0.005191261,  0.002173899,
Skewness,  -0.619259356, -0.057441975,  5.269492894,
Kurtosis,   3.513699756, -0.102114507, 40.996932976,
AutoCor,    0.642251301,  0.119810989,  0.107748283,
Markow Autoregressive (lag 1) bivariate joint 3 asset model cond. params
uProb.,   0.971785888,  0.028214112,
Prob (1),   0.973787932,  0.026212068,
Prob (2),   0.902828957,  0.097171043,
Mean,     -0.000026627,  0.000521952, -0.000979499,
Cor (1),    1.000000000,  0.744358956,  0.293930921,
Cor (2),    0.744358956,  1.000000000, -0.883507652,
Cor (3),    0.293930921, -0.883507652,  1.000000000,
VCV (1),    0.000008795,  0.000010906,  0.000000907,
VCV (2),    0.000010906,  0.000024409, -0.000004542,
VCV (3),    0.000000907, -0.000004542,  0.000001083,
St.dev,     0.002965640,  0.004940557,  0.001040651,
Mean,     -0.007261148, -0.009562357,  0.008279931,
Cor (1),    1.000000000, -0.857415729, -0.431306655,
Cor (2),   -0.857415729,  1.000000000, -0.317429748,
Cor (3),   -0.431306655, -0.317429748,  1.000000000,
VCV (1),    0.000101874, -0.000012652, -0.000029245,
VCV (2),   -0.000012652,  0.000002137, -0.000003118,
VCV (3),   -0.000029245, -0.000003118,  0.000045131,
St.dev,     0.010093257,  0.001461932,  0.006717963,
AutoCor,    0.680765574,  0.125448632,  0.144160476,

No.; 6; Score; 27.660108165583;
Markow Autoregressive (lag 1) bivariate joint 3 asset model uncond. params
uMean,      0.001029966,  0.000034211, -0.000040316,
VCV (1),    0.000022218, -0.000008284, -0.000001554,
VCV (2),   -0.000008284,  0.000035247, -0.000002879,
VCV (3),   -0.000001554, -0.000002879,  0.000004494,
Cor (1),    1.000000000, -0.296006150, -0.155497462,
Cor (2),   -0.296006150,  1.000000000, -0.228748931,
Cor (3),   -0.155497462, -0.228748931,  1.000000000,
St.dev,     0.004713629,  0.005936918,  0.002119984,
Skewness,   0.169504341, -0.824004404, -0.361524009,
Kurtosis,   0.317255047,  2.158517465,  3.004082458,
AutoCor,    0.148972587,  0.297286252,  0.084956201,
Markow Autoregressive (lag 1) bivariate joint 3 asset model cond. params
uProb.,   0.115089162,  0.884910838,
Prob (1),   0.355245065,  0.644754935,
Prob (2),   0.083855121,  0.916144879,
Mean,      0.003797817, -0.007077462, -0.000765615,
Cor (1),    1.000000000, -0.248662234,  0.814568715,
Cor (2),   -0.248662234,  1.000000000, -0.648380115,
Cor (3),    0.814568715, -0.648380115,  1.000000000,
VCV (1),    0.000034924, -0.000012497,  0.000019491,
VCV (2),   -0.000012497,  0.000072324, -0.000022326,
VCV (3),    0.000019491, -0.000022326,  0.000016394,
St.dev,     0.005909642,  0.008504373,  0.004048896,
Mean,      0.000669986,  0.000959137,  0.000054015,
Cor (1),    1.000000000, -0.234254114, -0.542773334,
Cor (2),   -0.234254114,  1.000000000, -0.133823122,
Cor (3),   -0.542773334, -0.133823122,  1.000000000,
VCV (1),    0.000018948, -0.000004562, -0.000003979,
VCV (2),   -0.000004562,  0.000020013, -0.000001008,
VCV (3),   -0.000003979, -0.000001008,  0.000002836,
St.dev,     0.004352923,  0.004473552,  0.001683966,
AutoCor,    0.143225091,  0.303227810,  0.082074220,

No.; 7; Score; 30.034388403832;
Markow Autoregressive (lag 1) bivariate joint 3 asset model uncond. params
uMean,     -0.000053502, -0.000186730,  0.000339591,
VCV (1),    0.000009713,  0.000002829, -0.000001089,
VCV (2),    0.000002829,  0.000043850, -0.000004746,
VCV (3),   -0.000001089, -0.000004746,  0.000003667,
Cor (1),    1.000000000,  0.137094777, -0.182451317,
Cor (2),    0.137094777,  1.000000000, -0.374289706,
Cor (3),   -0.182451317, -0.374289706,  1.000000000,
St.dev,     0.003116511,  0.006621901,  0.001915058,
Skewness,  -0.154471375,  0.632594312, -0.040203680,
Kurtosis,   1.579160844, -0.524229127,  0.650427118,
AutoCor,    0.018100360,  0.507451621,  0.428140679,
Markow Autoregressive (lag 1) bivariate joint 3 asset model cond. params
uProb.,   0.536797997,  0.463202003,
Prob (1),   0.777576123,  0.222423877,
Prob (2),   0.257763763,  0.742236237,
Mean,      0.000152093, -0.005126580,  0.000391444,
Cor (1),    1.000000000, -0.657085349,  0.854672575,
Cor (2),   -0.657085349,  1.000000000, -0.761975401,
Cor (3),    0.854672575, -0.761975401,  1.000000000,
VCV (1),    0.000003123, -0.000002220,  0.000001896,
VCV (2),   -0.000002220,  0.000003654, -0.000001829,
VCV (3),    0.000001896, -0.000001829,  0.000001576,
St.dev,     0.001767157,  0.001911666,  0.001255358,
Mean,     -0.000291763,  0.005537989,  0.000279498,
Cor (1),    1.000000000,  0.579861505, -0.510023923,
Cor (2),    0.579861505,  1.000000000, -0.550586388,
Cor (3),   -0.510023923, -0.550586388,  1.000000000,
VCV (1),    0.000017239,  0.000011156, -0.000004559,
VCV (2),    0.000011156,  0.000021472, -0.000005493,
VCV (3),   -0.000004559, -0.000005493,  0.000004635,
St.dev,     0.004151946,  0.004633831,  0.002152902,
AutoCor,    0.015557171,  0.485001693,  0.428062724,

No.; 8; Score; 30.317941747003;
Markow Autoregressive (lag 1) bivariate joint 3 asset model uncond. params
uMean,      0.000481105,  0.000054424, -0.000731766,
VCV (1),    0.000022534,  0.000009856,  0.000001963,
VCV (2),    0.000009856,  0.000017956,  0.000000176,
VCV (3),    0.000001963,  0.000000176,  0.000003800,
Cor (1),    1.000000000,  0.489952958,  0.212100921,
Cor (2),    0.489952958,  1.000000000,  0.021358170,
Cor (3),    0.212100921,  0.021358170,  1.000000000,
St.dev,     0.004747042,  0.004237424,  0.001949423,
Skewness,   0.445491198,  1.364314359,  0.162318552,
Kurtosis,   0.905633483,  2.249213529,  0.070822180,
AutoCor,    0.179381690,  0.365451159,  0.147377389,
Markow Autoregressive (lag 1) bivariate joint 3 asset model cond. params
uProb.,   0.210969150,  0.789030850,
Prob (1),   0.460218552,  0.539781448,
Prob (2),   0.144325451,  0.855674549,
Mean,      0.003357781,  0.005839363, -0.001630286,
Cor (1),    1.000000000,  0.803798274, -0.684154236,
Cor (2),    0.803798274,  1.000000000,  0.185730636,
Cor (3),   -0.684154236,  0.185730636,  1.000000000,
VCV (1),    0.000038244,  0.000022717, -0.000005455,
VCV (2),    0.000022717,  0.000020886,  0.000001094,
VCV (3),   -0.000005455,  0.000001094,  0.000001662,
St.dev,     0.006184174,  0.004570072,  0.001289333,
Mean,     -0.000288054, -0.001492339, -0.000491522,
Cor (1),    1.000000000,  0.040918530,  0.615186436,
Cor (2),    0.040918530,  1.000000000,  0.400855768,
Cor (3),    0.615186436,  0.400855768,  1.000000000,
VCV (1),    0.000014833,  0.000000310,  0.000004746,
VCV (2),    0.000000310,  0.000003869,  0.000001579,
VCV (3),    0.000004746,  0.000001579,  0.000004013,
St.dev,     0.003851323,  0.001966941,  0.002003182,
AutoCor,    0.164518438,  0.414679630,  0.137228787,

No.; 9; Score; 30.851462240944;
Markow Autoregressive (lag 1) bivariate joint 3 asset model uncond. params
uMean,      0.000274499,  0.000553697, -0.000579487,
VCV (1),    0.000018584,  0.000009576,  0.000000099,
VCV (2),    0.000009576,  0.000043753, -0.000010306,
VCV (3),    0.000000099, -0.000010306,  0.000003910,
Cor (1),    1.000000000,  0.335840972,  0.011619011,
Cor (2),    0.335840972,  1.000000000, -0.787963777,
Cor (3),    0.011619011, -0.787963777,  1.000000000,
St.dev,     0.004310860,  0.006614597,  0.001977257,
Skewness,   0.366203232,  0.780379615, -0.110896373,
Kurtosis,  -0.560456680,  0.563227359,  0.592833445,
AutoCor,    0.424180047,  0.220711000,  0.074012283,
Markow Autoregressive (lag 1) bivariate joint 3 asset model cond. params
uProb.,   0.672222208,  0.327777792,
Prob (1),   0.751777081,  0.248222919,
Prob (2),   0.509067308,  0.490932692,
Mean,     -0.002101089, -0.002438610, -0.000463795,
Cor (1),    1.000000000, -0.899382197, -0.193067562,
Cor (2),   -0.899382197,  1.000000000, -0.970807457,
Cor (3),   -0.193067562, -0.970807457,  1.000000000,
VCV (1),    0.000003311, -0.000006398, -0.000000573,
VCV (2),   -0.000006398,  0.000015287, -0.000006195,
VCV (3),   -0.000000573, -0.000006195,  0.000002663,
St.dev,     0.001819569,  0.003909827,  0.001631995,
Mean,      0.005146466,  0.006690463, -0.000816755,
Cor (1),    1.000000000,  0.010265340,  0.667684556,
Cor (2),    0.010265340,  1.000000000, -0.980399640,
Cor (3),    0.667684556, -0.980399640,  1.000000000,
VCV (1),    0.000003392,  0.000000124,  0.000003091,
VCV (2),    0.000000124,  0.000042861, -0.000016134,
VCV (3),    0.000003091, -0.000016134,  0.000006319,
St.dev,     0.001841680,  0.006546809,  0.002513689,
AutoCor,    0.723806069,  0.204800467,  0.072819432,

No.; 10; Score; 30.968679422576;
Markow Autoregressive (lag 1) bivariate joint 3 asset model uncond. params
uMean,      0.000327147,  0.000413947, -0.000365402,
VCV (1),    0.000010190,  0.000004821,  0.000002096,
VCV (2),    0.000004821,  0.000038484, -0.000005909,
VCV (3),    0.000002096, -0.000005909,  0.000005009,
Cor (1),    1.000000000,  0.243429624,  0.293397029,
Cor (2),    0.243429624,  1.000000000, -0.425587744,
Cor (3),    0.293397029, -0.425587744,  1.000000000,
St.dev,     0.003192104,  0.006203576,  0.002238123,
Skewness,   0.572790757,  0.471202408,  0.043662244,
Kurtosis,   0.021578419,  0.813661756,  0.035006843,
AutoCor,   -0.061364968,  0.344900497,  0.176519849,
Markow Autoregressive (lag 1) bivariate joint 3 asset model cond. params
uProb.,   0.493799643,  0.506200357,
Prob (1),   0.045746472,  0.954253528,
Prob (2),   0.930876570,  0.069123430,
Mean,     -0.001627872, -0.001466704, -0.000667236,
Cor (1),    1.000000000, -0.269266763, -0.821772061,
Cor (2),   -0.269266763,  1.000000000,  0.698141149,
Cor (3),   -0.821772061,  0.698141149,  1.000000000,
VCV (1),    0.000001567, -0.000000586, -0.000002098,
VCV (2),   -0.000000586,  0.000003022,  0.000002475,
VCV (3),   -0.000002098,  0.000002475,  0.000004158,
St.dev,     0.001251944,  0.001738265,  0.002039159,
Mean,      0.002234273,  0.002248527, -0.000070962,
Cor (1),    1.000000000,  0.117927058,  0.694730018,
Cor (2),    0.117927058,  1.000000000, -0.851317932,
Cor (3),    0.694730018, -0.851317932,  1.000000000,
VCV (1),    0.000009047,  0.000002539,  0.000004807,
VCV (2),    0.000002539,  0.000051231, -0.000014017,
VCV (3),    0.000004807, -0.000014017,  0.000005292,
St.dev,     0.003007850,  0.007157574,  0.002300338,
AutoCor,    0.414003264,  0.466035286,  0.195695591,

No.; 11; Score; 31.699728729076;
Markow Autoregressive (lag 1) bivariate joint 3 asset model uncond. params
uMean,      0.000296266, -0.000386972, -0.000423119,
VCV (1),    0.000012557,  0.000002712, -0.000000353,
VCV (2),    0.000002712,  0.000048029, -0.000002742,
VCV (3),   -0.000000353, -0.000002742,  0.000003442,
Cor (1),    1.000000000,  0.110428160, -0.053633806,
Cor (2),    0.110428160,  1.000000000, -0.213236932,
Cor (3),   -0.053633806, -0.213236932,  1.000000000,
St.dev,     0.003543636,  0.006930270,  0.001855317,
Skewness,   0.081569458,  0.478235309,  0.040074373,
Kurtosis,   0.928495223,  1.081690985,  0.096407745,
AutoCor,    0.122835015,  0.182295498,  0.126274413,
Markow Autoregressive (lag 1) bivariate joint 3 asset model cond. params
uProb.,   0.465335863,  0.534664137,
Prob (1),   0.520703070,  0.479296930,
Prob (2),   0.417147954,  0.582852046,
Mean,      0.000110675,  0.001598730, -0.000274528,
Cor (1),    1.000000000, -0.073704962,  0.495447365,
Cor (2),   -0.073704962,  1.000000000, -0.637685349,
Cor (3),    0.495447365, -0.637685349,  1.000000000,
VCV (1),    0.000004858, -0.000001392,  0.000002191,
VCV (2),   -0.000001392,  0.000073434, -0.000010964,
VCV (3),    0.000002191, -0.000010964,  0.000004026,
St.dev,     0.002204074,  0.008569391,  0.002006468,
Mean,      0.000457792, -0.002115195, -0.000552442,
Cor (1),    1.000000000,  0.382437863, -0.346037106,
Cor (2),    0.382437863,  1.000000000,  0.598209383,
Cor (3),   -0.346037106,  0.598209383,  1.000000000,
VCV (1),    0.000018849,  0.000006752, -0.000002512,
VCV (2),    0.000006752,  0.000016539,  0.000004068,
VCV (3),   -0.000002512,  0.000004068,  0.000002796,
St.dev,     0.004341492,  0.004066870,  0.001672109,
AutoCor,    0.122881152,  0.188354573,  0.126401957,

No.; 12; Score; 32.414862617647;
Markow Autoregressive (lag 1) bivariate joint 3 asset model uncond. params
uMean,      0.000540803,  0.000364006,  0.000140611,
VCV (1),    0.000010030,  0.000002049,  0.000003177,
VCV (2),    0.000002049,  0.000019724,  0.000002171,
VCV (3),    0.000003177,  0.000002171,  0.000006800,
Cor (1),    1.000000000,  0.145646189,  0.384631495,
Cor (2),    0.145646189,  1.000000000,  0.187493285,
Cor (3),    0.384631495,  0.187493285,  1.000000000,
St.dev,     0.003167026,  0.004441218,  0.002607735,
Skewness,   0.159226834, -0.046334897,  2.028667523,
Kurtosis,   0.461996883,  0.207413767,  7.936021991,
AutoCor,    0.363740198,  0.806798791,  0.470544584,
Markow Autoregressive (lag 1) bivariate joint 3 asset model cond. params
uProb.,   0.941691185,  0.058308815,
Prob (1),   0.964809360,  0.035190640,
Prob (2),   0.568331145,  0.431668855,
Mean,      0.000416293,  0.000449470, -0.000278392,
Cor (1),    1.000000000,  0.278636686,  0.226956880,
Cor (2),    0.278636686,  1.000000000,  0.389328610,
Cor (3),    0.226956880,  0.389328610,  1.000000000,
VCV (1),    0.000007771,  0.000001913,  0.000000914,
VCV (2),    0.000001913,  0.000006068,  0.000001386,
VCV (3),    0.000000914,  0.000001386,  0.000002089,
St.dev,     0.002787698,  0.002463232,  0.001445338,
Mean,      0.002551651, -0.001016247,  0.006907528,
Cor (1),    1.000000000, -0.210069116,  0.995582685,
Cor (2),   -0.210069116,  1.000000000,  0.285511073,
Cor (3),    0.995582685,  0.285511073,  1.000000000,
VCV (1),    0.000020127, -0.000004003,  0.000017656,
VCV (2),   -0.000004003,  0.000018045,  0.000004794,
VCV (3),    0.000017656,  0.000004794,  0.000015625,
St.dev,     0.004486328,  0.004247969,  0.003952890,
AutoCor,    0.362902068,  0.809267485,  0.523510092,

No.; 13; Score; 34.216164543626;
Markow Autoregressive (lag 1) bivariate joint 3 asset model uncond. params
uMean,     -0.000161870,  0.000510356,  0.000116349,
VCV (1),    0.000016880, -0.000002682,  0.000002605,
VCV (2),   -0.000002682,  0.000029486, -0.000005786,
VCV (3),    0.000002605, -0.000005786,  0.000008080,
Cor (1),    1.000000000, -0.120201819,  0.223075523,
Cor (2),   -0.120201819,  1.000000000, -0.374884795,
Cor (3),    0.223075523, -0.374884795,  1.000000000,
St.dev,     0.004108564,  0.005430057,  0.002842540,
Skewness,   0.023138390, -0.007827429,  0.405624109,
Kurtosis,   0.039864813, -0.007956758,  6.451771539,
AutoCor,    0.800080947,  0.235919213,  0.807201727,
Markow Autoregressive (lag 1) bivariate joint 3 asset model cond. params
uProb.,   0.994092652,  0.005907348,
Prob (1),   0.994841126,  0.005158874,
Prob (2),   0.868138822,  0.131861178,
Mean,     -0.000198225,  0.000561869,  0.000088058,
Cor (1),    1.000000000, -0.153371496,  0.222856566,
Cor (2),   -0.153371496,  1.000000000, -0.584711488,
Cor (3),    0.222856566, -0.584711488,  1.000000000,
VCV (1),    0.000005741, -0.000001927,  0.000000767,
VCV (2),   -0.000001927,  0.000027499, -0.000004404,
VCV (3),    0.000000767, -0.000004404,  0.000002063,
St.dev,     0.002396056,  0.005243919,  0.001436413,
Mean,      0.005955921, -0.008158336,  0.004877153,
Cor (1),    1.000000000,  0.075337241,  0.360305687,
Cor (2),    0.075337241,  1.000000000, -0.447622657,
Cor (3),    0.360305687, -0.447622657,  1.000000000,
VCV (1),    0.000007874,  0.000000692,  0.000009916,
VCV (2),    0.000000692,  0.000010729, -0.000014380,
VCV (3),    0.000009916, -0.000014380,  0.000096192,
St.dev,     0.002806058,  0.003275560,  0.009807763,
AutoCor,    0.809071668,  0.237598719,  0.818737359,

No.; 14; Score; 35.273946833006;
Markow Autoregressive (lag 1) bivariate joint 3 asset model uncond. params
uMean,      0.000383603, -0.000379589, -0.000269122,
VCV (1),    0.000006605,  0.000000245,  0.000002954,
VCV (2),    0.000000245,  0.000025094, -0.000003814,
VCV (3),    0.000002954, -0.000003814,  0.000006000,
Cor (1),    1.000000000,  0.019048337,  0.469263683,
Cor (2),    0.019048337,  1.000000000, -0.310782838,
Cor (3),    0.469263683, -0.310782838,  1.000000000,
St.dev,     0.002569936,  0.005009433,  0.002449520,
Skewness,   2.293006540,  0.386456658,  0.365766801,
Kurtosis,   8.092807750,  0.791062823,  0.535011063,
AutoCor,    0.418784122,  0.834603675,  0.694733263,
Markow Autoregressive (lag 1) bivariate joint 3 asset model cond. params
uProb.,   0.916429453,  0.083570547,
Prob (1),   0.965729552,  0.034270448,
Prob (2),   0.375807615,  0.624192385,
Mean,     -0.000159501, -0.000990161, -0.000607460,
Cor (1),    1.000000000, -0.737955109,  0.121685477,
Cor (2),   -0.737955109,  1.000000000, -0.721981449,
Cor (3),    0.121685477, -0.721981449,  1.000000000,
VCV (1),    0.000001999, -0.000002092,  0.000000255,
VCV (2),   -0.000002092,  0.000004018, -0.000002145,
VCV (3),    0.000000255, -0.000002145,  0.000002197,
St.dev,     0.001413878,  0.002004617,  0.001482291,
Mean,      0.006339248,  0.006315912,  0.003441072,
Cor (1),    1.000000000, -0.628727040,  0.918732151,
Cor (2),   -0.628727040,  1.000000000, -0.478491310,
Cor (3),    0.918732151, -0.478491310,  1.000000000,
VCV (1),    0.000015792, -0.000008530,  0.000006374,
VCV (2),   -0.000008530,  0.000011656, -0.000002852,
VCV (3),    0.000006374, -0.000002852,  0.000003048,
St.dev,     0.003973884,  0.003414130,  0.001745776,
AutoCor,    0.254527515,  0.882221744,  0.722462204,

No.; 15; Score; 36.598512491058;
Markow Autoregressive (lag 1) bivariate joint 3 asset model uncond. params
uMean,     -0.000323612,  0.000758806,  0.000051032,
VCV (1),    0.000029730,  0.000021491,  0.000001037,
VCV (2),    0.000021491,  0.000032369, -0.000006016,
VCV (3),    0.000001037, -0.000006016,  0.000004459,
Cor (1),    1.000000000,  0.692783519,  0.090035244,
Cor (2),    0.692783519,  1.000000000, -0.500716659,
Cor (3),    0.090035244, -0.500716659,  1.000000000,
St.dev,     0.005452522,  0.005689347,  0.002111642,
Skewness,  -0.407955622, -1.536788370, -0.257404426,
Kurtosis,   0.173777163,  2.496965028, -0.299769337,
AutoCor,    0.258739418,  0.006563042, -0.025376354,
Markow Autoregressive (lag 1) bivariate joint 3 asset model cond. params
uProb.,   0.311090866,  0.688909134,
Prob (1),   0.186034305,  0.813965695,
Prob (2),   0.367562687,  0.632437313,
Mean,     -0.004929485, -0.004766549,  0.001772192,
Cor (1),    1.000000000,  0.647315188,  0.694774985,
Cor (2),    0.647315188,  1.000000000, -0.914120055,
Cor (3),    0.694774985, -0.914120055,  1.000000000,
VCV (1),    0.000022724,  0.000021936,  0.000004103,
VCV (2),    0.000021936,  0.000050538, -0.000008050,
VCV (3),    0.000004103, -0.000008050,  0.000001534,
St.dev,     0.004766942,  0.007109042,  0.001238711,
Mean,      0.001756263,  0.003253892, -0.000726193,
Cor (1),    1.000000000,  0.539068167,  0.679704252,
Cor (2),    0.539068167,  1.000000000,  0.311244711,
Cor (3),    0.679704252,  0.311244711,  1.000000000,
VCV (1),    0.000012581,  0.000003616,  0.000004718,
VCV (2),    0.000003616,  0.000003576,  0.000001152,
VCV (3),    0.000004718,  0.000001152,  0.000003830,
St.dev,     0.003546922,  0.001891089,  0.001957060,
AutoCor,    0.468046234,  0.146107308,  0.041547202,

No.; 16; Score; 38.263888722892;
Markow Autoregressive (lag 1) bivariate joint 3 asset model uncond. params
uMean,      0.000478323,  0.000706325, -0.000302497,
VCV (1),    0.000022647,  0.000010069,  0.000005386,
VCV (2),    0.000010069,  0.000037861,  0.000013108,
VCV (3),    0.000005386,  0.000013108,  0.000006264,
Cor (1),    1.000000000,  0.343867182,  0.452236371,
Cor (2),    0.343867182,  1.000000000,  0.851157184,
Cor (3),    0.452236371,  0.851157184,  1.000000000,
St.dev,     0.004758909,  0.006153102,  0.002502777,
Skewness,   0.771099018, -0.038327290, -0.045341095,
Kurtosis,   0.521766536,  0.225186125,  0.026370946,
AutoCor,    0.453029808,  0.386309315,  0.720990495,
Markow Autoregressive (lag 1) bivariate joint 3 asset model cond. params
uProb.,   0.305723377,  0.694276623,
Prob (1),   0.404330455,  0.595669545,
Prob (2),   0.262301940,  0.737698060,
Mean,      0.005429595,  0.001141597,  0.000325124,
Cor (1),    1.000000000,  0.795020737,  0.778702845,
Cor (2),    0.795020737,  1.000000000,  0.958131823,
Cor (3),    0.778702845,  0.958131823,  1.000000000,
VCV (1),    0.000012933,  0.000011751,  0.000003879,
VCV (2),    0.000011751,  0.000016891,  0.000005455,
VCV (3),    0.000003879,  0.000005455,  0.000001919,
St.dev,     0.003596223,  0.004109911,  0.001385312,
Mean,     -0.001701960,  0.000514654, -0.000578869,
Cor (1),    1.000000000,  0.464985260,  0.361914501,
Cor (2),    0.464985260,  1.000000000,  0.990671511,
Cor (3),    0.361914501,  0.990671511,  1.000000000,
VCV (1),    0.000002121,  0.000004220,  0.000000936,
VCV (2),    0.000004220,  0.000038831,  0.000010967,
VCV (3),    0.000000936,  0.000010967,  0.000003156,
St.dev,     0.001456463,  0.006231482,  0.001776573,
AutoCor,    0.736298661,  0.386848797,  0.737479445,

No.; 17; Score; 38.294525529819;
Markow Autoregressive (lag 1) bivariate joint 3 asset model uncond. params
uMean,      0.000586344,  0.000011948, -0.000161471,
VCV (1),    0.000015784,  0.000010189, -0.000006058,
VCV (2),    0.000010189,  0.000037313,  0.000002319,
VCV (3),   -0.000006058,  0.000002319,  0.000007656,
Cor (1),    1.000000000,  0.419851020, -0.551085966,
Cor (2),    0.419851020,  1.000000000,  0.137178516,
Cor (3),   -0.551085966,  0.137178516,  1.000000000,
St.dev,     0.003972907,  0.006108440,  0.002766974,
Skewness,  -0.123771949, -0.713972477,  0.083074851,
Kurtosis,   0.798424872,  1.685034857, -0.137915030,
AutoCor,    0.306064613,  0.023582326,  0.362467734,
Markow Autoregressive (lag 1) bivariate joint 3 asset model cond. params
uProb.,   0.347803506,  0.652196494,
Prob (1),   0.069065309,  0.930934691,
Prob (2),   0.496449080,  0.503550920,
Mean,      0.000147273, -0.002794355,  0.001859222,
Cor (1),    1.000000000,  0.397050229, -0.749332618,
Cor (2),    0.397050229,  1.000000000,  0.219323059,
Cor (3),   -0.749332618,  0.219323059,  1.000000000,
VCV (1),    0.000025640,  0.000016581, -0.000006421,
VCV (2),    0.000016581,  0.000068016,  0.000003061,
VCV (3),   -0.000006421,  0.000003061,  0.000002864,
St.dev,     0.005063616,  0.008247168,  0.001692190,
Mean,      0.000820491,  0.001508494, -0.001239067,
Cor (1),    1.000000000,  0.506272477, -0.676128740,
Cor (2),    0.506272477,  1.000000000,  0.932780728,
Cor (3),   -0.676128740,  0.932780728,  1.000000000,
VCV (1),    0.000008047,  0.000005406, -0.000003339,
VCV (2),    0.000005406,  0.000014169,  0.000006112,
VCV (3),   -0.000003339,  0.000006112,  0.000003030,
St.dev,     0.002836653,  0.003764197,  0.001740702,
AutoCor,    0.310873166,  0.080778409,  0.676393995,

No.; 18; Score; 38.399836329;
Markow Autoregressive (lag 1) bivariate joint 3 asset model uncond. params
uMean,      0.000149776,  0.000588924,  0.000568563,
VCV (1),    0.000033451,  0.000007154, -0.000004737,
VCV (2),    0.000007154,  0.000027608, -0.000001305,
VCV (3),   -0.000004737, -0.000001305,  0.000003737,
Cor (1),    1.000000000,  0.235406392, -0.423736092,
Cor (2),    0.235406392,  1.000000000, -0.128469569,
Cor (3),   -0.423736092, -0.128469569,  1.000000000,
St.dev,     0.005783712,  0.005254377,  0.001933022,
Skewness,   0.691105569, -0.160616398, -0.361983397,
Kurtosis,   2.060465243,  0.300547508,  0.320591251,
AutoCor,    0.482678359,  0.862876670,  0.340897215,
Markow Autoregressive (lag 1) bivariate joint 3 asset model cond. params
uProb.,   0.084863101,  0.915136899,
Prob (1),   0.519807767,  0.480192233,
Prob (2),   0.044529515,  0.955470485,
Mean,      0.007183357, -0.004178793, -0.002749235,
Cor (1),    1.000000000,  0.744832978,  0.279138624,
Cor (2),    0.744832978,  1.000000000, -0.475061095,
Cor (3),    0.279138624, -0.475061095,  1.000000000,
VCV (1),    0.000069540,  0.000021246,  0.000003300,
VCV (2),    0.000021246,  0.000011700, -0.000002304,
VCV (3),    0.000003300, -0.000002304,  0.000002010,
St.dev,     0.008339056,  0.003420551,  0.001417864,
Mean,     -0.000502467,  0.001031047,  0.000876232,
Cor (1),    1.000000000,  0.493657833, -0.406742122,
Cor (2),    0.493657833,  1.000000000, -0.603363139,
Cor (3),   -0.406742122, -0.603363139,  1.000000000,
VCV (1),    0.000017708,  0.000004389, -0.000002723,
VCV (2),    0.000004389,  0.000004464, -0.000002028,
VCV (3),   -0.000002723, -0.000002028,  0.000002531,
St.dev,     0.004208045,  0.002112744,  0.001590901,
AutoCor,    0.483854533,  0.894916192,  0.290387588,

No.; 19; Score; 38.781228702408;
Markow Autoregressive (lag 1) bivariate joint 3 asset model uncond. params
uMean,      0.000749559,  0.000387625,  0.000440831,
VCV (1),    0.000027028,  0.000015740,  0.000004077,
VCV (2),    0.000015740,  0.000048411, -0.000006114,
VCV (3),    0.000004077, -0.000006114,  0.000004683,
Cor (1),    1.000000000,  0.435137125,  0.362362701,
Cor (2),    0.435137125,  1.000000000, -0.406026461,
Cor (3),    0.362362701, -0.406026461,  1.000000000,
St.dev,     0.005198817,  0.006957835,  0.002164122,
Skewness,   0.213697007, -0.080709748, -1.790780688,
Kurtosis,   1.216647452,  0.215259373, 11.269319943,
AutoCor,    0.560696432,  0.678184865,  0.254819267,
Markow Autoregressive (lag 1) bivariate joint 3 asset model cond. params
uProb.,   0.982542974,  0.017457026,
Prob (1),   0.982567635,  0.017432365,
Prob (2),   0.981154968,  0.018845032,
Mean,      0.000657532,  0.000523437,  0.000576312,
Cor (1),    1.000000000,  0.461650769,  0.578828243,
Cor (2),    0.461650769,  1.000000000, -0.726793866,
Cor (3),    0.578828243, -0.726793866,  1.000000000,
VCV (1),    0.000016127,  0.000009040,  0.000003894,
VCV (2),    0.000009040,  0.000023776, -0.000005936,
VCV (3),    0.000003894, -0.000005936,  0.000002806,
St.dev,     0.004015815,  0.004876090,  0.001675112,
Mean,      0.005929165, -0.007256364, -0.007184526,
Cor (1),    1.000000000,  0.656887437,  0.061168711,
Cor (2),    0.656887437,  1.000000000,  0.378027872,
Cor (3),    0.061168711,  0.378027872,  1.000000000,
VCV (1),    0.000117834,  0.000060582,  0.000003568,
VCV (2),    0.000060582,  0.000072183,  0.000017259,
VCV (3),    0.000003568,  0.000017259,  0.000028876,
St.dev,     0.010855133,  0.008496066,  0.005373677,
AutoCor,    0.570737106,  0.693015768,  0.326536642,

No.; 20; Score; 40.000876311312;
Markow Autoregressive (lag 1) bivariate joint 3 asset model uncond. params
uMean,     -0.000080033,  0.000716102,  0.000119435,
VCV (1),    0.000030601,  0.000007024, -0.000003567,
VCV (2),    0.000007024,  0.000023450,  0.000009735,
VCV (3),   -0.000003567,  0.000009735,  0.000005319,
Cor (1),    1.000000000,  0.262204718, -0.279582030,
Cor (2),    0.262204718,  1.000000000,  0.871660536,
Cor (3),   -0.279582030,  0.871660536,  1.000000000,
St.dev,     0.005531778,  0.004842484,  0.002306284,
Skewness,  -2.184568191, -0.045361747,  0.049861029,
Kurtosis,   4.558126331, -0.004853663,  0.182486405,
AutoCor,    0.269513697,  0.367526566,  0.138881827,
Markow Autoregressive (lag 1) bivariate joint 3 asset model cond. params
uProb.,   0.814724055,  0.185275945,
Prob (1),   0.873787637,  0.126212363,
Prob (2),   0.555000532,  0.444999468,
Mean,      0.002078145,  0.001473416,  0.000192143,
Cor (1),    1.000000000,  0.841293062, -0.898639664,
Cor (2),    0.841293062,  1.000000000,  0.956191913,
Cor (3),   -0.898639664,  0.956191913,  1.000000000,
VCV (1),    0.000002184,  0.000005295, -0.000003208,
VCV (2),    0.000005295,  0.000018138,  0.000009836,
VCV (3),   -0.000003208,  0.000009836,  0.000005834,
St.dev,     0.001477907,  0.004258839,  0.002415465,
Mean,     -0.009570307, -0.002614075, -0.000200286,
Cor (1),    1.000000000, -0.875828373, -0.819079025,
Cor (2),   -0.875828373,  1.000000000,  0.828330976,
Cor (3),   -0.819079025,  0.828330976,  1.000000000,
VCV (1),    0.000043436, -0.000024111, -0.000008331,
VCV (2),   -0.000024111,  0.000017447,  0.000005339,
VCV (3),   -0.000008331,  0.000005339,  0.000002381,
St.dev,     0.006590609,  0.004176977,  0.001543201,
AutoCor,    0.169778938,  0.373400152,  0.138092106,

No.; 21; Score; 41.066131574859;
Markow Autoregressive (lag 1) bivariate joint 3 asset model uncond. params
uMean,     -0.000134065,  0.000310825, -0.000673789,
VCV (1),    0.000032848,  0.000013480, -0.000005740,
VCV (2),    0.000013480,  0.000039410, -0.000008961,
VCV (3),   -0.000005740, -0.000008961,  0.000003901,
Cor (1),    1.000000000,  0.374665997, -0.507075762,
Cor (2),    0.374665997,  1.000000000, -0.722711056,
Cor (3),   -0.507075762, -0.722711056,  1.000000000,
St.dev,     0.005731295,  0.006277739,  0.001974994,
Skewness,  -0.311533552, -0.129088878, -0.144642607,
Kurtosis,   0.885463504, -0.141244388,  1.747113895,
AutoCor,    0.669468246,  0.149146162,  0.037831525,
Markow Autoregressive (lag 1) bivariate joint 3 asset model cond. params
uProb.,   0.111282401,  0.888717599,
Prob (1),   0.685158251,  0.314841749,
Prob (2),   0.039423486,  0.960576514,
Mean,     -0.003917847,  0.005938153, -0.001029508,
Cor (1),    1.000000000,  0.450055108, -0.228663798,
Cor (2),    0.450055108,  1.000000000, -0.126474061,
Cor (3),   -0.228663798, -0.126474061,  1.000000000,
VCV (1),    0.000043390,  0.000009801, -0.000005256,
VCV (2),    0.000009801,  0.000010930, -0.000001459,
VCV (3),   -0.000005256, -0.000001459,  0.000012175,
St.dev,     0.006587072,  0.003306046,  0.003489283,
Mean,      0.000339728, -0.000393811, -0.000629247,
Cor (1),    1.000000000,  0.688858580, -0.931935940,
Cor (2),    0.688858580,  1.000000000, -0.920502965,
Cor (3),   -0.931935940, -0.920502965,  1.000000000,
VCV (1),    0.000013785,  0.000015800, -0.000005832,
VCV (2),    0.000015800,  0.000038165, -0.000009585,
VCV (3),   -0.000005832, -0.000009585,  0.000002841,
St.dev,     0.003712822,  0.006177791,  0.001685588,
AutoCor,    0.670838322,  0.093592665,  0.035352123,

No.; 22; Score; 41.099711696271;
Markow Autoregressive (lag 1) bivariate joint 3 asset model uncond. params
uMean,      0.000170121,  0.000186745,  0.000130802,
VCV (1),    0.000030562, -0.000004432, -0.000004179,
VCV (2),   -0.000004432,  0.000027654, -0.000002835,
VCV (3),   -0.000004179, -0.000002835,  0.000005704,
Cor (1),    1.000000000, -0.152449455, -0.316502211,
Cor (2),   -0.152449455,  1.000000000, -0.225694369,
Cor (3),   -0.316502211, -0.225694369,  1.000000000,
St.dev,     0.005528286,  0.005258665,  0.002388409,
Skewness,   0.085230323,  0.061721837, -0.067625284,
Kurtosis,  -0.006791716, -0.002754741,  1.046971618,
AutoCor,    0.065477554,  0.601636271,  0.670317558,
Markow Autoregressive (lag 1) bivariate joint 3 asset model cond. params
uProb.,   0.945386717,  0.054613283,
Prob (1),   0.957575269,  0.042424731,
Prob (2),   0.734396008,  0.265603992,
Mean,      0.000399713, -0.000210393,  0.000155368,
Cor (1),    1.000000000, -0.143660534, -0.473114628,
Cor (2),   -0.143660534,  1.000000000, -0.246019381,
Cor (3),   -0.473114628, -0.246019381,  1.000000000,
VCV (1),    0.000031034, -0.000003099, -0.000004153,
VCV (2),   -0.000003099,  0.000014999, -0.000001501,
VCV (3),   -0.000004153, -0.000001501,  0.000002483,
St.dev,     0.005570782,  0.003872870,  0.001575639,
Mean,     -0.003804238,  0.007061432, -0.000294451,
Cor (1),    1.000000000,  0.633667303, -0.444753267,
Cor (2),    0.633667303,  1.000000000, -0.164323983,
Cor (3),   -0.444753267, -0.164323983,  1.000000000,
VCV (1),    0.000003694,  0.000003440, -0.000003235,
VCV (2),    0.000003440,  0.000007980, -0.000001757,
VCV (3),   -0.000003235, -0.000001757,  0.000014323,
St.dev,     0.001921940,  0.002824964,  0.003784628,
AutoCor,    0.060624193,  0.643093923,  0.671137915,

No.; 23; Score; 41.467392289511;
