Round No; 4; best result RLS; 0.33848779709856

;;;
No.; 1; Score; 0.33848779709856;
Markow Autoregressive (lag 1) bivariate joint 3 asset model uncond. params
uMean,      0.000483596,  0.000735086, -0.000518987,
VCV (1),    0.000007572,  0.000000800,  0.000000344,
VCV (2),    0.000000800,  0.000016997,  0.000004159,
VCV (3),    0.000000344,  0.000004159,  0.000009222,
Cor (1),    1.000000000,  0.070545144,  0.041114301,
Cor (2),    0.070545144,  1.000000000,  0.332210734,
Cor (3),    0.041114301,  0.332210734,  1.000000000,
St.dev,     0.002751749,  0.004122713,  0.003036778,
Skewness,  -2.896547210, -1.056005380, -2.791403263,
Kurtosis,   9.947991395,  3.259734489, 23.862255870,
AutoCor,    0.369363214,  0.158546110,  0.172103983,
Markow Autoregressive (lag 1) bivariate joint 3 asset model cond. params
uProb.,   0.929102114,  0.070897886,
Prob (1),   0.958847144,  0.041152856,
Prob (2),   0.539299659,  0.460700341,
Mean,      0.001128366,  0.001302667, -0.000212686,
Cor (1),    1.000000000, -0.735229382, -0.747544937,
Cor (2),   -0.735229382,  1.000000000,  0.143069395,
Cor (3),   -0.747544937,  0.143069395,  1.000000000,
VCV (1),    0.000001315, -0.000002757, -0.000001144,
VCV (2),   -0.000002757,  0.000010696,  0.000000625,
VCV (3),   -0.000001144,  0.000000625,  0.000001782,
St.dev,     0.001146586,  0.003270537,  0.001334845,
Mean,     -0.007965976, -0.006702948, -0.004532997,
Cor (1),    1.000000000, -0.928396718, -0.504743067,
Cor (2),   -0.928396718,  1.000000000,  0.309594713,
Cor (3),   -0.504743067,  0.309594713,  1.000000000,
VCV (1),    0.000010997, -0.000019244, -0.000015644,
VCV (2),   -0.000019244,  0.000039074,  0.000018088,
VCV (3),   -0.000015644,  0.000018088,  0.000087357,
St.dev,     0.003316112,  0.006250904,  0.009346508,
AutoCor,    0.240647176,  0.072294866,  0.134039604,

No.; 2; Score; 0.40765874510809;
Markow Autoregressive (lag 1) bivariate joint 3 asset model uncond. params
uMean,      0.001818170, -0.000133322,  0.000695016,
VCV (1),    0.000009466,  0.000001575, -0.000001264,
VCV (2),    0.000001575,  0.000011272,  0.000001730,
VCV (3),   -0.000001264,  0.000001730,  0.000010503,
Cor (1),    1.000000000,  0.152517758, -0.126754334,
Cor (2),    0.152517758,  1.000000000,  0.158957845,
Cor (3),   -0.126754334,  0.158957845,  1.000000000,
St.dev,     0.003076745,  0.003357399,  0.003240877,
Skewness,  -1.864153505, -0.598538789, -0.227010552,
Kurtosis,   9.385805182,  2.955021843, 23.871456134,
AutoCor,    0.176692302,  0.656826102,  0.192054647,
Markow Autoregressive (lag 1) bivariate joint 3 asset model cond. params
uProb.,   0.075010482,  0.924989518,
Prob (1),   0.374508800,  0.625491200,
Prob (2),   0.050723166,  0.949276834,
Mean,     -0.002838478, -0.003047315,  0.000389370,
Cor (1),    1.000000000,  0.528534073, -0.651003123,
Cor (2),    0.528534073,  1.000000000,  0.192461822,
Cor (3),   -0.651003123,  0.192461822,  1.000000000,
VCV (1),    0.000048561,  0.000020403, -0.000048174,
VCV (2),    0.000020403,  0.000030688,  0.000011322,
VCV (3),   -0.000048174,  0.000011322,  0.000112763,
St.dev,     0.006968553,  0.005539675,  0.010618997,
Mean,      0.002195793,  0.000102984,  0.000719802,
Cor (1),    1.000000000, -0.301786089,  0.894678846,
Cor (2),   -0.301786089,  1.000000000,  0.249669548,
Cor (3),    0.894678846,  0.249669548,  1.000000000,
VCV (1),    0.000004224, -0.000001191,  0.000002456,
VCV (2),   -0.000001191,  0.000003686,  0.000000640,
VCV (3),    0.000002456,  0.000000640,  0.000001784,
St.dev,     0.002055307,  0.001919874,  0.001335812,
AutoCor,    0.143134877,  0.678494572,  0.191959565,

No.; 3; Score; 0.43784439262598;
Markow Autoregressive (lag 1) bivariate joint 3 asset model uncond. params
uMean,      0.000571750,  0.001157011, -0.000079080,
VCV (1),    0.000008398,  0.000004726,  0.000000525,
VCV (2),    0.000004726,  0.000033471,  0.000000525,
VCV (3),    0.000000525,  0.000000525,  0.000008557,
Cor (1),    1.000000000,  0.281895385,  0.061942813,
Cor (2),    0.281895385,  1.000000000,  0.030999909,
Cor (3),    0.061942813,  0.030999909,  1.000000000,
St.dev,     0.002897960,  0.005785428,  0.002925206,
Skewness,   1.230078973,  0.399931204,  2.989589524,
Kurtosis,   3.008295240,  4.588517252, 26.028572740,
AutoCor,    0.054465847,  0.700351028,  0.037808921,
Markow Autoregressive (lag 1) bivariate joint 3 asset model cond. params
uProb.,   0.949389163,  0.050610837,
Prob (1),   0.948145852,  0.051854148,
Prob (2),   0.972711945,  0.027288055,
Mean,      0.000125641,  0.000985571, -0.000339649,
Cor (1),    1.000000000,  0.675727643, -0.769593556,
Cor (2),    0.675727643,  1.000000000, -0.048762681,
Cor (3),   -0.769593556, -0.048762681,  1.000000000,
VCV (1),    0.000004586,  0.000004158, -0.000002639,
VCV (2),    0.000004158,  0.000008257, -0.000000224,
VCV (3),   -0.000002639, -0.000000224,  0.000002564,
St.dev,     0.002141475,  0.002873536,  0.001601384,
Mean,      0.008940133,  0.004372986,  0.004808846,
Cor (1),    1.000000000, -0.649029184,  0.787737652,
Cor (2),   -0.649029184,  1.000000000, -0.014067158,
Cor (3),    0.787737652, -0.014067158,  1.000000000,
VCV (1),    0.000004871, -0.000018419,  0.000016986,
VCV (2),   -0.000018419,  0.000165359, -0.000001767,
VCV (3),    0.000016986, -0.000001767,  0.000095459,
St.dev,     0.002206947,  0.012859184,  0.009770309,
AutoCor,    0.117712407,  0.712492053,  0.048716737,

No.; 4; Score; 0.44433666410196;
Markow Autoregressive (lag 1) bivariate joint 3 asset model uncond. params
uMean,      0.000110608,  0.000206193, -0.000353501,
VCV (1),    0.000018369,  0.000001969,  0.000008206,
VCV (2),    0.000001969,  0.000010730,  0.000001879,
VCV (3),    0.000008206,  0.000001879,  0.000015192,
Cor (1),    1.000000000,  0.140283178,  0.491238652,
Cor (2),    0.140283178,  1.000000000,  0.147140697,
Cor (3),    0.491238652,  0.147140697,  1.000000000,
St.dev,     0.004285884,  0.003275702,  0.003897673,
Skewness,  -0.528965561, -2.081396538, -0.024315716,
Kurtosis,   8.260317731,  6.090853636, 21.403921405,
AutoCor,    0.464999413,  0.070471194,  0.013210339,
Markow Autoregressive (lag 1) bivariate joint 3 asset model cond. params
uProb.,   0.923276552,  0.076723448,
Prob (1),   0.924965490,  0.075034510,
Prob (2),   0.902952172,  0.097047828,
Mean,      0.000247231,  0.000938005, -0.000350091,
Cor (1),    1.000000000,  0.860778681, -0.204827154,
Cor (2),    0.860778681,  1.000000000,  0.915473914,
Cor (3),   -0.204827154,  0.915473914,  1.000000000,
VCV (1),    0.000005794,  0.000003820, -0.000000921,
VCV (2),    0.000003820,  0.000003398,  0.000003154,
VCV (3),   -0.000000921,  0.000003154,  0.000003492,
St.dev,     0.002407134,  0.001843479,  0.001868605,
Mean,     -0.001533492, -0.008600305, -0.000394530,
Cor (1),    1.000000000, -0.921950160,  0.878189874,
Cor (2),   -0.921950160,  1.000000000, -0.299495553,
Cor (3),    0.878189874, -0.299495553,  1.000000000,
VCV (1),    0.000114413, -0.000036651,  0.000117307,
VCV (2),   -0.000036651,  0.000013813, -0.000013901,
VCV (3),    0.000117307, -0.000013901,  0.000155953,
St.dev,     0.010696393,  0.003716599,  0.012488127,
AutoCor,    0.470483515,  0.143343657,  0.013210257,

No.; 5; Score; 0.44924532248679;
Markow Autoregressive (lag 1) bivariate joint 3 asset model uncond. params
uMean,      0.000325988, -0.000335975,  0.000163169,
VCV (1),    0.000005211,  0.000008345,  0.000001694,
VCV (2),    0.000008345,  0.000043887, -0.000007079,
VCV (3),    0.000001694, -0.000007079,  0.000006659,
Cor (1),    1.000000000,  0.551823933,  0.287514178,
Cor (2),    0.551823933,  1.000000000, -0.414058998,
Cor (3),    0.287514178, -0.414058998,  1.000000000,
St.dev,     0.002282659,  0.006624759,  0.002580583,
Skewness,   1.382827993, -0.024118209,  2.728030621,
Kurtosis,   6.500453097, -0.128016730, 26.828040904,
AutoCor,    0.263453061,  0.161371341,  0.191123436,
Markow Autoregressive (lag 1) bivariate joint 3 asset model cond. params
uProb.,   0.966203564,  0.033796436,
Prob (1),   0.966655295,  0.033344705,
Prob (2),   0.953289063,  0.046710937,
Mean,      0.000128908, -0.000656174, -0.000004485,
Cor (1),    1.000000000,  0.549554914,  0.110105120,
Cor (2),    0.549554914,  1.000000000, -0.762704053,
Cor (3),    0.110105120, -0.762704053,  1.000000000,
VCV (1),    0.000003035,  0.000006127,  0.000000308,
VCV (2),    0.000006127,  0.000040943, -0.000007845,
VCV (3),    0.000000308, -0.000007845,  0.000002584,
St.dev,     0.001742260,  0.006398662,  0.001607422,
Mean,      0.005960300,  0.008818181,  0.004956208,
Cor (1),    1.000000000,  0.680694965,  0.267149506,
Cor (2),    0.680694965,  1.000000000, -0.943044180,
Cor (3),    0.267149506, -0.943044180,  1.000000000,
VCV (1),    0.000021231,  0.000007358,  0.000011765,
VCV (2),    0.000007358,  0.000005503, -0.000021144,
VCV (3),    0.000011765, -0.000021144,  0.000091352,
St.dev,     0.004607709,  0.002345853,  0.009557821,
AutoCor,    0.331182610,  0.171963760,  0.215516275,

No.; 6; Score; 0.45214712890036;
Markow Autoregressive (lag 1) bivariate joint 3 asset model uncond. params
uMean,     -0.000060453,  0.000471830,  0.000635962,
VCV (1),    0.000004888,  0.000004480,  0.000001651,
VCV (2),    0.000004480,  0.000045475, -0.000006753,
VCV (3),    0.000001651, -0.000006753,  0.000005507,
Cor (1),    1.000000000,  0.300509624,  0.318220098,
Cor (2),    0.300509624,  1.000000000, -0.426748540,
Cor (3),    0.318220098, -0.426748540,  1.000000000,
St.dev,     0.002210921,  0.006743502,  0.002346670,
Skewness,  -1.325984784, -0.061995323, -0.298513818,
Kurtosis,   6.085474495,  0.278706469, 30.048729090,
AutoCor,    0.278409795,  0.416845544,  0.196543773,
Markow Autoregressive (lag 1) bivariate joint 3 asset model cond. params
uProb.,   0.942797579,  0.057202421,
Prob (1),   0.951012139,  0.048987861,
Prob (2),   0.807407038,  0.192592962,
Mean,      0.000157220,  0.000590964,  0.000654163,
Cor (1),    1.000000000,  0.333021234,  0.056755194,
Cor (2),    0.333021234,  1.000000000, -0.873066465,
Cor (3),    0.056755194, -0.873066465,  1.000000000,
VCV (1),    0.000002655,  0.000003176,  0.000000094,
VCV (2),    0.000003176,  0.000034252, -0.000005180,
VCV (3),    0.000000094, -0.000005180,  0.000001028,
St.dev,     0.001629432,  0.005852480,  0.001013842,
Mean,     -0.003648087, -0.001491712,  0.000335971,
Cor (1),    1.000000000,  0.218907323,  0.609859133,
Cor (2),    0.218907323,  1.000000000, -0.288786522,
Cor (3),    0.609859133, -0.288786522,  1.000000000,
VCV (1),    0.000021405,  0.000009501,  0.000024519,
VCV (2),    0.000009501,  0.000088007, -0.000023543,
VCV (3),    0.000024519, -0.000023543,  0.000075516,
St.dev,     0.004626504,  0.009381187,  0.008689986,
AutoCor,    0.304040883,  0.418258375,  0.196596315,

No.; 7; Score; 0.45968345890102;
Markow Autoregressive (lag 1) bivariate joint 3 asset model uncond. params
uMean,      0.000049258,  0.000057230, -0.000275666,
VCV (1),    0.000007535,  0.000005868, -0.000000521,
VCV (2),    0.000005868,  0.000025305,  0.000001517,
VCV (3),   -0.000000521,  0.000001517,  0.000010685,
Cor (1),    1.000000000,  0.424941943, -0.058086000,
Cor (2),    0.424941943,  1.000000000,  0.092257826,
Cor (3),   -0.058086000,  0.092257826,  1.000000000,
St.dev,     0.002744979,  0.005030441,  0.003268860,
Skewness,   0.587391509, -0.586603444, -3.396300554,
Kurtosis,  12.010742381,  9.930661748, 31.186516416,
AutoCor,    0.152225336,  0.725227229,  0.061817717,
Markow Autoregressive (lag 1) bivariate joint 3 asset model cond. params
uProb.,   0.963729830,  0.036270170,
Prob (1),   0.972186035,  0.027813965,
Prob (2),   0.739041136,  0.260958864,
Mean,     -0.000003720,  0.000183247, -0.000013085,
Cor (1),    1.000000000,  0.313622803,  0.721184332,
Cor (2),    0.313622803,  1.000000000,  0.417517412,
Cor (3),    0.721184332,  0.417517412,  1.000000000,
VCV (1),    0.000004452,  0.000001496,  0.000002954,
VCV (2),    0.000001496,  0.000005110,  0.000001832,
VCV (3),    0.000002954,  0.000001832,  0.000003768,
St.dev,     0.002109874,  0.002260583,  0.001941161,
Mean,      0.001456923, -0.003291142, -0.007252673,
Cor (1),    1.000000000,  0.885946415, -0.757879821,
Cor (2),    0.885946415,  1.000000000, -0.194799425,
Cor (3),   -0.757879821, -0.194799425,  1.000000000,
VCV (1),    0.000082690,  0.000108412, -0.000082644,
VCV (2),    0.000108412,  0.000181087, -0.000031435,
VCV (3),   -0.000082644, -0.000031435,  0.000143805,
St.dev,     0.009093406,  0.013456873,  0.011991863,
AutoCor,    0.151416448,  0.733571532,  0.026365117,

No.; 8; Score; 0.47494179444749;
Markow Autoregressive (lag 1) bivariate joint 3 asset model uncond. params
uMean,     -0.000524734,  0.000711570, -0.000580316,
VCV (1),    0.000013830,  0.000011368, -0.000001508,
VCV (2),    0.000011368,  0.000021071, -0.000002308,
VCV (3),   -0.000001508, -0.000002308,  0.000005048,
Cor (1),    1.000000000,  0.665959330, -0.180451458,
Cor (2),    0.665959330,  1.000000000, -0.223771792,
Cor (3),   -0.180451458, -0.223771792,  1.000000000,
St.dev,     0.003718838,  0.004590286,  0.002246751,
Skewness,  -2.392436936, -1.427665632,  2.130683419,
Kurtosis,  16.798725325,  6.218604909, 22.120931189,
AutoCor,    0.024442761,  0.019695623,  0.227184651,
Markow Autoregressive (lag 1) bivariate joint 3 asset model cond. params
uProb.,   0.941639156,  0.058360844,
Prob (1),   0.941986524,  0.058013476,
Prob (2),   0.936034458,  0.063965542,
Mean,     -0.000160811,  0.001215914, -0.000737690,
Cor (1),    1.000000000,  0.889556240, -0.715233166,
Cor (2),    0.889556240,  1.000000000, -0.349566115,
Cor (3),   -0.715233166, -0.349566115,  1.000000000,
VCV (1),    0.000005367,  0.000007311, -0.000001904,
VCV (2),    0.000007311,  0.000012585, -0.000001425,
VCV (3),   -0.000001904, -0.000001425,  0.000001320,
St.dev,     0.002316669,  0.003547475,  0.001149055,
Mean,     -0.006396540, -0.007425907,  0.001958878,
Cor (1),    1.000000000,  0.260770503,  0.266596956,
Cor (2),    0.260770503,  1.000000000,  0.080219103,
Cor (3),    0.266596956,  0.080219103,  1.000000000,
VCV (1),    0.000113605,  0.000026002,  0.000020787,
VCV (2),    0.000026002,  0.000087516,  0.000005490,
VCV (3),    0.000020787,  0.000005490,  0.000053516,
St.dev,     0.010658569,  0.009355012,  0.007315481,
AutoCor,    0.027821950,  0.023020073,  0.246203537,

No.; 9; Score; 0.47782158819953;
Markow Autoregressive (lag 1) bivariate joint 3 asset model uncond. params
uMean,      0.000760737,  0.001904924, -0.000505946,
VCV (1),    0.000009057,  0.000006955,  0.000003273,
VCV (2),    0.000006955,  0.000043346, -0.000001054,
VCV (3),    0.000003273, -0.000001054,  0.000005689,
Cor (1),    1.000000000,  0.351022964,  0.455961887,
Cor (2),    0.351022964,  1.000000000, -0.067152160,
Cor (3),    0.455961887, -0.067152160,  1.000000000,
St.dev,     0.003009535,  0.006583745,  0.002385102,
Skewness,   1.561499161, -0.454806969,  4.102691556,
Kurtosis,   5.353578232,  1.700660070, 29.464345715,
AutoCor,    0.208721641,  0.295237608,  0.237695903,
Markow Autoregressive (lag 1) bivariate joint 3 asset model cond. params
uProb.,   0.956926284,  0.043073716,
Prob (1),   0.955962250,  0.044037750,
Prob (2),   0.978343288,  0.021656712,
Mean,      0.000350687,  0.002260646, -0.000798725,
Cor (1),    1.000000000,  0.726789098,  0.757129223,
Cor (2),    0.726789098,  1.000000000, -0.080613897,
Cor (3),    0.757129223, -0.080613897,  1.000000000,
VCV (1),    0.000004220,  0.000008428,  0.000001568,
VCV (2),    0.000008428,  0.000031864, -0.000000459,
VCV (3),    0.000001568, -0.000000459,  0.000001017,
St.dev,     0.002054299,  0.005644860,  0.001008424,
Mean,      0.009870410, -0.005997799,  0.005998420,
Cor (1),    1.000000000,  0.513418222, -0.869015327,
Cor (2),    0.513418222,  1.000000000,  0.419119226,
Cor (3),   -0.869015327,  0.419119226,  1.000000000,
VCV (1),    0.000012798,  0.000021610, -0.000022704,
VCV (2),    0.000021610,  0.000138426,  0.000036011,
VCV (3),   -0.000022704,  0.000036011,  0.000053331,
St.dev,     0.003577488,  0.011765441,  0.007302824,
AutoCor,    0.370932200,  0.317265264,  0.368569408,

No.; 10; Score; 0.48005891971354;
Markow Autoregressive (lag 1) bivariate joint 3 asset model uncond. params
uMean,      0.001310258, -0.000726959,  0.000724050,
VCV (1),    0.000008551, -0.000001495, -0.000002263,
VCV (2),   -0.000001495,  0.000018956,  0.000001993,
VCV (3),   -0.000002263,  0.000001993,  0.000009200,
Cor (1),    1.000000000, -0.117461619, -0.255160474,
Cor (2),   -0.117461619,  1.000000000,  0.150931910,
Cor (3),   -0.255160474,  0.150931910,  1.000000000,
St.dev,     0.002924227,  0.004353837,  0.003033213,
Skewness,  -1.420798162,  1.386820200, -3.242851497,
Kurtosis,  14.743499427, 10.567135683, 24.979962365,
AutoCor,    0.186405641,  0.201621917,  0.272554899,
Markow Autoregressive (lag 1) bivariate joint 3 asset model cond. params
uProb.,   0.930748341,  0.069251659,
Prob (1),   0.957216031,  0.042783969,
Prob (2),   0.575020274,  0.424979726,
Mean,      0.001489586, -0.001045216,  0.001079903,
Cor (1),    1.000000000, -0.868919918, -0.637232518,
Cor (2),   -0.868919918,  1.000000000,  0.707187896,
Cor (3),   -0.637232518,  0.707187896,  1.000000000,
VCV (1),    0.000003144, -0.000004516, -0.000001333,
VCV (2),   -0.000004516,  0.000008590,  0.000002445,
VCV (3),   -0.000001333,  0.000002445,  0.000001392,
St.dev,     0.001773092,  0.002930877,  0.001179780,
Mean,     -0.001099931,  0.003550447, -0.004058657,
Cor (1),    1.000000000,  0.525195536, -0.327417864,
Cor (2),    0.525195536,  1.000000000,  0.149835049,
Cor (3),   -0.327417864,  0.149835049,  1.000000000,
VCV (1),    0.000071353,  0.000050518, -0.000025186,
VCV (2),    0.000050518,  0.000129670,  0.000015538,
VCV (3),   -0.000025186,  0.000015538,  0.000082929,
St.dev,     0.008447065,  0.011387275,  0.009106554,
AutoCor,    0.175982597,  0.187650682,  0.247669363,

No.; 11; Score; 0.48169050486755;
Markow Autoregressive (lag 1) bivariate joint 3 asset model uncond. params
uMean,      0.000115149,  0.001055493, -0.000718707,
VCV (1),    0.000023181,  0.000009113,  0.000009048,
VCV (2),    0.000009113,  0.000022483,  0.000001081,
VCV (3),    0.000009048,  0.000001081,  0.000005426,
Cor (1),    1.000000000,  0.399181936,  0.806789869,
Cor (2),    0.399181936,  1.000000000,  0.097907856,
Cor (3),    0.806789869,  0.097907856,  1.000000000,
St.dev,     0.004814668,  0.004741673,  0.002329350,
Skewness,   0.330163280, -0.415835108, -0.445292648,
Kurtosis,  12.203891999,  3.076004880, 25.312983642,
AutoCor,    0.256350925,  0.802712452,  0.056441233,
Markow Autoregressive (lag 1) bivariate joint 3 asset model cond. params
uProb.,   0.942089507,  0.057910493,
Prob (1),   0.951747511,  0.048252489,
Prob (2),   0.784972816,  0.215027184,
Mean,      0.000049630,  0.001283229, -0.000689129,
Cor (1),    1.000000000,  0.374266123,  0.885269732,
Cor (2),    0.374266123,  1.000000000, -0.784142403,
Cor (3),    0.885269732, -0.784142403,  1.000000000,
VCV (1),    0.000010213,  0.000002245,  0.000003468,
VCV (2),    0.000002245,  0.000003522, -0.000001804,
VCV (3),    0.000003468, -0.000001804,  0.000001502,
St.dev,     0.003195820,  0.001876747,  0.001225707,
Mean,      0.001181005, -0.002649308, -0.001199886,
Cor (1),    1.000000000,  0.811480726,  0.823379335,
Cor (2),    0.811480726,  1.000000000,  0.703321388,
Cor (3),    0.823379335,  0.703321388,  1.000000000,
VCV (1),    0.000206653,  0.000090732,  0.000098116,
VCV (2),    0.000090732,  0.000060496,  0.000045346,
VCV (3),    0.000098116,  0.000045346,  0.000068713,
St.dev,     0.014375446,  0.007777896,  0.008289349,
AutoCor,    0.256621590,  0.827507065,  0.056151060,

No.; 12; Score; 0.50778890700458;
Markow Autoregressive (lag 1) bivariate joint 3 asset model uncond. params
uMean,     -0.000264663,  0.000984058, -0.000196388,
VCV (1),    0.000024522,  0.000013431, -0.000003902,
VCV (2),    0.000013431,  0.000030772,  0.000001322,
VCV (3),   -0.000003902,  0.000001322,  0.000016893,
Cor (1),    1.000000000,  0.488941283, -0.191708621,
Cor (2),    0.488941283,  1.000000000,  0.057972106,
Cor (3),   -0.191708621,  0.057972106,  1.000000000,
St.dev,     0.004951999,  0.005547210,  0.004110124,
Skewness,  -1.553486193, -0.567341793,  3.475971584,
Kurtosis,   5.978555889,  3.770646903, 27.222642934,
AutoCor,    0.416189407,  0.758928585,  0.018931032,
Markow Autoregressive (lag 1) bivariate joint 3 asset model cond. params
uProb.,   0.934002044,  0.065997956,
Prob (1),   0.940329446,  0.059670554,
Prob (2),   0.844456743,  0.155543257,
Mean,      0.000438287,  0.001322640, -0.000681581,
Cor (1),    1.000000000,  0.264384869,  0.930551767,
Cor (2),    0.264384869,  1.000000000, -0.358987525,
Cor (3),    0.930551767, -0.358987525,  1.000000000,
VCV (1),    0.000008305,  0.000001675,  0.000004549,
VCV (2),    0.000001675,  0.000004832, -0.000001339,
VCV (3),    0.000004549, -0.000001339,  0.000002877,
St.dev,     0.002881902,  0.002198118,  0.001696290,
Mean,     -0.010212791, -0.003807556,  0.006670069,
Cor (1),    1.000000000,  0.778496031, -0.470751609,
Cor (2),    0.778496031,  1.000000000,  0.597585763,
Cor (3),   -0.470751609,  0.597585763,  1.000000000,
VCV (1),    0.000069472,  0.000062763, -0.000050365,
VCV (2),    0.000062763,  0.000093560,  0.000074195,
VCV (3),   -0.000050365,  0.000074195,  0.000164764,
St.dev,     0.008334960,  0.009672616,  0.012836029,
AutoCor,    0.543974827,  0.795832301,  0.000029370,

No.; 13; Score; 0.52297926248145;
Markow Autoregressive (lag 1) bivariate joint 3 asset model uncond. params
uMean,      0.001052308, -0.000200170, -0.000000698,
VCV (1),    0.000029230,  0.000024277,  0.000005720,
VCV (2),    0.000024277,  0.000036079,  0.000005230,
VCV (3),    0.000005720,  0.000005230,  0.000002393,
Cor (1),    1.000000000,  0.747586394,  0.683981999,
Cor (2),    0.747586394,  1.000000000,  0.562940119,
Cor (3),    0.683981999,  0.562940119,  1.000000000,
St.dev,     0.005406508,  0.006006544,  0.001546826,
Skewness,   0.077314334,  0.005070181, -3.841954998,
Kurtosis,  13.036852963,  0.065365286, 29.899585755,
AutoCor,    0.043482244,  0.198421077,  0.222803785,
Markow Autoregressive (lag 1) bivariate joint 3 asset model cond. params
uProb.,   0.972591275,  0.027408725,
Prob (1),   0.987228052,  0.012771948,
Prob (2),   0.453209169,  0.546790831,
Mean,      0.001041085, -0.000188658,  0.000144735,
Cor (1),    1.000000000,  0.988090085,  0.802706023,
Cor (2),    0.988090085,  1.000000000,  0.926560626,
Cor (3),    0.802706023,  0.926560626,  1.000000000,
VCV (1),    0.000018956,  0.000025644,  0.000003422,
VCV (2),    0.000025644,  0.000035533,  0.000005407,
VCV (3),    0.000003422,  0.000005407,  0.000000959,
St.dev,     0.004353884,  0.005960993,  0.000979035,
Mean,      0.001450575, -0.000608673, -0.005161332,
Cor (1),    1.000000000, -0.861410812,  0.886957698,
Cor (2),   -0.861410812,  1.000000000, -0.664273297,
Cor (3),    0.886957698, -0.664273297,  1.000000000,
VCV (1),    0.000391629, -0.000031689,  0.000088657,
VCV (2),   -0.000031689,  0.000003456, -0.000006237,
VCV (3),    0.000088657, -0.000006237,  0.000025512,
St.dev,     0.019789620,  0.001858929,  0.005050932,
AutoCor,    0.043407218,  0.198377327,  0.080566493,

No.; 14; Score; 0.52846990499518;
Markow Autoregressive (lag 1) bivariate joint 3 asset model uncond. params
uMean,      0.000809378,  0.001093032,  0.000797710,
VCV (1),    0.000024324, -0.000001292, -0.000002914,
VCV (2),   -0.000001292,  0.000060352, -0.000010323,
VCV (3),   -0.000002914, -0.000010323,  0.000007599,
Cor (1),    1.000000000, -0.033713603, -0.214311733,
Cor (2),   -0.033713603,  1.000000000, -0.482026200,
Cor (3),   -0.214311733, -0.482026200,  1.000000000,
St.dev,     0.004931913,  0.007768639,  0.002756572,
Skewness,  -0.808817649, -1.358881679,  4.010122563,
Kurtosis,   2.579360091,  9.374919990, 21.686753250,
AutoCor,    0.043830263,  0.010515932, -0.006379302,
Markow Autoregressive (lag 1) bivariate joint 3 asset model cond. params
uProb.,   0.926614695,  0.073385305,
Prob (1),   0.922376559,  0.077623441,
Prob (2),   0.980128396,  0.019871604,
Mean,      0.001355144,  0.001708641,  0.000274341,
Cor (1),    1.000000000,  0.160683560,  0.078648267,
Cor (2),    0.160683560,  1.000000000, -0.435245415,
Cor (3),    0.078648267, -0.435245415,  1.000000000,
VCV (1),    0.000016943,  0.000003604,  0.000000317,
VCV (2),    0.000003604,  0.000029699, -0.000002323,
VCV (3),    0.000000317, -0.000002323,  0.000000959,
St.dev,     0.004116182,  0.005449653,  0.000979268,
Mean,     -0.006081844, -0.006680076,  0.007406144,
Cor (1),    1.000000000, -0.765867579,  0.100936962,
Cor (2),   -0.765867579,  1.000000000, -0.429634307,
Cor (3),    0.100936962, -0.429634307,  1.000000000,
VCV (1),    0.000065178, -0.000120845,  0.000005420,
VCV (2),   -0.000120845,  0.000381989, -0.000055846,
VCV (3),    0.000005420, -0.000055846,  0.000044231,
St.dev,     0.008073276,  0.019544530,  0.006650651,
AutoCor,    0.062409935,  0.016394906,  0.036538140,

No.; 15; Score; 0.5503506188289;
Markow Autoregressive (lag 1) bivariate joint 3 asset model uncond. params
uMean,      0.000034658, -0.000662247,  0.000233340,
VCV (1),    0.000013583, -0.000004555, -0.000008283,
VCV (2),   -0.000004555,  0.000044423,  0.000003348,
VCV (3),   -0.000008283,  0.000003348,  0.000014546,
Cor (1),    1.000000000, -0.185431255, -0.589297909,
Cor (2),   -0.185431255,  1.000000000,  0.131716201,
Cor (3),   -0.589297909,  0.131716201,  1.000000000,
St.dev,     0.003685516,  0.006665040,  0.003813946,
Skewness,  -1.927282297,  0.047056938,  4.415154445,
Kurtosis,   6.955100757,  0.054586047, 27.654312557,
AutoCor,    0.198069195,  0.322870306,  0.119021100,
Markow Autoregressive (lag 1) bivariate joint 3 asset model cond. params
uProb.,   0.937216002,  0.062783998,
Prob (1),   0.941224464,  0.058775536,
Prob (2),   0.877379177,  0.122620823,
Mean,      0.000662822, -0.000959235, -0.000398632,
Cor (1),    1.000000000, -0.192351402, -0.813934932,
Cor (2),   -0.192351402,  1.000000000, -0.489670160,
Cor (3),   -0.813934932, -0.489670160,  1.000000000,
VCV (1),    0.000005408, -0.000002749, -0.000002381,
VCV (2),   -0.000002749,  0.000037756, -0.000003784,
VCV (3),   -0.000002381, -0.000003784,  0.000001582,
St.dev,     0.002325494,  0.006144587,  0.001257704,
Mean,     -0.009342350,  0.003771089,  0.009667180,
Cor (1),    1.000000000,  0.408047837, -0.004024738,
Cor (2),    0.408047837,  1.000000000,  0.893476555,
Cor (3),   -0.004024738,  0.893476555,  1.000000000,
VCV (1),    0.000030710,  0.000015642, -0.000000234,
VCV (2),    0.000015642,  0.000047848,  0.000064741,
VCV (3),   -0.000000234,  0.000064741,  0.000109729,
St.dev,     0.005541640,  0.006917229,  0.010475171,
AutoCor,    0.300844224,  0.330782072,  0.157341695,

No.; 16; Score; 0.56695437969109;
Markow Autoregressive (lag 1) bivariate joint 3 asset model uncond. params
uMean,      0.000181604,  0.000408713, -0.000176254,
VCV (1),    0.000010039,  0.000001126, -0.000001653,
VCV (2),    0.000001126,  0.000006686, -0.000000850,
VCV (3),   -0.000001653, -0.000000850,  0.000014617,
Cor (1),    1.000000000,  0.137403498, -0.136438036,
Cor (2),    0.137403498,  1.000000000, -0.085999511,
Cor (3),   -0.136438036, -0.085999511,  1.000000000,
St.dev,     0.003168406,  0.002585759,  0.003823213,
Skewness,  -0.806779382, -0.167054335, -3.671293076,
Kurtosis,   7.052624318,  6.305993798, 22.650539099,
AutoCor,    0.216595083,  0.653575251,  0.297137973,
Markow Autoregressive (lag 1) bivariate joint 3 asset model cond. params
uProb.,   0.949846427,  0.050153573,
Prob (1),   0.966764109,  0.033235891,
Prob (2),   0.629446529,  0.370553471,
Mean,      0.000317462,  0.000433767,  0.000357449,
Cor (1),    1.000000000,  0.103366698, -0.693975682,
Cor (2),    0.103366698,  1.000000000, -0.871525290,
Cor (3),   -0.693975682, -0.871525290,  1.000000000,
VCV (1),    0.000006088,  0.000000368, -0.000003247,
VCV (2),    0.000000368,  0.000002085, -0.000002387,
VCV (3),   -0.000003247, -0.000002387,  0.000003597,
St.dev,     0.002467293,  0.001444119,  0.001896577,
Mean,     -0.002391377, -0.000065780, -0.010283927,
Cor (1),    1.000000000,  0.223372301,  0.055611906,
Cor (2),    0.223372301,  1.000000000,  0.444048815,
Cor (3),    0.055611906,  0.444048815,  1.000000000,
VCV (1),    0.000069199,  0.000011247,  0.000004672,
VCV (2),    0.000011247,  0.000036637,  0.000027144,
VCV (3),    0.000004672,  0.000027144,  0.000101993,
St.dev,     0.008318565,  0.006052852,  0.010099158,
AutoCor,    0.212239758,  0.654138559,  0.273635709,

No.; 17; Score; 0.58475987368962;
Markow Autoregressive (lag 1) bivariate joint 3 asset model uncond. params
uMean,     -0.000957684,  0.000395717,  0.000548659,
VCV (1),    0.000028498, -0.000006611, -0.000001607,
VCV (2),   -0.000006611,  0.000045253,  0.000002394,
VCV (3),   -0.000001607,  0.000002394,  0.000002084,
Cor (1),    1.000000000, -0.184104648, -0.208560281,
Cor (2),   -0.184104648,  1.000000000,  0.246527181,
Cor (3),   -0.208560281,  0.246527181,  1.000000000,
St.dev,     0.005338395,  0.006727039,  0.001443626,
Skewness,  -0.076282812,  0.413049677, -1.991876562,
Kurtosis,   4.288569019,  2.361577354, 19.088285091,
AutoCor,    0.411951487,  0.442131980,  0.077833642,
Markow Autoregressive (lag 1) bivariate joint 3 asset model cond. params
uProb.,   0.964658470,  0.035341530,
Prob (1),   0.989777538,  0.010222462,
Prob (2),   0.279025406,  0.720974594,
Mean,     -0.000935767,  0.000170907,  0.000629901,
Cor (1),    1.000000000, -0.274393001, -0.329997516,
Cor (2),   -0.274393001,  1.000000000,  0.109226004,
Cor (3),   -0.329997516,  0.109226004,  1.000000000,
VCV (1),    0.000017971, -0.000006381, -0.000001441,
VCV (2),   -0.000006381,  0.000030088,  0.000000617,
VCV (3),   -0.000001441,  0.000000617,  0.000001061,
St.dev,     0.004239251,  0.005485262,  0.001029810,
Mean,     -0.001555925,  0.006531994, -0.001668843,
Cor (1),    1.000000000,  0.129311067, -0.107674648,
Cor (2),    0.129311067,  1.000000000,  0.944039484,
Cor (3),   -0.107674648,  0.944039484,  1.000000000,
VCV (1),    0.000178780,  0.000023622, -0.000007185,
VCV (2),    0.000023622,  0.000186662,  0.000064370,
VCV (3),   -0.000007185,  0.000064370,  0.000024907,
St.dev,     0.013370881,  0.013662432,  0.004990723,
AutoCor,    0.411813948,  0.433685855,  0.017945220,

No.; 18; Score; 0.61122940557612;
Markow Autoregressive (lag 1) bivariate joint 3 asset model uncond. params
uMean,      0.001098613,  0.000430006, -0.000409295,
VCV (1),    0.000024208,  0.000013923,  0.000002188,
VCV (2),    0.000013923,  0.000014858, -0.000001646,
VCV (3),    0.000002188, -0.000001646,  0.000008339,
Cor (1),    1.000000000,  0.734136612,  0.153960645,
Cor (2),    0.734136612,  1.000000000, -0.147870009,
Cor (3),    0.153960645, -0.147870009,  1.000000000,
St.dev,     0.004920161,  0.003854634,  0.002887767,
Skewness,  -0.098088069, -0.854634046,  3.955300248,
Kurtosis,   0.988482812,  3.321484520, 28.159120585,
AutoCor,    0.393226575,  0.289325315,  0.219079284,
Markow Autoregressive (lag 1) bivariate joint 3 asset model cond. params
uProb.,   0.969133136,  0.030866864,
Prob (1),   0.970120796,  0.029879204,
Prob (2),   0.938123384,  0.061876616,
Mean,      0.001150328,  0.000717712, -0.000729245,
Cor (1),    1.000000000,  0.768033679,  0.630014604,
Cor (2),    0.768033679,  1.000000000,  0.339764168,
Cor (3),    0.630014604,  0.339764168,  1.000000000,
VCV (1),    0.000018010,  0.000010227,  0.000004167,
VCV (2),    0.000010227,  0.000009846,  0.000001662,
VCV (3),    0.000004167,  0.000001662,  0.000002429,
St.dev,     0.004243868,  0.003137798,  0.001558668,
Mean,     -0.000525122, -0.008603184,  0.009636240,
Cor (1),    1.000000000,  0.894113324, -0.669114074,
Cor (2),    0.894113324,  1.000000000, -0.306129097,
Cor (3),   -0.669114074, -0.306129097,  1.000000000,
VCV (1),    0.000094451,  0.000055688, -0.000054783,
VCV (2),    0.000055688,  0.000041071, -0.000016528,
VCV (3),   -0.000054783, -0.000016528,  0.000070972,
St.dev,     0.009718574,  0.006408686,  0.008424485,
AutoCor,    0.394483973,  0.343877594,  0.336402029,

No.; 19; Score; 0.61364379554561;
Markow Autoregressive (lag 1) bivariate joint 3 asset model uncond. params
uMean,     -0.000366885,  0.001195763,  0.000108232,
VCV (1),    0.000008593, -0.000006071, -0.000001571,
VCV (2),   -0.000006071,  0.000019827, -0.000006369,
VCV (3),   -0.000001571, -0.000006369,  0.000010560,
Cor (1),    1.000000000, -0.465127035, -0.164923979,
Cor (2),   -0.465127035,  1.000000000, -0.440139317,
Cor (3),   -0.164923979, -0.440139317,  1.000000000,
St.dev,     0.002931346,  0.004452768,  0.003249676,
Skewness,   0.621101066, -0.647027866, -2.989066726,
Kurtosis,   1.638182540,  8.536288202, 24.055792141,
AutoCor,    0.171733186,  0.733181203,  0.075069688,
Markow Autoregressive (lag 1) bivariate joint 3 asset model cond. params
uProb.,   0.939406073,  0.060593927,
Prob (1),   0.950719716,  0.049280284,
Prob (2),   0.764007220,  0.235992780,
Mean,     -0.000685296,  0.001373083,  0.000439872,
Cor (1),    1.000000000, -0.952377889, -0.567834434,
Cor (2),   -0.952377889,  1.000000000, -0.592574174,
Cor (3),   -0.567834434, -0.592574174,  1.000000000,
VCV (1),    0.000006259, -0.000003753, -0.000002340,
VCV (2),   -0.000003753,  0.000002481, -0.000001538,
VCV (3),   -0.000002340, -0.000001538,  0.000002715,
St.dev,     0.002501730,  0.001574980,  0.001647575,
Mean,      0.004569542, -0.001553286, -0.005033276,
Cor (1),    1.000000000, -0.420129883,  0.930654575,
Cor (2),   -0.420129883,  1.000000000, -0.887244694,
Cor (3),    0.930654575, -0.887244694,  1.000000000,
VCV (1),    0.000015554, -0.000016786,  0.000037366,
VCV (2),   -0.000016786,  0.000102634, -0.000091506,
VCV (3),    0.000037366, -0.000091506,  0.000103638,
St.dev,     0.003943900,  0.010130851,  0.010180274,
AutoCor,    0.168379708,  0.746955100,  0.053572291,

No.; 20; Score; 0.61939551505323;
Markow Autoregressive (lag 1) bivariate joint 3 asset model uncond. params
uMean,      0.000286158, -0.000262350, -0.000814435,
VCV (1),    0.000012973,  0.000005571,  0.000001657,
VCV (2),    0.000005571,  0.000029105,  0.000003682,
VCV (3),    0.000001657,  0.000003682,  0.000007991,
Cor (1),    1.000000000,  0.286696381,  0.162699550,
Cor (2),    0.286696381,  1.000000000,  0.241434127,
Cor (3),    0.162699550,  0.241434127,  1.000000000,
St.dev,     0.003601770,  0.005394908,  0.002826808,
Skewness,   1.475877658,  0.147446781,  3.031421835,
Kurtosis,   8.403999192,  0.367264481, 22.971291968,
AutoCor,    0.407797694,  0.748553676,  0.280620882,
Markow Autoregressive (lag 1) bivariate joint 3 asset model cond. params
uProb.,   0.976485662,  0.023514338,
Prob (1),   0.984776126,  0.015223874,
Prob (2),   0.632205552,  0.367794448,
Mean,      0.000048578, -0.000450402, -0.001036627,
Cor (1),    1.000000000,  0.400105175, -0.381177912,
Cor (2),    0.400105175,  1.000000000,  0.392218454,
Cor (3),   -0.381177912,  0.392218454,  1.000000000,
VCV (1),    0.000007284,  0.000003559, -0.000002002,
VCV (2),    0.000003559,  0.000010864,  0.000002516,
VCV (3),   -0.000002002,  0.000002516,  0.000003787,
St.dev,     0.002698918,  0.003296079,  0.001945987,
Mean,      0.010152217,  0.007546913,  0.008412613,
Cor (1),    1.000000000, -0.923768869,  0.846584081,
Cor (2),   -0.923768869,  1.000000000, -0.807658367,
Cor (3),    0.846584081, -0.807658367,  1.000000000,
VCV (1),    0.000069795, -0.000040867,  0.000062804,
VCV (2),   -0.000040867,  0.000028041, -0.000037978,
VCV (3),    0.000062804, -0.000037978,  0.000078852,
St.dev,     0.008354332,  0.005295351,  0.008879865,
AutoCor,    0.419977033,  0.769595376,  0.255790316,

No.; 21; Score; 0.62186901933049;
Markow Autoregressive (lag 1) bivariate joint 3 asset model uncond. params
uMean,      0.000624757,  0.000843748, -0.000964135,
VCV (1),    0.000042156,  0.000005288, -0.000005391,
VCV (2),    0.000005288,  0.000007600,  0.000003377,
VCV (3),   -0.000005391,  0.000003377,  0.000006618,
Cor (1),    1.000000000,  0.295455099, -0.322737971,
Cor (2),    0.295455099,  1.000000000,  0.476214669,
Cor (3),   -0.322737971,  0.476214669,  1.000000000,
St.dev,     0.006492739,  0.002756765,  0.002572539,
Skewness,  -0.805023098, -1.174644913, -2.286952583,
Kurtosis,   3.920495838,  3.317619074, 31.401772596,
AutoCor,    0.337161104,  0.662511880,  0.124985484,
Markow Autoregressive (lag 1) bivariate joint 3 asset model cond. params
uProb.,   0.956661103,  0.043338897,
Prob (1),   0.976871428,  0.023128572,
Prob (2),   0.510539187,  0.489460813,
Mean,      0.001021088,  0.001205648, -0.000827627,
Cor (1),    1.000000000,  0.310702572, -0.618410303,
Cor (2),    0.310702572,  1.000000000,  0.898996234,
Cor (3),   -0.618410303,  0.898996234,  1.000000000,
VCV (1),    0.000027656,  0.000002159, -0.000004583,
VCV (2),    0.000002159,  0.000001746,  0.000001674,
VCV (3),   -0.000004583,  0.000001674,  0.000001986,
St.dev,     0.005258879,  0.001321294,  0.001409188,
Mean,     -0.008123827, -0.007144822, -0.003977409,
Cor (1),    1.000000000, -0.435572534, -0.337364575,
Cor (2),   -0.435572534,  1.000000000,  0.625436819,
Cor (3),   -0.337364575,  0.625436819,  1.000000000,
VCV (1),    0.000187590, -0.000011171, -0.000045713,
VCV (2),   -0.000011171,  0.000003506,  0.000011586,
VCV (3),   -0.000045713,  0.000011586,  0.000097876,
St.dev,     0.013696342,  0.001872504,  0.009893232,
AutoCor,    0.325584510,  0.782963302,  0.102363146,

No.; 22; Score; 0.62641349464259;
Markow Autoregressive (lag 1) bivariate joint 3 asset model uncond. params
uMean,      0.000460860,  0.000044772,  0.000521938,
VCV (1),    0.000021573,  0.000002215, -0.000002627,
VCV (2),    0.000002215,  0.000079699, -0.000005200,
VCV (3),   -0.000002627, -0.000005200,  0.000006810,
Cor (1),    1.000000000,  0.053408730, -0.216723844,
Cor (2),    0.053408730,  1.000000000, -0.223198006,
Cor (3),   -0.216723844, -0.223198006,  1.000000000,
St.dev,     0.004644705,  0.008927434,  0.002609680,
Skewness,   1.391096601,  0.041161988,  3.208483194,
Kurtosis,   9.556929581,  0.032176758, 21.391366098,
AutoCor,    0.204012728,  0.066784709,  0.213109678,
Markow Autoregressive (lag 1) bivariate joint 3 asset model cond. params
uProb.,   0.931773141,  0.068226859,
Prob (1),   0.932446429,  0.067553571,
Prob (2),   0.922578068,  0.077421932,
Mean,      0.000098925, -0.000470530,  0.000181889,
Cor (1),    1.000000000, -0.166918571, -0.424623162,
Cor (2),   -0.166918571,  1.000000000, -0.355422494,
Cor (3),   -0.424623162, -0.355422494,  1.000000000,
VCV (1),    0.000009970, -0.000004578, -0.000001490,
VCV (2),   -0.000004578,  0.000075438, -0.000003430,
VCV (3),   -0.000001490, -0.000003430,  0.000001235,
St.dev,     0.003157534,  0.008685525,  0.001111157,
Mean,      0.005403800,  0.007082232,  0.005165976,
Cor (1),    1.000000000,  0.548446738, -0.448527585,
Cor (2),    0.548446738,  1.000000000, -0.951769880,
Cor (3),   -0.448527585, -0.951769880,  1.000000000,
VCV (1),    0.000139581,  0.000057719, -0.000038953,
VCV (2),    0.000057719,  0.000079350, -0.000062323,
VCV (3),   -0.000038953, -0.000062323,  0.000054036,
St.dev,     0.011814456,  0.008907874,  0.007350942,
AutoCor,    0.221568543,  0.069497933,  0.274463938,

