Round No; 10; best result RLS; 5.1363315865339

;;;
No.; 1; Score; 5.1363315865339;
Markow Autoregressive (lag 1) bivariate joint 3 asset model uncond. params
uMean,      0.000272146,  0.000199502, -0.000178885,
VCV (1),    0.000013475,  0.000002130, -0.000001068,
VCV (2),    0.000002130,  0.000027584, -0.000000190,
VCV (3),   -0.000001068, -0.000000190,  0.000001263,
Cor (1),    1.000000000,  0.110478131, -0.258804633,
Cor (2),    0.110478131,  1.000000000, -0.032220415,
Cor (3),   -0.258804633, -0.032220415,  1.000000000,
St.dev,     0.003670874,  0.005252078,  0.001123902,
Skewness,  -0.380838239,  0.019151637,  2.514938811,
Kurtosis,   2.442520486,  0.040742479, 21.355565430,
AutoCor,    0.470214043,  0.676833756,  0.047102164,
Markow Autoregressive (lag 1) bivariate joint 3 asset model cond. params
uProb.,   0.995092652,  0.004907348,
Prob (1),   0.995108151,  0.004891849,
Prob (2),   0.991949708,  0.008050292,
Mean,      0.000324336,  0.000167194, -0.000221482,
Cor (1),    1.000000000,  0.119672632, -0.223502227,
Cor (2),    0.119672632,  1.000000000, -0.124740575,
Cor (3),   -0.223502227, -0.124740575,  1.000000000,
VCV (1),    0.000009408,  0.000001401, -0.000000642,
VCV (2),    0.000001401,  0.000014569, -0.000000446,
VCV (3),   -0.000000642, -0.000000446,  0.000000876,
St.dev,     0.003067263,  0.003816872,  0.000935777,
Mean,     -0.010310700,  0.006750723,  0.008458676,
Cor (1),    1.000000000,  0.986343231,  0.430031502,
Cor (2),    0.986343231,  1.000000000, -0.094372416,
Cor (3),    0.430031502, -0.094372416,  1.000000000,
VCV (1),    0.000092928,  0.000051212,  0.000008378,
VCV (2),    0.000051212,  0.000029009, -0.000001027,
VCV (3),    0.000008378, -0.000001027,  0.000004084,
St.dev,     0.009639912,  0.005386037,  0.002020952,
AutoCor,    0.490175559,  0.682042841,  0.065162691,

No.; 2; Score; 6.8960791623477;
Markow Autoregressive (lag 1) bivariate joint 3 asset model uncond. params
uMean,      0.000159520,  0.000317642,  0.000002599,
VCV (1),    0.000014286, -0.000012626, -0.000000460,
VCV (2),   -0.000012626,  0.000027858, -0.000003959,
VCV (3),   -0.000000460, -0.000003959,  0.000002022,
Cor (1),    1.000000000, -0.632919286, -0.085592376,
Cor (2),   -0.632919286,  1.000000000, -0.527482146,
Cor (3),   -0.085592376, -0.527482146,  1.000000000,
St.dev,     0.003779702,  0.005278074,  0.001421904,
Skewness,  -0.000633199,  0.001265127, -0.001374107,
Kurtosis,  -0.000328574,  0.082052144, 26.161701040,
AutoCor,    0.428890697,  0.133215577,  0.162281080,
Markow Autoregressive (lag 1) bivariate joint 3 asset model cond. params
uProb.,   0.999490830,  0.000509170,
Prob (1),   0.999677750,  0.000322250,
Prob (2),   0.632569218,  0.367430782,
Mean,      0.000162409,  0.000317338,  0.000002604,
Cor (1),    1.000000000, -0.668089799, -0.092739197,
Cor (2),   -0.668089799,  1.000000000, -0.533118728,
Cor (3),   -0.092739197, -0.533118728,  1.000000000,
VCV (1),    0.000011647, -0.000011905, -0.000000429,
VCV (2),   -0.000011905,  0.000027260, -0.000003771,
VCV (3),   -0.000000429, -0.000003771,  0.000001835,
St.dev,     0.003412804,  0.005221150,  0.001354678,
Mean,     -0.005511124,  0.000914714, -0.000007175,
Cor (1),    1.000000000, -0.271261504,  0.027664949,
Cor (2),   -0.271261504,  1.000000000, -0.832008249,
Cor (3),    0.027664949, -0.832008249,  1.000000000,
VCV (1),    0.000005333, -0.000009496,  0.000001038,
VCV (2),   -0.000009496,  0.000229776, -0.000204865,
VCV (3),    0.000001038, -0.000204865,  0.000263860,
St.dev,     0.002309370,  0.015158363,  0.016243769,
AutoCor,    0.428961622,  0.133214052,  0.162281075,

No.; 3; Score; 8.0488277383936;
Markow Autoregressive (lag 1) bivariate joint 3 asset model uncond. params
uMean,      0.000326447,  0.000206755, -0.000068295,
VCV (1),    0.000011089,  0.000012639,  0.000000540,
VCV (2),    0.000012639,  0.000027616,  0.000004814,
VCV (3),    0.000000540,  0.000004814,  0.000002069,
Cor (1),    1.000000000,  0.722236289,  0.112742928,
Cor (2),    0.722236289,  1.000000000,  0.636817003,
Cor (3),    0.112742928,  0.636817003,  1.000000000,
St.dev,     0.003330088,  0.005255064,  0.001438482,
Skewness,  -0.740474361, -0.011956486,  0.893561378,
Kurtosis,   7.519038068,  0.020664080, 16.951987352,
AutoCor,    0.572476280,  0.271411912,  0.379092276,
Markow Autoregressive (lag 1) bivariate joint 3 asset model cond. params
uProb.,   0.965396314,  0.034603686,
Prob (1),   0.972659832,  0.027340168,
Prob (2),   0.762753934,  0.237246066,
Mean,      0.000436840,  0.000162611, -0.000103586,
Cor (1),    1.000000000,  0.993776836,  0.432627215,
Cor (2),    0.993776836,  1.000000000,  0.876975424,
Cor (3),    0.432627215,  0.876975424,  1.000000000,
VCV (1),    0.000004438,  0.000010676,  0.000000853,
VCV (2),    0.000010676,  0.000026009,  0.000004185,
VCV (3),    0.000000853,  0.000004185,  0.000000876,
St.dev,     0.002106588,  0.005099881,  0.000935719,
Mean,     -0.002753367,  0.001438328,  0.000916281,
Cor (1),    1.000000000,  0.407677384, -0.201956205,
Cor (2),    0.407677384,  1.000000000,  0.384451789,
Cor (3),   -0.201956205,  0.384451789,  1.000000000,
VCV (1),    0.000080912,  0.000012782, -0.000009225,
VCV (2),    0.000012782,  0.000012150,  0.000006805,
VCV (3),   -0.000009225,  0.000006805,  0.000025788,
St.dev,     0.008995134,  0.003485687,  0.005078190,
AutoCor,    0.583943809,  0.271533238,  0.381981797,

No.; 4; Score; 8.3756648656759;
Markow Autoregressive (lag 1) bivariate joint 3 asset model uncond. params
uMean,      0.000120049,  0.000329084,  0.000170450,
VCV (1),    0.000014442,  0.000002991, -0.000000902,
VCV (2),    0.000002991,  0.000026476,  0.000004280,
VCV (3),   -0.000000902,  0.000004280,  0.000001770,
Cor (1),    1.000000000,  0.152939929, -0.178333758,
Cor (2),    0.152939929,  1.000000000,  0.625163756,
Cor (3),   -0.178333758,  0.625163756,  1.000000000,
St.dev,     0.003800285,  0.005145450,  0.001330556,
Skewness,  -0.005600897, -1.537088496, -1.894431892,
Kurtosis,   0.007117275,  9.474356905, 13.416682238,
AutoCor,    0.168394366,  0.238191660,  0.299052071,
Markow Autoregressive (lag 1) bivariate joint 3 asset model cond. params
uProb.,   0.962598117,  0.037401883,
Prob (1),   0.973717343,  0.026282657,
Prob (2),   0.676426789,  0.323573211,
Mean,      0.000152411,  0.000690958,  0.000264873,
Cor (1),    1.000000000,  0.234900635, -0.285394232,
Cor (2),    0.234900635,  1.000000000,  0.522944834,
Cor (3),   -0.285394232,  0.522944834,  1.000000000,
VCV (1),    0.000013894,  0.000003455, -0.000000997,
VCV (2),    0.000003455,  0.000015573,  0.000001934,
VCV (3),   -0.000000997,  0.000001934,  0.000000879,
St.dev,     0.003727490,  0.003946327,  0.000937349,
Mean,     -0.000712837, -0.008984324, -0.002259696,
Cor (1),    1.000000000, -0.354488752,  0.048522637,
Cor (2),   -0.354488752,  1.000000000,  0.665726734,
Cor (3),    0.048522637,  0.665726734,  1.000000000,
VCV (1),    0.000016927, -0.000019804,  0.000000770,
VCV (2),   -0.000019804,  0.000184393,  0.000034889,
VCV (3),    0.000000770,  0.000034889,  0.000014895,
St.dev,     0.004114232,  0.013579128,  0.003859416,
AutoCor,    0.168153354,  0.229571168,  0.299314385,

No.; 5; Score; 9.106274445484;
Markow Autoregressive (lag 1) bivariate joint 3 asset model uncond. params
uMean,      0.000245683, -0.000016197,  0.000088179,
VCV (1),    0.000013662, -0.000004528,  0.000001054,
VCV (2),   -0.000004528,  0.000027487, -0.000000980,
VCV (3),    0.000001054, -0.000000980,  0.000001429,
Cor (1),    1.000000000, -0.233645035,  0.238608999,
Cor (2),   -0.233645035,  1.000000000, -0.156441341,
Cor (3),    0.238608999, -0.156441341,  1.000000000,
St.dev,     0.003696186,  0.005242794,  0.001195302,
Skewness,  -0.049891735, -0.010045672, -1.556519671,
Kurtosis,   0.031336769,  0.017494701,  9.893219712,
AutoCor,    0.656130153,  0.257050511,  0.270594171,
Markow Autoregressive (lag 1) bivariate joint 3 asset model cond. params
uProb.,   0.977027453,  0.022972547,
Prob (1),   0.977963009,  0.022036991,
Prob (2),   0.937238084,  0.062761916,
Mean,      0.000377091, -0.000048455,  0.000159043,
Cor (1),    1.000000000, -0.273983886,  0.262930352,
Cor (2),   -0.273983886,  1.000000000, -0.161333591,
Cor (3),    0.262930352, -0.161333591,  1.000000000,
VCV (1),    0.000006840, -0.000003653,  0.000000643,
VCV (2),   -0.000003653,  0.000025990, -0.000000769,
VCV (3),    0.000000643, -0.000000769,  0.000000874,
St.dev,     0.002615381,  0.005097999,  0.000934905,
Mean,     -0.005343135,  0.001355729, -0.002925671,
Cor (1),    1.000000000, -0.038189759, -0.852794954,
Cor (2),   -0.038189759,  1.000000000, -0.257382551,
Cor (3),   -0.852794954, -0.257382551,  1.000000000,
VCV (1),    0.000003050, -0.000000212, -0.000004851,
VCV (2),   -0.000000212,  0.000010094, -0.000002663,
VCV (3),   -0.000004851, -0.000002663,  0.000010607,
St.dev,     0.001746556,  0.003177177,  0.003256879,
AutoCor,    0.691091894,  0.257399367,  0.310994812,

No.; 6; Score; 9.7371920932347;
Markow Autoregressive (lag 1) bivariate joint 3 asset model uncond. params
uMean,      0.000372343,  0.000097962,  0.000220218,
VCV (1),    0.000013970, -0.000011973, -0.000001123,
VCV (2),   -0.000011973,  0.000027409,  0.000001447,
VCV (3),   -0.000001123,  0.000001447,  0.000001330,
Cor (1),    1.000000000, -0.611891173, -0.260484089,
Cor (2),   -0.611891173,  1.000000000,  0.239719128,
Cor (3),   -0.260484089,  0.239719128,  1.000000000,
St.dev,     0.003737644,  0.005235363,  0.001153076,
Skewness,   0.003350752, -0.064976396, -1.555119282,
Kurtosis,  -0.002302260,  0.132509615,  7.871442677,
AutoCor,    0.636103176,  0.065829464,  0.087935472,
Markow Autoregressive (lag 1) bivariate joint 3 asset model cond. params
uProb.,   0.976785620,  0.023214380,
Prob (1),   0.976709271,  0.023290729,
Prob (2),   0.979998164,  0.020001836,
Mean,      0.000417859,  0.000216429,  0.000310635,
Cor (1),    1.000000000, -0.835011953, -0.420711247,
Cor (2),   -0.835011953,  1.000000000,  0.201525914,
Cor (3),   -0.420711247,  0.201525914,  1.000000000,
VCV (1),    0.000008253, -0.000012294, -0.000001130,
VCV (2),   -0.000012294,  0.000026266,  0.000000966,
VCV (3),   -0.000001130,  0.000000966,  0.000000874,
St.dev,     0.002872841,  0.005124989,  0.000935146,
Mean,     -0.001542805, -0.004886763, -0.003584214,
Cor (1),    1.000000000,  0.899642166, -0.740977152,
Cor (2),    0.899642166,  1.000000000,  0.128721347,
Cor (3),   -0.740977152,  0.128721347,  1.000000000,
VCV (1),    0.000005716,  0.000014404, -0.000003982,
VCV (2),    0.000014404,  0.000044846,  0.000001937,
VCV (3),   -0.000003982,  0.000001937,  0.000005051,
St.dev,     0.002390843,  0.006696726,  0.002247517,
AutoCor,    0.640117869,  0.067351410,  0.119773599,

No.; 7; Score; 10.802678337131;
Markow Autoregressive (lag 1) bivariate joint 3 asset model uncond. params
uMean,      0.000327765,  0.000185266, -0.000257620,
VCV (1),    0.000010491, -0.000004158, -0.000000504,
VCV (2),   -0.000004158,  0.000028506,  0.000001789,
VCV (3),   -0.000000504,  0.000001789,  0.000002298,
Cor (1),    1.000000000, -0.240469330, -0.102643566,
Cor (2),   -0.240469330,  1.000000000,  0.221041414,
Cor (3),   -0.102643566,  0.221041414,  1.000000000,
St.dev,     0.003238964,  0.005339105,  0.001515790,
Skewness,  -1.901653354, -0.046800325, -2.776633939,
Kurtosis,   9.982720305,  0.031005483, 12.513512980,
AutoCor,    0.213600832,  0.348557906,  0.206488271,
Markow Autoregressive (lag 1) bivariate joint 3 asset model cond. params
uProb.,   0.968004225,  0.031995775,
Prob (1),   0.976187746,  0.023812254,
Prob (2),   0.720418949,  0.279581051,
Mean,      0.000632639,  0.000409472, -0.000048742,
Cor (1),    1.000000000, -0.490929392, -0.923904073,
Cor (2),   -0.490929392,  1.000000000,  0.071796616,
Cor (3),   -0.923904073,  0.071796616,  1.000000000,
VCV (1),    0.000005963, -0.000005841, -0.000002109,
VCV (2),   -0.000005841,  0.000023743,  0.000000327,
VCV (3),   -0.000002109,  0.000000327,  0.000000874,
St.dev,     0.002441890,  0.004872707,  0.000935031,
Mean,     -0.008895904, -0.006597897, -0.006577023,
Cor (1),    1.000000000, -0.135370575, -0.756783890,
Cor (2),   -0.135370575,  1.000000000,  0.139698103,
Cor (3),   -0.756783890,  0.139698103,  1.000000000,
VCV (1),    0.000050171, -0.000004235, -0.000010037,
VCV (2),   -0.000004235,  0.000019503,  0.000001155,
VCV (3),   -0.000010037,  0.000001155,  0.000003506,
St.dev,     0.007083174,  0.004416213,  0.001872445,
AutoCor,    0.198158602,  0.353787295,  0.139950971,

No.; 8; Score; 10.952898527645;
Markow Autoregressive (lag 1) bivariate joint 3 asset model uncond. params
uMean,      0.000152165,  0.000142614,  0.000009800,
VCV (1),    0.000014135,  0.000012022,  0.000000602,
VCV (2),    0.000012022,  0.000025315,  0.000002273,
VCV (3),    0.000000602,  0.000002273,  0.000001340,
Cor (1),    1.000000000,  0.635522879,  0.138264050,
Cor (2),    0.635522879,  1.000000000,  0.390295664,
Cor (3),    0.138264050,  0.390295664,  1.000000000,
St.dev,     0.003759661,  0.005031429,  0.001157474,
Skewness,  -0.081544575,  0.137840394,  0.797913419,
Kurtosis,   0.566708024,  0.390573453,  5.815565695,
AutoCor,    0.788025993,  0.419972975,  0.167964865,
Markow Autoregressive (lag 1) bivariate joint 3 asset model cond. params
uProb.,   0.949888670,  0.050111330,
Prob (1),   0.962887982,  0.037112018,
Prob (2),   0.703479341,  0.296520659,
Mean,      0.000222088, -0.000032484, -0.000045377,
Cor (1),    1.000000000,  0.892844130,  0.629009341,
Cor (2),    0.892844130,  1.000000000,  0.248838562,
Cor (3),    0.629009341,  0.248838562,  1.000000000,
VCV (1),    0.000004357,  0.000008078,  0.000001227,
VCV (2),    0.000008078,  0.000018787,  0.000001008,
VCV (3),    0.000001227,  0.000001008,  0.000000874,
St.dev,     0.002087265,  0.004334361,  0.000934943,
Mean,     -0.001173272,  0.003461679,  0.001055719,
Cor (1),    1.000000000,  0.286320778, -0.851595917,
Cor (2),    0.286320778,  1.000000000,  0.976506030,
Cor (3),   -0.851595917,  0.976506030,  1.000000000,
VCV (1),    0.000022081,  0.000009403, -0.000011548,
VCV (2),    0.000009403,  0.000048843,  0.000019694,
VCV (3),   -0.000011548,  0.000019694,  0.000008327,
St.dev,     0.004699086,  0.006988781,  0.002885736,
AutoCor,    0.791514841,  0.423745633,  0.163848502,

No.; 9; Score; 11.423933942972;
Markow Autoregressive (lag 1) bivariate joint 3 asset model uncond. params
uMean,      0.000422289,  0.000263395, -0.000085500,
VCV (1),    0.000013521,  0.000009238,  0.000001323,
VCV (2),    0.000009238,  0.000027564, -0.000002671,
VCV (3),    0.000001323, -0.000002671,  0.000001270,
Cor (1),    1.000000000,  0.478521723,  0.319306292,
Cor (2),    0.478521723,  1.000000000, -0.451574237,
Cor (3),    0.319306292, -0.451574237,  1.000000000,
St.dev,     0.003677131,  0.005250183,  0.001126774,
Skewness,  -1.557021494, -0.055583230, -0.097232088,
Kurtosis,   6.476062931, -0.073369099,  2.522614821,
AutoCor,    0.520301354,  0.162732842,  0.204477065,
Markow Autoregressive (lag 1) bivariate joint 3 asset model cond. params
uProb.,   0.917569593,  0.082430407,
Prob (1),   0.954159760,  0.045840240,
Prob (2),   0.510268136,  0.489731864,
Mean,      0.000934321,  0.000857531, -0.000073522,
Cor (1),    1.000000000,  0.684224424,  0.714179524,
Cor (2),    0.684224424,  1.000000000, -0.510874272,
Cor (3),    0.714179524, -0.510874272,  1.000000000,
VCV (1),    0.000004328,  0.000006987,  0.000001389,
VCV (2),    0.000006987,  0.000024099, -0.000002345,
VCV (3),    0.000001389, -0.000002345,  0.000000874,
St.dev,     0.002080271,  0.004909081,  0.000935057,
Mean,     -0.005277359, -0.006350198, -0.000218835,
Cor (1),    1.000000000, -0.449935704, -0.131511121,
Cor (2),   -0.449935704,  1.000000000, -0.756840399,
Cor (3),   -0.131511121, -0.756840399,  1.000000000,
VCV (1),    0.000042763, -0.000011247, -0.000001925,
VCV (2),   -0.000011247,  0.000014612, -0.000006475,
VCV (3),   -0.000001925, -0.000006475,  0.000005009,
St.dev,     0.006539370,  0.003822595,  0.002238103,
AutoCor,    0.541332783,  0.115989633,  0.204175516,

No.; 10; Score; 11.684638317329;
Markow Autoregressive (lag 1) bivariate joint 3 asset model uncond. params
uMean,      0.000448812,  0.000245583,  0.000059551,
VCV (1),    0.000014178,  0.000004794, -0.000000745,
VCV (2),    0.000004794,  0.000027996, -0.000000877,
VCV (3),   -0.000000745, -0.000000877,  0.000001325,
Cor (1),    1.000000000,  0.240633001, -0.171896805,
Cor (2),    0.240633001,  1.000000000, -0.143941585,
Cor (3),   -0.171896805, -0.143941585,  1.000000000,
St.dev,     0.003765306,  0.005291123,  0.001151123,
Skewness,  -1.362538594,  0.120423716,  0.668122687,
Kurtosis,   4.937668845,  0.171533173,  2.470656928,
AutoCor,    0.404129983,  0.072574272,  0.053121746,
Markow Autoregressive (lag 1) bivariate joint 3 asset model cond. params
uProb.,   0.888364862,  0.111635138,
Prob (1),   0.887818666,  0.112181334,
Prob (2),   0.892711354,  0.107288646,
Mean,      0.001053909,  0.000516675, -0.000054888,
Cor (1),    1.000000000,  0.246015008,  0.329351918,
Cor (2),    0.246015008,  1.000000000, -0.215905191,
Cor (3),    0.329351918, -0.215905191,  1.000000000,
VCV (1),    0.000004144,  0.000002751,  0.000000627,
VCV (2),    0.000002751,  0.000030187, -0.000001109,
VCV (3),    0.000000627, -0.000001109,  0.000000874,
St.dev,     0.002035580,  0.005494266,  0.000934930,
Mean,     -0.004366404, -0.001911699,  0.000970224,
Cor (1),    1.000000000,  0.635347023, -0.520545968,
Cor (2),    0.635347023,  1.000000000,  0.810850197,
Cor (3),   -0.520545968,  0.810850197,  1.000000000,
VCV (1),    0.000041688,  0.000008173, -0.000006674,
VCV (2),    0.000008173,  0.000003969,  0.000003208,
VCV (3),   -0.000006674,  0.000003208,  0.000003944,
St.dev,     0.006456643,  0.001992274,  0.001985833,
AutoCor,    0.509933780,  0.074227042,  0.058073993,

No.; 11; Score; 11.719588598545;
Markow Autoregressive (lag 1) bivariate joint 3 asset model uncond. params
uMean,      0.000258831,  0.000324464, -0.000117160,
VCV (1),    0.000008567,  0.000000186, -0.000000556,
VCV (2),    0.000000186,  0.000028613, -0.000002153,
VCV (3),   -0.000000556, -0.000002153,  0.000002639,
Cor (1),    1.000000000,  0.011872776, -0.116899145,
Cor (2),    0.011872776,  1.000000000, -0.247793947,
Cor (3),   -0.116899145, -0.247793947,  1.000000000,
St.dev,     0.002926992,  0.005349083,  0.001624417,
Skewness,  -2.427512955,  0.210771215,  0.219879040,
Kurtosis,   9.199451986,  0.482408830, 16.767619318,
AutoCor,    0.151179461,  0.297087174,  0.264460269,
Markow Autoregressive (lag 1) bivariate joint 3 asset model cond. params
uProb.,   0.952668235,  0.047331765,
Prob (1),   0.962674856,  0.037325144,
Prob (2),   0.751260378,  0.248739622,
Mean,      0.000753975,  0.000026532, -0.000128425,
Cor (1),    1.000000000,  0.392067526, -0.753993290,
Cor (2),    0.392067526,  1.000000000, -0.471174396,
Cor (3),   -0.753993290, -0.471174396,  1.000000000,
VCV (1),    0.000003143,  0.000003345, -0.000001394,
VCV (2),    0.000003345,  0.000023163, -0.000002365,
VCV (3),   -0.000001394, -0.000002365,  0.000001087,
St.dev,     0.001772793,  0.004812811,  0.001042771,
Mean,     -0.009707171,  0.006321081,  0.000109565,
Cor (1),    1.000000000, -0.082003776,  0.951661012,
Cor (2),   -0.082003776,  1.000000000,  0.116341122,
Cor (3),    0.951661012,  0.116341122,  1.000000000,
VCV (1),    0.000013123, -0.000002071,  0.000018855,
VCV (2),   -0.000002071,  0.000048589,  0.000004435,
VCV (3),    0.000018855,  0.000004435,  0.000029913,
St.dev,     0.003622625,  0.006970569,  0.005469262,
AutoCor,    0.069356352,  0.302792869,  0.264511660,

No.; 12; Score; 12.042748101442;
Markow Autoregressive (lag 1) bivariate joint 3 asset model uncond. params
uMean,      0.000232582,  0.000273798, -0.000263988,
VCV (1),    0.000013834,  0.000015061, -0.000000654,
VCV (2),    0.000015061,  0.000027493, -0.000002349,
VCV (3),   -0.000000654, -0.000002349,  0.000001466,
Cor (1),    1.000000000,  0.772304534, -0.145189327,
Cor (2),    0.772304534,  1.000000000, -0.370120306,
Cor (3),   -0.145189327, -0.370120306,  1.000000000,
St.dev,     0.003719373,  0.005243348,  0.001210641,
Skewness,  -1.851420200, -1.612496380,  0.492790980,
Kurtosis,   8.103955994,  7.167203624,  1.849924643,
AutoCor,    0.459959825,  0.062976839,  0.414062270,
Markow Autoregressive (lag 1) bivariate joint 3 asset model cond. params
uProb.,   0.931773367,  0.068226633,
Prob (1),   0.932144171,  0.067855829,
Prob (2),   0.926709280,  0.073290720,
Mean,      0.000773151,  0.000914510, -0.000346252,
Cor (1),    1.000000000,  0.820535162, -0.698541993,
Cor (2),    0.820535162,  1.000000000, -0.932063219,
Cor (3),   -0.698541993, -0.932063219,  1.000000000,
VCV (1),    0.000002696,  0.000005154, -0.000001073,
VCV (2),    0.000005154,  0.000014631, -0.000003335,
VCV (3),   -0.000001073, -0.000003335,  0.000000875,
St.dev,     0.001642023,  0.003825102,  0.000935331,
Mean,     -0.007149979, -0.008476424,  0.000859491,
Cor (1),    1.000000000,  0.976285772,  0.995618487,
Cor (2),    0.976285772,  1.000000000,  0.998681606,
Cor (3),    0.995618487,  0.998681606,  1.000000000,
VCV (1),    0.000047567,  0.000073461,  0.000014165,
VCV (2),    0.000073461,  0.000119030,  0.000022476,
VCV (3),    0.000014165,  0.000022476,  0.000004255,
St.dev,     0.006896891,  0.010910064,  0.002062832,
AutoCor,    0.644244740,  0.077716700,  0.441563850,

No.; 13; Score; 12.84561829029;
Markow Autoregressive (lag 1) bivariate joint 3 asset model uncond. params
uMean,      0.000099322,  0.000172131,  0.000001577,
VCV (1),    0.000013916, -0.000005319, -0.000000956,
VCV (2),   -0.000005319,  0.000027628, -0.000002846,
VCV (3),   -0.000000956, -0.000002846,  0.000001154,
Cor (1),    1.000000000, -0.271272527, -0.238522126,
Cor (2),   -0.271272527,  1.000000000, -0.504081169,
Cor (3),   -0.238522126, -0.504081169,  1.000000000,
St.dev,     0.003730476,  0.005256258,  0.001074278,
Skewness,  -0.141981941,  0.083225178, -0.001226303,
Kurtosis,   2.814699080,  0.698057812,  0.434716667,
AutoCor,    0.530073342,  0.199767921,  0.097931733,
Markow Autoregressive (lag 1) bivariate joint 3 asset model cond. params
uProb.,   0.727085812,  0.272914188,
Prob (1),   0.757441541,  0.242558459,
Prob (2),   0.646213431,  0.353786569,
Mean,      0.000215859,  0.000356621,  0.000002284,
Cor (1),    1.000000000, -0.295699237, -0.839824882,
Cor (2),   -0.295699237,  1.000000000, -0.660429609,
Cor (3),   -0.839824882, -0.660429609,  1.000000000,
VCV (1),    0.000002306, -0.000002642, -0.000001192,
VCV (2),   -0.000002642,  0.000034614, -0.000003633,
VCV (3),   -0.000001192, -0.000003633,  0.000000874,
St.dev,     0.001518579,  0.005883387,  0.000934961,
Mean,     -0.000211152, -0.000319382, -0.000000306,
Cor (1),    1.000000000, -0.889785161, -0.019215878,
Cor (2),   -0.889785161,  1.000000000, -0.186469259,
Cor (3),   -0.019215878, -0.186469259,  1.000000000,
VCV (1),    0.000030366, -0.000010568, -0.000000144,
VCV (2),   -0.000010568,  0.000004646, -0.000000548,
VCV (3),   -0.000000144, -0.000000548,  0.000001859,
St.dev,     0.005510571,  0.002155403,  0.001363548,
AutoCor,    0.531165151,  0.200059477,  0.097931717,

No.; 14; Score; 13.124434733314;
Markow Autoregressive (lag 1) bivariate joint 3 asset model uncond. params
uMean,      0.000301877,  0.000010520,  0.000145241,
VCV (1),    0.000013731, -0.000006578, -0.000001598,
VCV (2),   -0.000006578,  0.000027724, -0.000000794,
VCV (3),   -0.000001598, -0.000000794,  0.000001395,
Cor (1),    1.000000000, -0.337160133, -0.365069641,
Cor (2),   -0.337160133,  1.000000000, -0.127625707,
Cor (3),   -0.365069641, -0.127625707,  1.000000000,
St.dev,     0.003705584,  0.005265385,  0.001181153,
Skewness,  -2.066554686,  1.760493954, -0.060983381,
Kurtosis,   9.186352849,  4.659262163,  0.526944162,
AutoCor,    0.291667638,  0.299808250,  0.484700422,
Markow Autoregressive (lag 1) bivariate joint 3 asset model cond. params
uProb.,   0.879856168,  0.120143832,
Prob (1),   0.924168218,  0.075831782,
Prob (2),   0.555343207,  0.444656793,
Mean,      0.000947320, -0.001336426,  0.000167133,
Cor (1),    1.000000000, -0.777237808, -0.399773918,
Cor (2),   -0.777237808,  1.000000000, -0.260689684,
Cor (3),   -0.399773918, -0.260689684,  1.000000000,
VCV (1),    0.000003542, -0.000004357, -0.000000704,
VCV (2),   -0.000004357,  0.000008871, -0.000000726,
VCV (3),   -0.000000704, -0.000000726,  0.000000874,
St.dev,     0.001882048,  0.002978480,  0.000935090,
Mean,     -0.004424929,  0.009874682, -0.000015082,
Cor (1),    1.000000000,  0.578083852, -0.607704253,
Cor (2),    0.578083852,  1.000000000,  0.097078038,
Cor (3),   -0.607704253,  0.097078038,  1.000000000,
VCV (1),    0.000056495,  0.000030258, -0.000007157,
VCV (2),    0.000030258,  0.000048493,  0.000001059,
VCV (3),   -0.000007157,  0.000001059,  0.000002455,
St.dev,     0.007516283,  0.006963695,  0.001566809,
AutoCor,    0.269627591,  0.236295024,  0.484992672,

