Round No; 3; best result RLS; 9.3977997201422

;;;
Statistical description of data for: Meginajums1
Calib/Tail/Per/Cur, 784, 9999, 23, 0,
Title,    INDEX WITH EQUAL WEIGHTS based on market value,EQUITY LM SNP,REX BOND     ,
Mean,       0.000158634,  0.000175148,  0.000011824,
VCV (1),    0.000022943, -0.000000281, -0.000000006,
VCV (2),   -0.000000281,  0.000027803, -0.000000034,
VCV (3),   -0.000000006, -0.000000034,  0.000000099,
St.dev,     0.004789897,  0.005272874,  0.000315163,
Skewness,  -1.581739356, -0.533728382, -0.333150084,
Kurtosis,  24.552038003,  6.345066446, 26.810331499,
AutoCor,   -0.072787598,  0.126724186, -0.366572783,
No.; 1; Score; 9.3977997201422;
Markow Autoregressive (lag 1) bivariate joint 3 asset model uncond. params
uMean,     -0.003529442,  0.001091681, -0.000339085,
VCV (1),    0.000022515,  0.000017837, -0.000000305,
VCV (2),    0.000017837,  0.000040394, -0.000000493,
VCV (3),   -0.000000305, -0.000000493,  0.000000119,
Cor (1),    1.000000000,  0.591451388, -0.186883663,
Cor (2),    0.591451388,  1.000000000, -0.225372463,
Cor (3),   -0.186883663, -0.225372463,  1.000000000,
St.dev,     0.004744960,  0.006355638,  0.000344511,
Skewness,  -0.111765211, -0.297488118,  0.023525083,
Kurtosis,  -0.029075304, -0.234486446, -0.252875432,
AutoCor,   -0.289518189, -0.159205906,  0.055606403,
Markow Autoregressive (lag 1) bivariate joint 3 asset model cond. params
uProb.,   0.648476230,  0.351523770,
Prob (1),   0.755298989,  0.244701011,
Prob (2),   0.451414109,  0.548585891,
Mean,     -0.001961896,  0.004246427, -0.000487524,
Cor (1),    1.000000000,  0.739488840,  0.431654498,
Cor (2),    0.739488840,  1.000000000,  0.752402470,
Cor (3),    0.431654498,  0.752402470,  1.000000000,
VCV (1),    0.000013870,  0.000010326,  0.000000462,
VCV (2),    0.000010326,  0.000014058,  0.000000811,
VCV (3),    0.000000462,  0.000000811,  0.000000083,
St.dev,     0.003724278,  0.003749380,  0.000287473,
Mean,     -0.006421186, -0.004728061, -0.000065250,
Cor (1),    1.000000000, -0.011458301, -0.494116715,
Cor (2),   -0.011458301,  1.000000000, -0.435451821,
Cor (3),   -0.494116715, -0.435451821,  1.000000000,
VCV (1),    0.000015703, -0.000000193, -0.000000512,
VCV (2),   -0.000000193,  0.000018126, -0.000000485,
VCV (3),   -0.000000512, -0.000000485,  0.000000068,
St.dev,     0.003962722,  0.004257463,  0.000261429,
AutoCor,   -0.439107019, -0.545070049, -0.073712610,

No.; 2; Score; 23.312621693541;
Markow Autoregressive (lag 1) bivariate joint 3 asset model uncond. params
uMean,      0.000143295,  0.000066288, -0.000005480,
VCV (1),    0.000032899, -0.000011622, -0.000000508,
VCV (2),   -0.000011622,  0.000031380,  0.000000720,
VCV (3),   -0.000000508,  0.000000720,  0.000000122,
Cor (1),    1.000000000, -0.361704516, -0.253605436,
Cor (2),   -0.361704516,  1.000000000,  0.367947101,
Cor (3),   -0.253605436,  0.367947101,  1.000000000,
St.dev,     0.005735728,  0.005601789,  0.000349167,
Skewness,   0.339619758,  0.179756491,  0.211277071,
Kurtosis,  -0.021726303, -0.059595229,  0.145908404,
AutoCor,   -0.234175883, -0.082092875,  0.280306128,
Markow Autoregressive (lag 1) bivariate joint 3 asset model cond. params
uProb.,   0.553841211,  0.446158789,
Prob (1),   0.564534020,  0.435465980,
Prob (2),   0.540567644,  0.459432356,
Mean,      0.002721538, -0.002455066,  0.000085520,
Cor (1),    1.000000000,  0.017613840, -0.727379035,
Cor (2),    0.017613840,  1.000000000,  0.559453251,
Cor (3),   -0.727379035,  0.559453251,  1.000000000,
VCV (1),    0.000029305,  0.000000430, -0.000001411,
VCV (2),    0.000000430,  0.000020310,  0.000000904,
VCV (3),   -0.000001411,  0.000000904,  0.000000128,
St.dev,     0.005413414,  0.004506673,  0.000358431,
Mean,     -0.003057218,  0.003196183, -0.000118442,
Cor (1),    1.000000000, -0.436679456, -0.226286569,
Cor (2),   -0.436679456,  1.000000000,  0.900526004,
Cor (3),   -0.226286569,  0.900526004,  1.000000000,
VCV (1),    0.000013186, -0.000008194, -0.000000214,
VCV (2),   -0.000008194,  0.000026704,  0.000001210,
VCV (3),   -0.000000214,  0.000001210,  0.000000068,
St.dev,     0.003631298,  0.005167620,  0.000260057,
AutoCor,   -0.320601160, -0.117726299,  0.303909471,

No.; 3; Score; 28.886850764186;
Markow Autoregressive (lag 1) bivariate joint 3 asset model uncond. params
uMean,      0.000104168,  0.000235780,  0.000014934,
VCV (1),    0.000058684,  0.000004591, -0.000000365,
VCV (2),    0.000004591,  0.000069570,  0.000000038,
VCV (3),   -0.000000365,  0.000000038,  0.000000112,
Cor (1),    1.000000000,  0.071846551, -0.142680749,
Cor (2),    0.071846551,  1.000000000,  0.013781218,
Cor (3),   -0.142680749,  0.013781218,  1.000000000,
St.dev,     0.007660523,  0.008340858,  0.000334092,
Skewness,  -0.395929850,  0.013802358, -0.125790885,
Kurtosis,  -0.268237660, -0.065042401,  0.088568282,
AutoCor,    0.148902737,  0.397816867, -0.122327433,
Markow Autoregressive (lag 1) bivariate joint 3 asset model cond. params
uProb.,   0.423173511,  0.576826489,
Prob (1),   0.226009756,  0.773990244,
Prob (2),   0.567817490,  0.432182510,
Mean,      0.005667107,  0.004382035, -0.000083002,
Cor (1),    1.000000000, -0.197400431,  0.234694757,
Cor (2),   -0.197400431,  1.000000000, -0.392900264,
Cor (3),    0.234694757, -0.392900264,  1.000000000,
VCV (1),    0.000009888, -0.000003840,  0.000000260,
VCV (2),   -0.000003840,  0.000038276, -0.000000857,
VCV (3),    0.000000260, -0.000000857,  0.000000124,
St.dev,     0.003144539,  0.006186726,  0.000352654,
Mean,     -0.003976935, -0.002806011,  0.000086781,
Cor (1),    1.000000000, -0.320393848, -0.066656932,
Cor (2),   -0.320393848,  1.000000000,  0.668841623,
Cor (3),   -0.066656932,  0.668841623,  1.000000000,
VCV (1),    0.000042008, -0.000013055, -0.000000128,
VCV (2),   -0.000013055,  0.000039522,  0.000001247,
VCV (3),   -0.000000128,  0.000001247,  0.000000088,
St.dev,     0.006481368,  0.006286619,  0.000296596,
AutoCor,    0.458528929,  0.561590107, -0.107560266,

No.; 4; Score; 42.655945262652;
Markow Autoregressive (lag 1) bivariate joint 3 asset model uncond. params
uMean,      0.001558571, -0.000542158,  0.000393756,
VCV (1),    0.000033021,  0.000001607,  0.000000171,
VCV (2),    0.000001607,  0.000078196,  0.000000654,
VCV (3),    0.000000171,  0.000000654,  0.000000068,
Cor (1),    1.000000000,  0.031617470,  0.114203952,
Cor (2),    0.031617470,  1.000000000,  0.284438026,
Cor (3),    0.114203952,  0.284438026,  1.000000000,
St.dev,     0.005746370,  0.008842831,  0.000260166,
Skewness,  -0.445195060,  0.180495539,  0.041323365,
Kurtosis,   0.529089116,  0.351247433,  0.021610957,
AutoCor,    0.339890564,  0.759254338,  0.016617474,
Markow Autoregressive (lag 1) bivariate joint 3 asset model cond. params
uProb.,   0.451461129,  0.548538871,
Prob (1),   0.531749280,  0.468250720,
Prob (2),   0.385381985,  0.614618015,
Mean,      0.003690089,  0.001655819,  0.000440636,
Cor (1),    1.000000000,  0.868150949,  0.169593951,
Cor (2),    0.868150949,  1.000000000,  0.523886845,
Cor (3),    0.169593951,  0.523886845,  1.000000000,
VCV (1),    0.000009387,  0.000018482,  0.000000139,
VCV (2),    0.000018482,  0.000048281,  0.000000977,
VCV (3),    0.000000139,  0.000000977,  0.000000072,
St.dev,     0.003063854,  0.006948441,  0.000268372,
Mean,     -0.000195722, -0.002351148,  0.000355172,
Cor (1),    1.000000000, -0.893391895,  0.029906722,
Cor (2),   -0.893391895,  1.000000000,  0.277487632,
Cor (3),    0.029906722,  0.277487632,  1.000000000,
VCV (1),    0.000038559, -0.000018127,  0.000000046,
VCV (2),   -0.000018127,  0.000010677,  0.000000224,
VCV (3),    0.000000046,  0.000000224,  0.000000061,
St.dev,     0.006209565,  0.003267641,  0.000246575,
AutoCor,    0.364603918,  0.792088154,  0.013054968,

No.; 5; Score; 42.747346588702;
Markow Autoregressive (lag 1) bivariate joint 3 asset model uncond. params
uMean,      0.000147228,  0.000153207,  0.000039984,
VCV (1),    0.000049332,  0.000020803,  0.000000191,
VCV (2),    0.000020803,  0.000090025, -0.000001913,
VCV (3),    0.000000191, -0.000001913,  0.000000191,
Cor (1),    1.000000000,  0.312165175,  0.062091982,
Cor (2),    0.312165175,  1.000000000, -0.460793303,
Cor (3),    0.062091982, -0.460793303,  1.000000000,
St.dev,     0.007023654,  0.009488169,  0.000437438,
Skewness,   0.034558431,  0.371706094, -0.237929043,
Kurtosis,   0.019818967, -0.683451427, -0.772042647,
AutoCor,    0.493336393,  0.264618876, -0.077081907,
Markow Autoregressive (lag 1) bivariate joint 3 asset model cond. params
uProb.,   0.572612395,  0.427387605,
Prob (1),   0.614476330,  0.385523670,
Prob (2),   0.516523245,  0.483476755,
Mean,     -0.000762669,  0.006329823, -0.000251960,
Cor (1),    1.000000000,  0.960016301,  0.054611164,
Cor (2),    0.960016301,  1.000000000,  0.448144955,
Cor (3),    0.054611164,  0.448144955,  1.000000000,
VCV (1),    0.000032948,  0.000037589,  0.000000097,
VCV (2),    0.000037589,  0.000046531,  0.000000941,
VCV (3),    0.000000097,  0.000000941,  0.000000095,
St.dev,     0.005740005,  0.006821383,  0.000307853,
Mean,      0.001366304, -0.008122201,  0.000431129,
Cor (1),    1.000000000, -0.010113662, -0.503080283,
Cor (2),   -0.010113662,  1.000000000,  0.218830613,
Cor (3),   -0.503080283,  0.218830613,  1.000000000,
VCV (1),    0.000040205, -0.000000175, -0.000000581,
VCV (2),   -0.000000175,  0.000007414,  0.000000109,
VCV (3),   -0.000000581,  0.000000109,  0.000000033,
St.dev,     0.006340738,  0.002722860,  0.000182109,
AutoCor,    0.502431157,  0.483551365, -0.336123657,

No.; 6; Score; 48.163723565729;
Markow Autoregressive (lag 1) bivariate joint 3 asset model uncond. params
uMean,      0.005058653, -0.004123307, -0.000201219,
VCV (1),    0.000066227, -0.000009564, -0.000002795,
VCV (2),   -0.000009564,  0.000095694,  0.000000693,
VCV (3),   -0.000002795,  0.000000693,  0.000000310,
Cor (1),    1.000000000, -0.120142276, -0.616999952,
Cor (2),   -0.120142276,  1.000000000,  0.127224911,
Cor (3),   -0.616999952,  0.127224911,  1.000000000,
St.dev,     0.008137994,  0.009782355,  0.000556683,
Skewness,   0.150096589, -0.037043894,  0.239845562,
Kurtosis,  -0.509588699,  0.025960956, -0.598579475,
AutoCor,   -0.009968254,  0.801038895,  0.010828128,
Markow Autoregressive (lag 1) bivariate joint 3 asset model cond. params
uProb.,   0.607957488,  0.392042512,
Prob (1),   0.670668879,  0.329331121,
Prob (2),   0.510708189,  0.489291811,
Mean,      0.009525906, -0.005430121, -0.000544370,
Cor (1),    1.000000000,  0.281676340, -0.173863080,
Cor (2),    0.281676340,  1.000000000,  0.419980595,
Cor (3),   -0.173863080,  0.419980595,  1.000000000,
VCV (1),    0.000041913,  0.000010936, -0.000000386,
VCV (2),    0.000010936,  0.000035962,  0.000000864,
VCV (3),   -0.000000386,  0.000000864,  0.000000118,
St.dev,     0.006474025,  0.005996852,  0.000343173,
Mean,     -0.001868912, -0.002096773,  0.000330920,
Cor (1),    1.000000000, -0.819661426, -0.253101090,
Cor (2),   -0.819661426,  1.000000000, -0.796486978,
Cor (3),   -0.253101090, -0.796486978,  1.000000000,
VCV (1),    0.000022717, -0.000018433, -0.000000433,
VCV (2),   -0.000018433,  0.000022261, -0.000001348,
VCV (3),   -0.000000433, -0.000001348,  0.000000129,
St.dev,     0.004766281,  0.004718196,  0.000358702,
AutoCor,   -0.159028894,  0.819285420, -0.203107141,

No.; 7; Score; 57.97805196484;
Markow Autoregressive (lag 1) bivariate joint 3 asset model uncond. params
uMean,      0.000153100,  0.000189021,  0.000021173,
VCV (1),    0.000068391, -0.000008508, -0.000000894,
VCV (2),   -0.000008508,  0.000097216,  0.000000029,
VCV (3),   -0.000000894,  0.000000029,  0.000000368,
Cor (1),    1.000000000, -0.104345499, -0.178290983,
Cor (2),   -0.104345499,  1.000000000,  0.004836663,
Cor (3),   -0.178290983,  0.004836663,  1.000000000,
St.dev,     0.008269887,  0.009859801,  0.000606434,
Skewness,   0.284128939, -0.050918208,  0.187133152,
Kurtosis,   1.083456729,  0.012220758, -0.156041397,
AutoCor,   -0.641748805,  0.432919392,  0.024577474,
Markow Autoregressive (lag 1) bivariate joint 3 asset model cond. params
uProb.,   0.628063434,  0.371936566,
Prob (1),   0.536677360,  0.463322640,
Prob (2),   0.782380748,  0.217619252,
Mean,     -0.000965944,  0.002174855, -0.000254836,
Cor (1),    1.000000000,  0.795752598, -0.629066446,
Cor (2),    0.795752598,  1.000000000,  0.284616460,
Cor (3),   -0.629066446,  0.284616460,  1.000000000,
VCV (1),    0.000006883,  0.000016867, -0.000000774,
VCV (2),    0.000016867,  0.000065274,  0.000001078,
VCV (3),   -0.000000774,  0.000001078,  0.000000220,
St.dev,     0.002623631,  0.008079221,  0.000468789,
Mean,      0.002042753, -0.003164320,  0.000487249,
Cor (1),    1.000000000, -0.545284896, -0.611425024,
Cor (2),   -0.545284896,  1.000000000,  0.121629460,
Cor (3),   -0.611425024,  0.121629460,  1.000000000,
VCV (1),    0.000090264, -0.000045309, -0.000002923,
VCV (2),   -0.000045309,  0.000076492,  0.000000535,
VCV (3),   -0.000002923,  0.000000535,  0.000000253,
St.dev,     0.009500714,  0.008745955,  0.000503225,
AutoCor,   -0.654384968,  0.482822737,  0.169981308,

No.; 8; Score; 68.579945564877;
Markow Autoregressive (lag 1) bivariate joint 3 asset model uncond. params
uMean,      0.000134653,  0.000201537,  0.000014925,
VCV (1),    0.000051876,  0.000002046,  0.000000099,
VCV (2),    0.000002046,  0.000108674, -0.000000590,
VCV (3),    0.000000099, -0.000000590,  0.000000197,
Cor (1),    1.000000000,  0.027249410,  0.030915332,
Cor (2),    0.027249410,  1.000000000, -0.127463354,
Cor (3),    0.030915332, -0.127463354,  1.000000000,
St.dev,     0.007202488,  0.010424699,  0.000443991,
Skewness,   0.004143325,  0.046015985, -0.070350429,
Kurtosis,   0.010320594,  0.003725286,  0.019841272,
AutoCor,    0.545440607,  0.733585941, -0.779267795,
Markow Autoregressive (lag 1) bivariate joint 3 asset model cond. params
uProb.,   0.657320707,  0.342679293,
Prob (1),   0.504951720,  0.495048280,
Prob (2),   0.949591913,  0.050408087,
Mean,      0.000006966,  0.002050770, -0.000066325,
Cor (1),    1.000000000,  0.133252342, -0.046777426,
Cor (2),    0.133252342,  1.000000000, -0.425619104,
Cor (3),   -0.046777426, -0.425619104,  1.000000000,
VCV (1),    0.000034006,  0.000005090, -0.000000080,
VCV (2),    0.000005090,  0.000042915, -0.000000814,
VCV (3),   -0.000000080, -0.000000814,  0.000000085,
St.dev,     0.005831482,  0.006550925,  0.000292031,
Mean,      0.000379581, -0.003345625,  0.000170777,
Cor (1),    1.000000000, -0.196475858,  0.449963490,
Cor (2),   -0.196475858,  1.000000000,  0.143913974,
Cor (3),    0.449963490,  0.143913974,  1.000000000,
VCV (1),    0.000040953, -0.000005695,  0.000000484,
VCV (2),   -0.000005695,  0.000020512,  0.000000110,
VCV (3),    0.000000484,  0.000000110,  0.000000028,
St.dev,     0.006399454,  0.004529036,  0.000168142,
AutoCor,    0.546037853,  0.809271403, -0.802238980,

No.; 9; Score; 68.707808251724;
Markow Autoregressive (lag 1) bivariate joint 3 asset model uncond. params
uMean,      0.000133634,  0.000145301,  0.000007776,
VCV (1),    0.000114843,  0.000035770,  0.000001460,
VCV (2),    0.000035770,  0.000074701,  0.000001208,
VCV (3),    0.000001460,  0.000001208,  0.000000280,
Cor (1),    1.000000000,  0.386187093,  0.257460530,
Cor (2),    0.386187093,  1.000000000,  0.264015889,
Cor (3),    0.257460530,  0.264015889,  1.000000000,
St.dev,     0.010716475,  0.008643002,  0.000529321,
Skewness,  -0.573312479, -1.062378779,  0.002712490,
Kurtosis,   0.015609662,  0.936633152, -0.014111924,
AutoCor,    0.384952462, -0.166953640, -0.835281849,
Markow Autoregressive (lag 1) bivariate joint 3 asset model cond. params
uProb.,   0.610523774,  0.389476226,
Prob (1),   0.638290003,  0.361709997,
Prob (2),   0.566998799,  0.433001201,
Mean,      0.006042143,  0.004631185,  0.000131334,
Cor (1),    1.000000000, -0.023891112,  0.324898808,
Cor (2),   -0.023891112,  1.000000000,  0.212907102,
Cor (3),    0.324898808,  0.212907102,  1.000000000,
VCV (1),    0.000014907, -0.000000287,  0.000000259,
VCV (2),   -0.000000287,  0.000009667,  0.000000137,
VCV (3),    0.000000259,  0.000000137,  0.000000043,
St.dev,     0.003860937,  0.003109116,  0.000206761,
Mean,     -0.009128255, -0.006886552, -0.000185906,
Cor (1),    1.000000000, -0.248989577,  0.624618410,
Cor (2),   -0.248989577,  1.000000000,  0.227803110,
Cor (3),    0.624618410,  0.227803110,  1.000000000,
VCV (1),    0.000061603, -0.000017779,  0.000000905,
VCV (2),   -0.000017779,  0.000082764,  0.000000383,
VCV (3),    0.000000905,  0.000000383,  0.000000034,
St.dev,     0.007848766,  0.009097487,  0.000184693,
AutoCor,    0.670466421, -0.341088644, -0.919945815,

No.; 10; Score; 75.245280513891;
Markow Autoregressive (lag 1) bivariate joint 3 asset model uncond. params
uMean,      0.000167854,  0.000210593, -0.000135713,
VCV (1),    0.000106413, -0.000007599,  0.000000343,
VCV (2),   -0.000007599,  0.000055145,  0.000001500,
VCV (3),    0.000000343,  0.000001500,  0.000000109,
Cor (1),    1.000000000, -0.099204840,  0.100459025,
Cor (2),   -0.099204840,  1.000000000,  0.610919636,
Cor (3),    0.100459025,  0.610919636,  1.000000000,
St.dev,     0.010315648,  0.007425984,  0.000330608,
Skewness,  -0.028708673,  0.248983133,  0.862744803,
Kurtosis,   0.179588731,  0.407793078,  1.628317498,
AutoCor,   -0.842292587,  0.655191725,  0.033265836,
Markow Autoregressive (lag 1) bivariate joint 3 asset model cond. params
uProb.,   0.730631914,  0.269368086,
Prob (1),   0.674243159,  0.325756841,
Prob (2),   0.883580336,  0.116419664,
Mean,      0.000514256, -0.001089371, -0.000226964,
Cor (1),    1.000000000,  0.039081510,  0.983094236,
Cor (2),    0.039081510,  1.000000000,  0.910429988,
Cor (3),    0.983094236,  0.910429988,  1.000000000,
VCV (1),    0.000017706,  0.000000609,  0.000000912,
VCV (2),    0.000000609,  0.000013702,  0.000000743,
VCV (3),    0.000000912,  0.000000743,  0.000000049,
St.dev,     0.004207840,  0.003701616,  0.000220461,
Mean,     -0.000771726,  0.003736607,  0.000111796,
Cor (1),    1.000000000, -0.704221482, -0.216021012,
Cor (2),   -0.704221482,  1.000000000,  0.673054038,
Cor (3),   -0.216021012,  0.673054038,  1.000000000,
VCV (1),    0.000065111, -0.000039993, -0.000000754,
VCV (2),   -0.000039993,  0.000049532,  0.000002049,
VCV (3),   -0.000000754,  0.000002049,  0.000000187,
St.dev,     0.008069165,  0.007037887,  0.000432549,
AutoCor,   -0.844234481,  0.733566224,  0.096452315,

No.; 11; Score; 86.929647411315;
Markow Autoregressive (lag 1) bivariate joint 3 asset model uncond. params
uMean,      0.002637975, -0.003805565,  0.000140827,
VCV (1),    0.000016239, -0.000002997,  0.000000201,
VCV (2),   -0.000002997,  0.000091204, -0.000002851,
VCV (3),    0.000000201, -0.000002851,  0.000000349,
Cor (1),    1.000000000, -0.077869398,  0.084293265,
Cor (2),   -0.077869398,  1.000000000, -0.505036564,
Cor (3),    0.084293265, -0.505036564,  1.000000000,
St.dev,     0.004029806,  0.009550073,  0.000591104,
Skewness,  -0.005579235, -0.125843330,  0.130084720,
Kurtosis,  -0.001838643, -0.765130331,  0.016030056,
AutoCor,    0.183797486, -0.043601334, -0.736089557,
Markow Autoregressive (lag 1) bivariate joint 3 asset model cond. params
uProb.,   0.430575110,  0.569424890,
Prob (1),   0.356292273,  0.643707727,
Prob (2),   0.486744661,  0.513255339,
Mean,      0.003438433,  0.004697505, -0.000127457,
Cor (1),    1.000000000,  0.561217355, -0.019175580,
Cor (2),    0.561217355,  1.000000000,  0.005088017,
Cor (3),   -0.019175580,  0.005088017,  1.000000000,
VCV (1),    0.000014911,  0.000010768, -0.000000012,
VCV (2),    0.000010768,  0.000024689,  0.000000004,
VCV (3),   -0.000000012,  0.000000004,  0.000000028,
St.dev,     0.003861449,  0.004968796,  0.000168099,
Mean,      0.002032703, -0.010235228,  0.000343692,
Cor (1),    1.000000000, -0.844563770,  0.544164535,
Cor (2),   -0.844563770,  1.000000000, -0.898635415,
Cor (3),    0.544164535, -0.898635415,  1.000000000,
VCV (1),    0.000015358, -0.000022205,  0.000000752,
VCV (2),   -0.000022205,  0.000045009, -0.000002125,
VCV (3),    0.000000752, -0.000002125,  0.000000124,
St.dev,     0.003918869,  0.006708848,  0.000352550,
AutoCor,    0.193461340,  0.086375264, -0.847833704,

