Round No; 5; best result RLS; 7.3165301194662

;;;
Statistical description of data for: Meginajums1
Calib/Tail/Per/Cur, 784, 9999, 23, 0,
Title,    INDEX WITH EQUAL WEIGHTS based on market value,EQUITY LM SNP,REX BOND     ,
Mean,       0.000158634,  0.000175148,  0.000011824,
VCV (1),    0.000022943, -0.000000281, -0.000000006,
VCV (2),   -0.000000281,  0.000027803, -0.000000034,
VCV (3),   -0.000000006, -0.000000034,  0.000000099,
St.dev,     0.004789897,  0.005272874,  0.000315163,
Skewness,  -1.581739356, -0.533728382, -0.333150084,
Kurtosis,  24.552038003,  6.345066446, 26.810331499,
AutoCor,   -0.072787598,  0.126724186, -0.366572783,
No.; 1; Score; 7.3165301194662;
Markow Autoregressive (lag 1) bivariate joint 3 asset model uncond. params
uMean,     -0.006113153,  0.000630201, -0.000277467,
VCV (1),    0.000059697, -0.000003452,  0.000000764,
VCV (2),   -0.000003452,  0.000059816, -0.000001113,
VCV (3),    0.000000764, -0.000001113,  0.000000201,
Cor (1),    1.000000000, -0.057760549,  0.220238533,
Cor (2),   -0.057760549,  1.000000000, -0.320543810,
Cor (3),    0.220238533, -0.320543810,  1.000000000,
St.dev,     0.007726380,  0.007734096,  0.000448753,
Skewness,  -0.074609390, -0.030971717,  0.071476706,
Kurtosis,   0.222705304, -0.058676186, -0.011517438,
AutoCor,   -0.745822736, -0.575321754, -0.035191331,
Markow Autoregressive (lag 1) bivariate joint 3 asset model cond. params
uProb.,   0.384233974,  0.615766026,
Prob (1),   0.395609849,  0.604390151,
Prob (2),   0.377135502,  0.622864498,
Mean,     -0.007209603,  0.004546917, -0.000447058,
Cor (1),    1.000000000,  0.581945801,  0.828801269,
Cor (2),    0.581945801,  1.000000000, -0.129448242,
Cor (3),    0.828801269, -0.129448242,  1.000000000,
VCV (1),    0.000041737,  0.000017868,  0.000002136,
VCV (2),    0.000017868,  0.000022587, -0.000000245,
VCV (3),    0.000002136, -0.000000245,  0.000000159,
St.dev,     0.006460410,  0.004752570,  0.000398976,
Mean,     -0.005428975, -0.001813804, -0.000171644,
Cor (1),    1.000000000, -0.564371850, -0.181632512,
Cor (2),   -0.564371850,  1.000000000, -0.397084961,
Cor (3),   -0.181632512, -0.397084961,  1.000000000,
VCV (1),    0.000015038, -0.000011751, -0.000000313,
VCV (2),   -0.000011751,  0.000028828, -0.000000949,
VCV (3),   -0.000000313, -0.000000949,  0.000000198,
St.dev,     0.003877908,  0.005369163,  0.000445059,
AutoCor,   -0.755549316, -0.688452149, -0.040441895,

No.; 2; Score; 9.0488431024788;
Markow Autoregressive (lag 1) bivariate joint 3 asset model uncond. params
uMean,      0.000153841,  0.000216627, -0.000007652,
VCV (1),    0.000014638, -0.000001516, -0.000000713,
VCV (2),   -0.000001516,  0.000037948, -0.000000077,
VCV (3),   -0.000000713, -0.000000077,  0.000000271,
Cor (1),    1.000000000, -0.064340907, -0.357582847,
Cor (2),   -0.064340907,  1.000000000, -0.024013588,
Cor (3),   -0.357582847, -0.024013588,  1.000000000,
St.dev,     0.003826005,  0.006160208,  0.000521026,
Skewness,  -0.218747521,  0.000648491, -0.154348569,
Kurtosis,  -0.152055904, -0.000016787, -0.046351108,
AutoCor,   -0.301575438,  0.161577996, -0.291724169,
Markow Autoregressive (lag 1) bivariate joint 3 asset model cond. params
uProb.,   0.540099438,  0.459900562,
Prob (1),   0.260789429,  0.739210571,
Prob (2),   0.868116385,  0.131883615,
Mean,      0.002198243,  0.000594316, -0.000217738,
Cor (1),    1.000000000, -0.845000685, -0.601906665,
Cor (2),   -0.845000685,  1.000000000,  0.416335795,
Cor (3),   -0.601906665,  0.416335795,  1.000000000,
VCV (1),    0.000008041, -0.000014551, -0.000000840,
VCV (2),   -0.000014551,  0.000036876,  0.000001244,
VCV (3),   -0.000000840,  0.000001244,  0.000000242,
St.dev,     0.002835753,  0.006072599,  0.000492189,
Mean,     -0.002247070, -0.000226925,  0.000239069,
Cor (1),    1.000000000,  0.576039346,  0.395501893,
Cor (2),    0.576039346,  1.000000000, -0.570362819,
Cor (3),    0.395501893, -0.570362819,  1.000000000,
VCV (1),    0.000011253,  0.000011692,  0.000000548,
VCV (2),    0.000011692,  0.000036606, -0.000001425,
VCV (3),    0.000000548, -0.000001425,  0.000000171,
St.dev,     0.003354618,  0.006050315,  0.000412964,
AutoCor,   -0.147333231,  0.164987427, -0.217244039,

No.; 3; Score; 11.662956414878;
Markow Autoregressive (lag 1) bivariate joint 3 asset model uncond. params
uMean,      0.000148591,  0.000125049,  0.000032613,
VCV (1),    0.000040897,  0.000012490, -0.000000311,
VCV (2),    0.000012490,  0.000047334,  0.000000531,
VCV (3),   -0.000000311,  0.000000531,  0.000000230,
Cor (1),    1.000000000,  0.283870855, -0.101316967,
Cor (2),    0.283870855,  1.000000000,  0.161007749,
Cor (3),   -0.101316967,  0.161007749,  1.000000000,
St.dev,     0.006395042,  0.006879973,  0.000479729,
Skewness,  -0.049035484,  0.316468013,  0.103379038,
Kurtosis,  -0.046881838,  0.410358182, -0.967792810,
AutoCor,   -0.155556928,  0.063608202, -0.269692207,
Markow Autoregressive (lag 1) bivariate joint 3 asset model cond. params
uProb.,   0.610948701,  0.389051299,
Prob (1),   0.461706749,  0.538293251,
Prob (2),   0.845311565,  0.154688435,
Mean,      0.002270353,  0.001585033, -0.000285943,
Cor (1),    1.000000000, -0.030365771,  0.410681410,
Cor (2),   -0.030365771,  1.000000000,  0.912512019,
Cor (3),    0.410681410,  0.912512019,  1.000000000,
VCV (1),    0.000033004, -0.000001340,  0.000000678,
VCV (2),   -0.000001340,  0.000059013,  0.000002013,
VCV (3),    0.000000678,  0.000002013,  0.000000082,
St.dev,     0.005744928,  0.007681975,  0.000287157,
Mean,     -0.003183329, -0.002167643,  0.000532859,
Cor (1),    1.000000000,  0.853697443,  0.645120107,
Cor (2),    0.853697443,  1.000000000,  0.085803320,
Cor (3),    0.645120107,  0.085803320,  1.000000000,
VCV (1),    0.000034107,  0.000021910,  0.000000863,
VCV (2),    0.000021910,  0.000019313,  0.000000086,
VCV (3),    0.000000863,  0.000000086,  0.000000052,
St.dev,     0.005840112,  0.004394619,  0.000228946,
AutoCor,   -0.107896977,  0.097640109, -0.013238052,

No.; 4; Score; 12.762983078319;
Markow Autoregressive (lag 1) bivariate joint 3 asset model uncond. params
uMean,      0.000135275,  0.000203350,  0.000006850,
VCV (1),    0.000030910,  0.000020458,  0.000000566,
VCV (2),    0.000020458,  0.000038219, -0.000000440,
VCV (3),    0.000000566, -0.000000440,  0.000000153,
Cor (1),    1.000000000,  0.595222162,  0.260164946,
Cor (2),    0.595222162,  1.000000000, -0.181675305,
Cor (3),    0.260164946, -0.181675305,  1.000000000,
St.dev,     0.005559700,  0.006182177,  0.000391401,
Skewness,  -0.010537309,  0.036221040,  0.102400926,
Kurtosis,  -0.325486756,  0.870163857,  1.250687737,
AutoCor,    0.034802992,  0.101676616,  0.041581505,
Markow Autoregressive (lag 1) bivariate joint 3 asset model cond. params
uProb.,   0.558781515,  0.441218485,
Prob (1),   0.462808594,  0.537191406,
Prob (2),   0.680326500,  0.319673500,
Mean,      0.003263911,  0.000326492,  0.000025224,
Cor (1),    1.000000000,  0.941148096,  0.303021227,
Cor (2),    0.941148096,  1.000000000, -0.237371093,
Cor (3),    0.303021227, -0.237371093,  1.000000000,
VCV (1),    0.000018469,  0.000030305,  0.000000639,
VCV (2),    0.000030305,  0.000056139, -0.000000872,
VCV (3),    0.000000639, -0.000000872,  0.000000241,
St.dev,     0.004297521,  0.007492593,  0.000490421,
Mean,     -0.003826989,  0.000047397, -0.000016419,
Cor (1),    1.000000000,  0.379401076,  0.360668959,
Cor (2),    0.379401076,  1.000000000,  0.137206231,
Cor (3),    0.360668959,  0.137206231,  1.000000000,
VCV (1),    0.000016829,  0.000005944,  0.000000300,
VCV (2),    0.000005944,  0.000014584,  0.000000106,
VCV (3),    0.000000300,  0.000000106,  0.000000041,
St.dev,     0.004102304,  0.003818843,  0.000202537,
AutoCor,    0.203752330,  0.101837084,  0.042306644,

No.; 5; Score; 12.769165727233;
Markow Autoregressive (lag 1) bivariate joint 3 asset model uncond. params
uMean,      0.000174669,  0.000159086,  0.000028654,
VCV (1),    0.000030544,  0.000011350, -0.000001460,
VCV (2),    0.000011350,  0.000041141,  0.000000791,
VCV (3),   -0.000001460,  0.000000791,  0.000000237,
Cor (1),    1.000000000,  0.320167869, -0.543097991,
Cor (2),    0.320167869,  1.000000000,  0.253493459,
Cor (3),   -0.543097991,  0.253493459,  1.000000000,
St.dev,     0.005526672,  0.006414097,  0.000486449,
Skewness,   0.251498310,  0.145739835, -0.090740791,
Kurtosis,  -0.315193932, -0.038107343,  0.033902660,
AutoCor,   -0.132920082,  0.423143367, -0.605847821,
Markow Autoregressive (lag 1) bivariate joint 3 asset model cond. params
uProb.,   0.820516676,  0.179483324,
Prob (1),   0.789284096,  0.210715904,
Prob (2),   0.963297921,  0.036702079,
Mean,     -0.001531853,  0.001048543,  0.000108861,
Cor (1),    1.000000000,  0.966295672, -0.766165236,
Cor (2),    0.966295672,  1.000000000,  0.306276265,
Cor (3),   -0.766165236,  0.306276265,  1.000000000,
VCV (1),    0.000018710,  0.000024052, -0.000001114,
VCV (2),    0.000024052,  0.000033112,  0.000000592,
VCV (3),   -0.000001114,  0.000000592,  0.000000113,
St.dev,     0.004325554,  0.005754332,  0.000336178,
Mean,      0.007976117, -0.003907110, -0.000338018,
Cor (1),    1.000000000, -0.328930233,  0.699209129,
Cor (2),   -0.328930233,  1.000000000,  0.659553617,
Cor (3),    0.699209129,  0.659553617,  1.000000000,
VCV (1),    0.000009484, -0.000003103,  0.000000758,
VCV (2),   -0.000003103,  0.000009382,  0.000000712,
VCV (3),    0.000000758,  0.000000712,  0.000000124,
St.dev,     0.003079584,  0.003063056,  0.000352194,
AutoCor,   -0.101169014,  0.480699755, -0.667135146,

No.; 6; Score; 13.696148755463;
Markow Autoregressive (lag 1) bivariate joint 3 asset model uncond. params
uMean,      0.000162944,  0.000204747,  0.000025316,
VCV (1),    0.000027906,  0.000017559, -0.000000703,
VCV (2),    0.000017559,  0.000040271, -0.000001544,
VCV (3),   -0.000000703, -0.000001544,  0.000000225,
Cor (1),    1.000000000,  0.523785761, -0.280775880,
Cor (2),    0.523785761,  1.000000000, -0.513049180,
Cor (3),   -0.280775880, -0.513049180,  1.000000000,
St.dev,     0.005282580,  0.006345910,  0.000474158,
Skewness,   0.115519786,  0.485054184,  0.452080894,
Kurtosis,  -0.420462987, -0.730215963, -0.591652324,
AutoCor,    0.116445739, -0.229285768, -0.236702902,
Markow Autoregressive (lag 1) bivariate joint 3 asset model cond. params
uProb.,   0.449936462,  0.550063538,
Prob (1),   0.259523366,  0.740476634,
Prob (2),   0.605689004,  0.394310996,
Mean,      0.004175158,  0.006013937, -0.000365209,
Cor (1),    1.000000000,  0.287292825,  0.018263271,
Cor (2),    0.287292825,  1.000000000,  0.176784819,
Cor (3),    0.018263271,  0.176784819,  1.000000000,
VCV (1),    0.000011428,  0.000004268,  0.000000012,
VCV (2),    0.000004268,  0.000019308,  0.000000154,
VCV (3),    0.000000012,  0.000000154,  0.000000039,
St.dev,     0.003380511,  0.004394083,  0.000198294,
Mean,     -0.003118935, -0.004547007,  0.000344755,
Cor (1),    1.000000000, -0.731480147,  0.905493253,
Cor (2),   -0.731480147,  1.000000000,  0.428199821,
Cor (3),    0.905493253,  0.428199821,  1.000000000,
VCV (1),    0.000009926, -0.000006192,  0.000001097,
VCV (2),   -0.000006192,  0.000007220,  0.000000443,
VCV (3),    0.000001097,  0.000000443,  0.000000148,
St.dev,     0.003150586,  0.002686915,  0.000384636,
AutoCor,    0.529762366,  0.025423391, -0.100253696,

No.; 7; Score; 16.752566861627;
Markow Autoregressive (lag 1) bivariate joint 3 asset model uncond. params
uMean,      0.000181133,  0.000204620,  0.000046552,
VCV (1),    0.000025226,  0.000016181, -0.000000021,
VCV (2),    0.000016181,  0.000060911,  0.000000988,
VCV (3),   -0.000000021,  0.000000988,  0.000000557,
Cor (1),    1.000000000,  0.412798243, -0.005543027,
Cor (2),    0.412798243,  1.000000000,  0.169584283,
Cor (3),   -0.005543027,  0.169584283,  1.000000000,
St.dev,     0.005022567,  0.007804521,  0.000746349,
Skewness,  -0.065061047, -0.621434211, -0.330386206,
Kurtosis,   0.131493764,  0.666190831,  0.149098870,
AutoCor,   -0.347086876, -0.081900625, -0.530464396,
Markow Autoregressive (lag 1) bivariate joint 3 asset model cond. params
uProb.,   0.572307640,  0.427692360,
Prob (1),   0.785505935,  0.214494065,
Prob (2),   0.287020774,  0.712979226,
Mean,     -0.000266592, -0.002479650, -0.000236760,
Cor (1),    1.000000000,  0.322589976, -0.357527382,
Cor (2),    0.322589976,  1.000000000,  0.003930045,
Cor (3),   -0.357527382,  0.003930045,  1.000000000,
VCV (1),    0.000026109,  0.000014475, -0.000000948,
VCV (2),    0.000014475,  0.000077111,  0.000000018,
VCV (3),   -0.000000948,  0.000000018,  0.000000270,
St.dev,     0.005109721,  0.008781297,  0.000519153,
Mean,      0.000780248,  0.003796519,  0.000425660,
Cor (1),    1.000000000,  0.882041803,  0.989604120,
Cor (2),    0.882041803,  1.000000000, -0.099351811,
Cor (3),    0.989604120, -0.099351811,  1.000000000,
VCV (1),    0.000016014,  0.000012386,  0.000000947,
VCV (2),    0.000012386,  0.000012313, -0.000000083,
VCV (3),    0.000000947, -0.000000083,  0.000000057,
St.dev,     0.004001802,  0.003509036,  0.000239084,
AutoCor,   -0.356174772, -0.191047880, -0.776255267,

No.; 8; Score; 17.508498576785;
Markow Autoregressive (lag 1) bivariate joint 3 asset model uncond. params
uMean,      0.000115475,  0.000224945,  0.000006097,
VCV (1),    0.000030752,  0.000011078,  0.000001771,
VCV (2),    0.000011078,  0.000032719,  0.000000294,
VCV (3),    0.000001771,  0.000000294,  0.000000304,
Cor (1),    1.000000000,  0.349241291,  0.579523576,
Cor (2),    0.349241291,  1.000000000,  0.093145237,
Cor (3),    0.579523576,  0.093145237,  1.000000000,
St.dev,     0.005545457,  0.005720078,  0.000551221,
Skewness,   0.183994367,  0.180309589, -0.174370344,
Kurtosis,   0.132067110, -0.000581234,  0.150476667,
AutoCor,   -0.491536808,  0.291793800, -0.719443939,
Markow Autoregressive (lag 1) bivariate joint 3 asset model cond. params
uProb.,   0.507585439,  0.492414561,
Prob (1),   0.551730995,  0.448269005,
Prob (2),   0.462079795,  0.537920205,
Mean,      0.001693780, -0.002164169,  0.000182365,
Cor (1),    1.000000000,  0.788577182,  0.949267134,
Cor (2),    0.788577182,  1.000000000,  0.744370735,
Cor (3),    0.949267134,  0.744370735,  1.000000000,
VCV (1),    0.000026111,  0.000017721,  0.000000986,
VCV (2),    0.000017721,  0.000019341,  0.000000665,
VCV (3),    0.000000986,  0.000000665,  0.000000041,
St.dev,     0.005109930,  0.004397792,  0.000203174,
Mean,     -0.001511456,  0.002687667, -0.000175602,
Cor (1),    1.000000000,  0.908135941,  0.478808027,
Cor (2),    0.908135941,  1.000000000,  0.594007126,
Cor (3),    0.478808027,  0.594007126,  1.000000000,
VCV (1),    0.000013352,  0.000017686,  0.000000662,
VCV (2),    0.000017686,  0.000028405,  0.000001197,
VCV (3),    0.000000662,  0.000001197,  0.000000143,
St.dev,     0.003654074,  0.005329607,  0.000378152,
AutoCor,   -0.544487230,  0.336113758, -0.814778042,

