Round No; 8; best result RLS; 123.72677493917

;;;
No.; 1; Score; 123.72677493917;
Markow Autoregressive (lag 1) bivariate joint 3 asset model uncond. params
uMean,      0.002240214,  0.003860913,  0.001035331,
VCV (1),    0.000006792, -0.000008622,  0.000001260,
VCV (2),   -0.000008622,  0.000128278, -0.000004101,
VCV (3),    0.000001260, -0.000004101,  0.000001609,
Cor (1),    1.000000000, -0.292106896,  0.381202577,
Cor (2),   -0.292106896,  1.000000000, -0.285444716,
Cor (3),    0.381202577, -0.285444716,  1.000000000,
St.dev,     0.002606058,  0.011325985,  0.001268491,
Skewness,  -0.000151780, -0.000072027,  0.009997223,
Kurtosis,   0.000384028,  0.000143987,  0.085547353,
AutoCor,    0.619322228,  0.244547473,  0.011489214,
Markow Autoregressive (lag 1) bivariate joint 3 asset model cond. params
uProb.,   0.999979776,  0.000020224,
Prob (1),   0.999981558,  0.000018442,
Prob (2),   0.911883857,  0.088116143,
Mean,      0.002240299,  0.003861194,  0.001035137,
Cor (1),    1.000000000, -0.325648686,  0.482823205,
Cor (2),   -0.325648686,  1.000000000, -0.293589237,
Cor (3),    0.482823205, -0.293589237,  1.000000000,
VCV (1),    0.000004186, -0.000007317,  0.000001252,
VCV (2),   -0.000007317,  0.000120601, -0.000004087,
VCV (3),    0.000001252, -0.000004087,  0.000001607,
St.dev,     0.002045978,  0.010981862,  0.001267640,
Mean,     -0.001984723, -0.010051053,  0.010625254,
Cor (1),    1.000000000, -0.311999757, -0.876005068,
Cor (2),   -0.311999757,  1.000000000,  0.229905235,
Cor (3),   -0.876005068,  0.229905235,  1.000000000,
VCV (1),    0.000008563, -0.000012241, -0.000006291,
VCV (2),   -0.000012241,  0.000179754,  0.000007564,
VCV (3),   -0.000006291,  0.000007564,  0.000006022,
St.dev,     0.002926255,  0.013407221,  0.002453969,
AutoCor,    0.619350467,  0.244552247,  0.011400559,

No.; 2; Score; 128.02914805067;
Markow Autoregressive (lag 1) bivariate joint 3 asset model uncond. params
uMean,      0.000097624,  0.007574379, -0.003252603,
VCV (1),    0.000137341,  0.000008803,  0.000000638,
VCV (2),    0.000008803,  0.000045044, -0.000000323,
VCV (3),    0.000000638, -0.000000323,  0.000001624,
Cor (1),    1.000000000,  0.111924294,  0.042700830,
Cor (2),    0.111924294,  1.000000000, -0.037786328,
Cor (3),    0.042700830, -0.037786328,  1.000000000,
St.dev,     0.011719246,  0.006711482,  0.001274310,
Skewness,  -0.000628257, -0.010508119, -0.043986945,
Kurtosis,   0.000776125,  0.040393768,  0.300110883,
AutoCor,    0.472829077,  0.046967985,  0.041564827,
Markow Autoregressive (lag 1) bivariate joint 3 asset model cond. params
uProb.,   0.999700992,  0.000299008,
Prob (1),   0.999760173,  0.000239827,
Prob (2),   0.801834439,  0.198165561,
Mean,      0.000102189,  0.007580296, -0.003250961,
Cor (1),    1.000000000,  0.123760905,  0.046031172,
Cor (2),    0.123760905,  1.000000000, -0.040901336,
Cor (3),    0.046031172, -0.040901336,  1.000000000,
VCV (1),    0.000106565,  0.000008553,  0.000000603,
VCV (2),    0.000008553,  0.000044815, -0.000000347,
VCV (3),    0.000000603, -0.000000347,  0.000001610,
St.dev,     0.010323018,  0.006694398,  0.001268723,
Mean,     -0.015165631, -0.012208127, -0.008741535,
Cor (1),    1.000000000, -0.993330640, -0.192239224,
Cor (2),   -0.993330640,  1.000000000, -0.839197238,
Cor (3),   -0.192239224, -0.839197238,  1.000000000,
VCV (1),    0.000102933, -0.000097377, -0.000006183,
VCV (2),   -0.000097377,  0.000093362, -0.000025707,
VCV (3),   -0.000006183, -0.000025707,  0.000010051,
St.dev,     0.010145597,  0.009662402,  0.003170281,
AutoCor,    0.472968620,  0.046574684,  0.040692290,

No.; 3; Score; 134.5487900137;
Markow Autoregressive (lag 1) bivariate joint 3 asset model uncond. params
uMean,     -0.000123433, -0.005513594,  0.004713898,
VCV (1),    0.000099311,  0.000061371, -0.000001194,
VCV (2),    0.000061371,  0.000053815,  0.000001296,
VCV (3),   -0.000001194,  0.000001296,  0.000001615,
Cor (1),    1.000000000,  0.839484597, -0.094308979,
Cor (2),    0.839484597,  1.000000000,  0.138994253,
Cor (3),   -0.094308979,  0.138994253,  1.000000000,
St.dev,     0.009965469,  0.007335870,  0.001270649,
Skewness,  -0.003455497, -0.000003060,  0.023824997,
Kurtosis,   0.052082541, -0.000001699,  0.211885173,
AutoCor,    0.601874423,  0.374629823,  0.052584323,
Markow Autoregressive (lag 1) bivariate joint 3 asset model cond. params
uProb.,   0.999836804,  0.000163196,
Prob (1),   0.999936294,  0.000063706,
Prob (2),   0.390304162,  0.609695838,
Mean,     -0.000122231, -0.005513940,  0.004713265,
Cor (1),    1.000000000,  0.878942843, -0.116381002,
Cor (2),    0.878942843,  1.000000000,  0.147038420,
Cor (3),   -0.116381002,  0.147038420,  1.000000000,
VCV (1),    0.000063211,  0.000047530, -0.000001172,
VCV (2),    0.000047530,  0.000046262,  0.000001267,
VCV (3),   -0.000001172,  0.000001267,  0.000001604,
St.dev,     0.007950546,  0.006801624,  0.001266650,
Mean,     -0.007489320, -0.003391311,  0.008593115,
Cor (1),    1.000000000,  0.413645907,  0.894014346,
Cor (2),    0.413645907,  1.000000000,  0.511868910,
Cor (3),    0.894014346,  0.511868910,  1.000000000,
VCV (1),    0.000788001,  0.000076870,  0.000118485,
VCV (2),    0.000076870,  0.000043826,  0.000015999,
VCV (3),    0.000118485,  0.000015999,  0.000022290,
St.dev,     0.028071350,  0.006620122,  0.004721240,
AutoCor,    0.601873731,  0.374626613,  0.051735590,

No.; 4; Score; 134.61988528671;
Markow Autoregressive (lag 1) bivariate joint 3 asset model uncond. params
uMean,      0.001223109, -0.006900767, -0.004442030,
VCV (1),    0.000023352, -0.000021771, -0.000001150,
VCV (2),   -0.000021771,  0.000171008,  0.000000192,
VCV (3),   -0.000001150,  0.000000192,  0.000001609,
Cor (1),    1.000000000, -0.344516780, -0.187549556,
Cor (2),   -0.344516780,  1.000000000,  0.011555018,
Cor (3),   -0.187549556,  0.011555018,  1.000000000,
St.dev,     0.004832385,  0.013076991,  0.001268592,
Skewness,  -0.002535338, -0.000032640,  0.011954204,
Kurtosis,   0.008679981,  0.000310334,  0.084518658,
AutoCor,    0.541468781,  0.067247367,  0.036051510,
Markow Autoregressive (lag 1) bivariate joint 3 asset model cond. params
uProb.,   0.999913653,  0.000086347,
Prob (1),   0.999975963,  0.000024037,
Prob (2),   0.278353628,  0.721646372,
Mean,      0.001224319, -0.006900636, -0.004442461,
Cor (1),    1.000000000, -0.396091206, -0.217957194,
Cor (2),   -0.396091206,  1.000000000,  0.011467254,
Cor (3),   -0.217957194,  0.011467254,  1.000000000,
VCV (1),    0.000016496, -0.000020989, -0.000001121,
VCV (2),   -0.000020989,  0.000170218,  0.000000189,
VCV (3),   -0.000001121,  0.000000189,  0.000001604,
St.dev,     0.004061507,  0.013046772,  0.001266601,
Mean,     -0.012795851, -0.008418531,  0.000551137,
Cor (1),    1.000000000,  0.779433206, -0.512486193,
Cor (2),    0.779433206,  1.000000000,  0.425185691,
Cor (3),   -0.512486193,  0.425185691,  1.000000000,
VCV (1),    0.000026962,  0.000076202, -0.000009277,
VCV (2),    0.000076202,  0.000354503,  0.000027908,
VCV (3),   -0.000009277,  0.000027908,  0.000012153,
St.dev,     0.005192541,  0.018828239,  0.003486127,
AutoCor,    0.541337757,  0.067246606,  0.035133125,

No.; 5; Score; 135.07697550143;
Markow Autoregressive (lag 1) bivariate joint 3 asset model uncond. params
uMean,      0.006444245, -0.002298346, -0.000862075,
VCV (1),    0.000010575,  0.000006353,  0.000001386,
VCV (2),    0.000006353,  0.000015361,  0.000001690,
VCV (3),    0.000001386,  0.000001690,  0.000001615,
Cor (1),    1.000000000,  0.498453539,  0.335360394,
Cor (2),    0.498453539,  1.000000000,  0.339238768,
Cor (3),    0.335360394,  0.339238768,  1.000000000,
St.dev,     0.003251948,  0.003919308,  0.001270825,
Skewness,   0.027270927, -0.002692203,  0.030775934,
Kurtosis,   0.181285143,  0.007599225,  0.181791765,
AutoCor,    0.892904751,  0.320924524,  0.028931353,
Markow Autoregressive (lag 1) bivariate joint 3 asset model cond. params
uProb.,   0.999468114,  0.000531886,
Prob (1),   0.999639816,  0.000360184,
Prob (2),   0.676822778,  0.323177222,
Mean,      0.006439560, -0.002296198, -0.000863787,
Cor (1),    1.000000000,  0.847045868,  0.730538662,
Cor (2),    0.847045868,  1.000000000,  0.356552309,
Cor (3),    0.730538662,  0.356552309,  1.000000000,
VCV (1),    0.000002077,  0.000004529,  0.000001333,
VCV (2),    0.000004529,  0.000013761,  0.000001675,
VCV (3),    0.000001333,  0.000001675,  0.000001604,
St.dev,     0.001441274,  0.003709581,  0.001266303,
Mean,      0.015247127, -0.006335928,  0.002355695,
Cor (1),    1.000000000,  0.869971390,  0.408302238,
Cor (2),    0.869971390,  1.000000000,  0.748688688,
Cor (3),    0.408302238,  0.748688688,  1.000000000,
VCV (1),    0.000032426,  0.000028384,  0.000007517,
VCV (2),    0.000028384,  0.000032829,  0.000013868,
VCV (3),    0.000007517,  0.000013868,  0.000010452,
St.dev,     0.005694354,  0.005729672,  0.003232938,
AutoCor,    0.895136527,  0.320923454,  0.027925231,

No.; 6; Score; 136.08034940324;
Markow Autoregressive (lag 1) bivariate joint 3 asset model uncond. params
uMean,     -0.001704352, -0.002474203,  0.000974455,
VCV (1),    0.000043113,  0.000006708,  0.000000503,
VCV (2),    0.000006708,  0.000010992, -0.000002450,
VCV (3),    0.000000503, -0.000002450,  0.000001749,
Cor (1),    1.000000000,  0.308146377,  0.057938671,
Cor (2),    0.308146377,  1.000000000, -0.558820927,
Cor (3),    0.057938671, -0.558820927,  1.000000000,
St.dev,     0.006566037,  0.003315347,  0.001322350,
Skewness,   0.456312238, -0.626684222, -0.011218974,
Kurtosis,  34.123531075,  2.198168169,  0.364985629,
AutoCor,    0.307377815,  0.053018602,  0.059070382,
Markow Autoregressive (lag 1) bivariate joint 3 asset model cond. params
uProb.,   0.951191778,  0.048808222,
Prob (1),   0.956776414,  0.043223586,
Prob (2),   0.842356434,  0.157643566,
Mean,     -0.001771844, -0.002226844,  0.000977669,
Cor (1),    1.000000000,  0.561258104,  0.721239710,
Cor (2),    0.561258104,  1.000000000, -0.706660567,
Cor (3),    0.721239710, -0.706660567,  1.000000000,
VCV (1),    0.000006596,  0.000004221,  0.000002346,
VCV (2),    0.000004221,  0.000008577, -0.000002621,
VCV (3),    0.000002346, -0.000002621,  0.000001604,
St.dev,     0.002568179,  0.002928657,  0.001266647,
Mean,     -0.000389035, -0.007294839,  0.000911809,
Cor (1),    1.000000000,  0.401210003, -0.652217220,
Cor (2),    0.401210003,  1.000000000,  0.058627507,
Cor (3),   -0.652217220,  0.058627507,  1.000000000,
VCV (1),    0.000669456,  0.000059813, -0.000035519,
VCV (2),    0.000059813,  0.000033199,  0.000000711,
VCV (3),   -0.000035519,  0.000000711,  0.000004430,
St.dev,     0.025873843,  0.005761824,  0.002104759,
AutoCor,    0.307775956,  0.045546798,  0.059064007,

No.; 7; Score; 136.14638523943;
Markow Autoregressive (lag 1) bivariate joint 3 asset model uncond. params
uMean,      0.008161140, -0.003902598,  0.003562892,
VCV (1),    0.000053302, -0.000008756, -0.000001219,
VCV (2),   -0.000008756,  0.000004993, -0.000000543,
VCV (3),   -0.000001219, -0.000000543,  0.000001626,
Cor (1),    1.000000000, -0.536744272, -0.130933114,
Cor (2),   -0.536744272,  1.000000000, -0.190568446,
Cor (3),   -0.130933114, -0.190568446,  1.000000000,
St.dev,     0.007300803,  0.002234510,  0.001275134,
Skewness,  -0.008759802,  0.001192678,  0.017606657,
Kurtosis,   0.014638389,  0.009999770,  0.156257862,
AutoCor,    0.268447307,  0.413806471,  0.044275542,
Markow Autoregressive (lag 1) bivariate joint 3 asset model cond. params
uProb.,   0.999424176,  0.000575824,
Prob (1),   0.999430275,  0.000569725,
Prob (2),   0.988838885,  0.011161115,
Mean,      0.008172933, -0.003902982,  0.003562027,
Cor (1),    1.000000000, -0.545424605, -0.133262765,
Cor (2),   -0.545424605,  1.000000000, -0.205810152,
Cor (3),   -0.133262765, -0.205810152,  1.000000000,
VCV (1),    0.000049228, -0.000007778, -0.000001188,
VCV (2),   -0.000007778,  0.000004131, -0.000000531,
VCV (3),   -0.000001188, -0.000000531,  0.000001614,
St.dev,     0.007016267,  0.002032533,  0.001270357,
Mean,     -0.012306725, -0.003236321,  0.005064245,
Cor (1),    1.000000000,  0.249564464,  0.043974228,
Cor (2),    0.249564464,  1.000000000, -0.284293689,
Cor (3),    0.043974228, -0.284293689,  1.000000000,
VCV (1),    0.000006027,  0.000002414,  0.000000417,
VCV (2),    0.000002414,  0.000015524, -0.000004329,
VCV (3),    0.000000417, -0.000004329,  0.000014937,
St.dev,     0.002454997,  0.003940021,  0.003864875,
AutoCor,    0.269620290,  0.413827127,  0.044302468,

No.; 8; Score; 138.03780064272;
Markow Autoregressive (lag 1) bivariate joint 3 asset model uncond. params
uMean,      0.000061456,  0.002968655,  0.002403066,
VCV (1),    0.000033311, -0.000011943,  0.000003044,
VCV (2),   -0.000011943,  0.000014622, -0.000000413,
VCV (3),    0.000003044, -0.000000413,  0.000001612,
Cor (1),    1.000000000, -0.541132172,  0.415359205,
Cor (2),   -0.541132172,  1.000000000, -0.084970765,
Cor (3),    0.415359205, -0.084970765,  1.000000000,
St.dev,     0.005771555,  0.003823836,  0.001269815,
Skewness,  -0.002247552, -0.053855794, -0.001200877,
Kurtosis,   0.005046062,  0.570971089,  0.005272298,
AutoCor,    0.821986319,  0.336888932,  0.017228819,
Markow Autoregressive (lag 1) bivariate joint 3 asset model cond. params
uProb.,   0.999749057,  0.000250943,
Prob (1),   0.999858961,  0.000141039,
Prob (2),   0.561892668,  0.438107332,
Mean,      0.000064340,  0.002971836,  0.002403281,
Cor (1),    1.000000000, -0.736855830,  0.719737470,
Cor (2),   -0.736855830,  1.000000000, -0.091847617,
Cor (3),    0.719737470, -0.091847617,  1.000000000,
VCV (1),    0.000010771, -0.000008675,  0.000002998,
VCV (2),   -0.000008675,  0.000012867, -0.000000418,
VCV (3),    0.000002998, -0.000000418,  0.000001611,
St.dev,     0.003281962,  0.003587025,  0.001269202,
Mean,     -0.011426135, -0.009703722,  0.001548602,
Cor (1),    1.000000000,  0.598063009,  0.612253735,
Cor (2),    0.598063009,  1.000000000,  0.556474918,
Cor (3),    0.612253735,  0.556474918,  1.000000000,
VCV (1),    0.000014978,  0.000037461,  0.000005398,
VCV (2),    0.000037461,  0.000261959,  0.000020517,
VCV (3),    0.000005398,  0.000020517,  0.000005189,
St.dev,     0.003870078,  0.016185139,  0.002278020,
AutoCor,    0.822368565,  0.336609514,  0.017180994,

No.; 9; Score; 138.68841381024;
Markow Autoregressive (lag 1) bivariate joint 3 asset model uncond. params
uMean,     -0.000364682, -0.005884478, -0.005729311,
VCV (1),    0.000014020,  0.000038942,  0.000000258,
VCV (2),    0.000038942,  0.000143555, -0.000000594,
VCV (3),    0.000000258, -0.000000594,  0.000001605,
Cor (1),    1.000000000,  0.868023054,  0.054485302,
Cor (2),    0.868023054,  1.000000000, -0.039147614,
Cor (3),    0.054485302, -0.039147614,  1.000000000,
St.dev,     0.003744390,  0.011981429,  0.001267052,
Skewness,   0.009824211, -0.000482129,  0.000219698,
Kurtosis,   0.040213130,  0.003923376,  0.002228989,
AutoCor,    0.459062625,  0.568227121,  0.016232578,
Markow Autoregressive (lag 1) bivariate joint 3 asset model cond. params
uProb.,   0.999821010,  0.000178990,
Prob (1),   0.999917538,  0.000082462,
Prob (2),   0.460626849,  0.539373151,
Mean,     -0.000367125, -0.005883715, -0.005729357,
Cor (1),    1.000000000,  0.879763746,  0.061128414,
Cor (2),    0.879763746,  1.000000000, -0.047530715,
Cor (3),    0.061128414, -0.047530715,  1.000000000,
VCV (1),    0.000011041,  0.000028812,  0.000000257,
VCV (2),    0.000028812,  0.000097148, -0.000000593,
VCV (3),    0.000000257, -0.000000593,  0.000001604,
St.dev,     0.003322745,  0.009856390,  0.001266654,
Mean,      0.013280494, -0.010144582, -0.005471435,
Cor (1),    1.000000000, -0.746110422, -0.761474942,
Cor (2),   -0.746110422,  1.000000000,  0.601155536,
Cor (3),   -0.761474942,  0.601155536,  1.000000000,
VCV (1),    0.000018422, -0.000063366, -0.000007167,
VCV (2),   -0.000063366,  0.000391539,  0.000026086,
VCV (3),   -0.000007167,  0.000026086,  0.000004809,
St.dev,     0.004292049,  0.019787332,  0.002192983,
AutoCor,    0.458871436,  0.568227776,  0.016228699,

No.; 10; Score; 140.70041990986;
Markow Autoregressive (lag 1) bivariate joint 3 asset model uncond. params
uMean,     -0.000657560, -0.002230424, -0.003018973,
VCV (1),    0.000131367,  0.000006634,  0.000000312,
VCV (2),    0.000006634,  0.000046703, -0.000001555,
VCV (3),    0.000000312, -0.000001555,  0.000001675,
Cor (1),    1.000000000,  0.084692266,  0.021045002,
Cor (2),    0.084692266,  1.000000000, -0.175771129,
Cor (3),    0.021045002, -0.175771129,  1.000000000,
St.dev,     0.011461533,  0.006833953,  0.001294122,
Skewness,  -0.030613702, -1.129488542,  0.007059004,
Kurtosis,   0.061112048, 17.855778451,  0.168791320,
AutoCor,    0.802709717,  0.556998177,  0.034459788,
Markow Autoregressive (lag 1) bivariate joint 3 asset model cond. params
uProb.,   0.975007019,  0.024992981,
Prob (1),   0.974879778,  0.025120222,
Prob (2),   0.979970874,  0.020029126,
Mean,     -0.000458289, -0.002043884, -0.003021031,
Cor (1),    1.000000000, -0.052956094,  0.097607809,
Cor (2),   -0.052956094,  1.000000000, -0.512092724,
Cor (3),    0.097607809, -0.512092724,  1.000000000,
VCV (1),    0.000042671, -0.000001309,  0.000000809,
VCV (2),   -0.000001309,  0.000014316, -0.000002458,
VCV (3),    0.000000809, -0.000002458,  0.000001609,
St.dev,     0.006532324,  0.003783598,  0.001268525,
Mean,     -0.008431369, -0.009507547, -0.002938655,
Cor (1),    1.000000000,  0.624823384, -0.914391903,
Cor (2),    0.624823384,  1.000000000,  0.679373525,
Cor (3),   -0.914391903,  0.679373525,  1.000000000,
VCV (1),    0.000101819,  0.000161783, -0.000018791,
VCV (2),    0.000161783,  0.000658445,  0.000035503,
VCV (3),   -0.000018791,  0.000035503,  0.000004148,
St.dev,     0.010090553,  0.025660175,  0.002036545,
AutoCor,    0.812349088,  0.573824973,  0.034463694,

No.; 11; Score; 140.84068753261;
Markow Autoregressive (lag 1) bivariate joint 3 asset model uncond. params
uMean,     -0.004993623,  0.007887214,  0.002258903,
VCV (1),    0.000061648, -0.000006596, -0.000001880,
VCV (2),   -0.000006596,  0.000006543, -0.000002777,
VCV (3),   -0.000001880, -0.000002777,  0.000001621,
Cor (1),    1.000000000, -0.328416516, -0.188110346,
Cor (2),   -0.328416516,  1.000000000, -0.852608956,
Cor (3),   -0.188110346, -0.852608956,  1.000000000,
St.dev,     0.007851637,  0.002557917,  0.001273122,
Skewness,   0.003655053, -0.054943379, -0.015510829,
Kurtosis,   0.019205872,  0.681315634,  0.290731099,
AutoCor,    0.092762831,  0.085112485,  0.033322807,
Markow Autoregressive (lag 1) bivariate joint 3 asset model cond. params
uProb.,   0.999895043,  0.000104957,
Prob (1),   0.999950871,  0.000049129,
Prob (2),   0.468037540,  0.531962460,
Mean,     -0.004995274,  0.007888618,  0.002259134,
Cor (1),    1.000000000, -0.328785221, -0.188985204,
Cor (2),   -0.328785221,  1.000000000, -0.861222171,
Cor (3),   -0.188985204, -0.861222171,  1.000000000,
VCV (1),    0.000061065, -0.000006531, -0.000001876,
VCV (2),   -0.000006531,  0.000006462, -0.000002781,
VCV (3),   -0.000001876, -0.000002781,  0.000001614,
St.dev,     0.007814434,  0.002541992,  0.001270384,
Mean,      0.010735714, -0.005488034,  0.000057848,
Cor (1),    1.000000000,  0.309167528,  0.379473779,
Cor (2),    0.309167528,  1.000000000,  0.977095749,
Cor (3),    0.379473779,  0.977095749,  1.000000000,
VCV (1),    0.000334558,  0.000072547,  0.000047155,
VCV (2),    0.000072547,  0.000164579,  0.000085160,
VCV (3),    0.000047155,  0.000085160,  0.000046156,
St.dev,     0.018290928,  0.012828851,  0.006793808,
AutoCor,    0.092577753,  0.083826457,  0.033166327,

No.; 12; Score; 142.12699824674;
Markow Autoregressive (lag 1) bivariate joint 3 asset model uncond. params
uMean,     -0.002810320, -0.002023837, -0.001612871,
VCV (1),    0.000025411,  0.000007031, -0.000003194,
VCV (2),    0.000007031,  0.000016076,  0.000001334,
VCV (3),   -0.000003194,  0.000001334,  0.000001643,
Cor (1),    1.000000000,  0.347875080, -0.494267779,
Cor (2),    0.347875080,  1.000000000,  0.259550159,
Cor (3),   -0.494267779,  0.259550159,  1.000000000,
St.dev,     0.005040963,  0.004009446,  0.001281898,
Skewness,  -0.075058359,  0.086773364, -0.108261734,
Kurtosis,   0.484959483,  0.317270918,  0.878665548,
AutoCor,    0.603204714,  0.147007639,  0.031409084,
Markow Autoregressive (lag 1) bivariate joint 3 asset model cond. params
uProb.,   0.998525259,  0.001474741,
Prob (1),   0.998525023,  0.001474977,
Prob (2),   0.998685051,  0.001314949,
Mean,     -0.002793927, -0.002047480, -0.001608876,
Cor (1),    1.000000000,  0.427064901, -0.646808232,
Cor (2),    0.427064901,  1.000000000,  0.279457394,
Cor (3),   -0.646808232,  0.279457394,  1.000000000,
VCV (1),    0.000015688,  0.000006627, -0.000003247,
VCV (2),    0.000006627,  0.000015351,  0.000001388,
VCV (3),   -0.000003247,  0.000001388,  0.000001606,
St.dev,     0.003960857,  0.003918019,  0.001267406,
Mean,     -0.013909746,  0.013984655, -0.004317904,
Cor (1),    1.000000000,  0.150194099,  0.804311102,
Cor (2),    0.150194099,  1.000000000,  0.300920972,
Cor (3),    0.804311102,  0.300920972,  1.000000000,
VCV (1),    0.000170427,  0.000005848,  0.000044823,
VCV (2),    0.000005848,  0.000008895,  0.000003831,
VCV (3),    0.000044823,  0.000003831,  0.000018223,
St.dev,     0.013054774,  0.002982491,  0.004268839,
AutoCor,    0.607556139,  0.150556172,  0.031618073,

No.; 13; Score; 143.87421037571;
Markow Autoregressive (lag 1) bivariate joint 3 asset model uncond. params
uMean,      0.004118399, -0.001952210,  0.004129611,
VCV (1),    0.000148149, -0.000031754, -0.000000287,
VCV (2),   -0.000031754,  0.000096510,  0.000001082,
VCV (3),   -0.000000287,  0.000001082,  0.000001611,
Cor (1),    1.000000000, -0.265557783, -0.018542361,
Cor (2),   -0.265557783,  1.000000000,  0.086736601,
Cor (3),   -0.018542361,  0.086736601,  1.000000000,
St.dev,     0.012171627,  0.009823925,  0.001269439,
Skewness,  -0.000088503, -0.000603352, -0.010277330,
Kurtosis,   0.000070486,  0.008048959,  0.102576388,
AutoCor,    0.479975012,  0.907237284,  0.033120211,
Markow Autoregressive (lag 1) bivariate joint 3 asset model cond. params
uProb.,   0.999911894,  0.000088106,
Prob (1),   0.999940169,  0.000059831,
Prob (2),   0.679019222,  0.320980778,
Mean,      0.004117874, -0.001951601,  0.004129874,
Cor (1),    1.000000000, -0.406572294, -0.020811565,
Cor (2),   -0.406572294,  1.000000000,  0.201066860,
Cor (3),   -0.020811565,  0.201066860,  1.000000000,
VCV (1),    0.000114025, -0.000017927, -0.000000282,
VCV (2),   -0.000017927,  0.000017050,  0.000001052,
VCV (3),   -0.000000282,  0.000001052,  0.000001607,
St.dev,     0.010678249,  0.004129168,  0.001267618,
Mean,      0.010072824, -0.008867583,  0.001141808,
Cor (1),    1.000000000,  0.295349812,  0.936967897,
Cor (2),    0.295349812,  1.000000000, -0.703861742,
Cor (3),    0.936967897, -0.703861742,  1.000000000,
VCV (1),    0.000009178,  0.000013734,  0.000014262,
VCV (2),    0.000013734,  0.000235606, -0.000054283,
VCV (3),    0.000014262, -0.000054283,  0.000025245,
St.dev,     0.003029468,  0.015349469,  0.005024412,
AutoCor,    0.479978366,  0.907262885,  0.032979662,

No.; 14; Score; 144.95254927498;
Markow Autoregressive (lag 1) bivariate joint 3 asset model uncond. params
uMean,      0.004753906, -0.001204579, -0.001254462,
VCV (1),    0.000039784,  0.000008327,  0.000002394,
VCV (2),    0.000008327,  0.000012393,  0.000001615,
VCV (3),    0.000002394,  0.000001615,  0.000001709,
Cor (1),    1.000000000,  0.375027592,  0.290328494,
Cor (2),    0.375027592,  1.000000000,  0.350911421,
Cor (3),    0.290328494,  0.350911421,  1.000000000,
St.dev,     0.006307495,  0.003520382,  0.001307206,
Skewness,  -0.388362310, -0.321594132,  0.071307693,
Kurtosis,   2.212546479,  3.216558781,  1.032430345,
AutoCor,    0.204770292,  0.260188817,  0.054571563,
Markow Autoregressive (lag 1) bivariate joint 3 asset model cond. params
uProb.,   0.991388320,  0.008611680,
Prob (1),   0.992044469,  0.007955531,
Prob (2),   0.915851549,  0.084148451,
Mean,      0.004872951, -0.001167521, -0.001259501,
Cor (1),    1.000000000,  0.369978468,  0.389595246,
Cor (2),    0.369978468,  1.000000000,  0.466139923,
Cor (3),    0.389595246,  0.466139923,  1.000000000,
VCV (1),    0.000034641,  0.000007007,  0.000002910,
VCV (2),    0.000007007,  0.000010353,  0.000001903,
VCV (3),    0.000002910,  0.000001903,  0.000001610,
St.dev,     0.005885665,  0.003217601,  0.001268956,
Mean,     -0.008950680, -0.005470770, -0.000674366,
Cor (1),    1.000000000,  0.285384336, -0.955845077,
Cor (2),    0.285384336,  1.000000000, -0.798363332,
Cor (3),   -0.955845077, -0.798363332,  1.000000000,
VCV (1),    0.000246578,  0.000051281, -0.000052262,
VCV (2),    0.000051281,  0.000130950, -0.000031811,
VCV (3),   -0.000052262, -0.000031811,  0.000012124,
St.dev,     0.015702790,  0.011443325,  0.003481939,
AutoCor,    0.210268377,  0.262566364,  0.054534514,

No.; 15; Score; 146.45934253615;
Markow Autoregressive (lag 1) bivariate joint 3 asset model uncond. params
uMean,      0.000795280,  0.007173359,  0.006172576,
VCV (1),    0.000089132, -0.000007774, -0.000000567,
VCV (2),   -0.000007774,  0.000015391,  0.000002722,
VCV (3),   -0.000000567,  0.000002722,  0.000001616,
Cor (1),    1.000000000, -0.209902939, -0.047230517,
Cor (2),   -0.209902939,  1.000000000,  0.545934119,
Cor (3),   -0.047230517,  0.545934119,  1.000000000,
St.dev,     0.009440992,  0.003923115,  0.001271056,
Skewness,   0.000238025, -0.022543235,  0.033519682,
Kurtosis,   0.000313271,  0.118592183,  0.317528384,
AutoCor,    0.645740667,  0.577162484,  0.041709314,
Markow Autoregressive (lag 1) bivariate joint 3 asset model cond. params
uProb.,   0.999853682,  0.000146318,
Prob (1),   0.999881838,  0.000118162,
Prob (2),   0.807452526,  0.192547474,
Mean,      0.000793759,  0.007176464,  0.006171844,
Cor (1),    1.000000000, -0.210701793, -0.060776812,
Cor (2),   -0.210701793,  1.000000000,  0.661083048,
Cor (3),   -0.060776812,  0.661083048,  1.000000000,
VCV (1),    0.000051946, -0.000004848, -0.000000555,
VCV (2),   -0.000004848,  0.000010191,  0.000002674,
VCV (3),   -0.000000555,  0.000002674,  0.000001606,
St.dev,     0.007207379,  0.003192363,  0.001267201,
Mean,      0.011187006, -0.014047879,  0.011178251,
Cor (1),    1.000000000, -0.277203593, -0.721935046,
Cor (2),   -0.277203593,  1.000000000, -0.889373693,
Cor (3),   -0.721935046, -0.889373693,  1.000000000,
VCV (1),    0.000059226, -0.000005422, -0.000027541,
VCV (2),   -0.000005422,  0.000006459, -0.000011204,
VCV (3),   -0.000027541, -0.000011204,  0.000024573,
St.dev,     0.007695823,  0.002541367,  0.004957078,
AutoCor,    0.645821052,  0.578816968,  0.041366457,

No.; 16; Score; 147.7920109815;
Markow Autoregressive (lag 1) bivariate joint 3 asset model uncond. params
uMean,      0.008991994,  0.005121334,  0.002874364,
VCV (1),    0.000155474,  0.000009230, -0.000000159,
VCV (2),    0.000009230,  0.000037644, -0.000002098,
VCV (3),   -0.000000159, -0.000002098,  0.000001616,
Cor (1),    1.000000000,  0.120651665, -0.010006232,
Cor (2),    0.120651665,  1.000000000, -0.268967326,
Cor (3),   -0.010006232, -0.268967326,  1.000000000,
St.dev,     0.012468918,  0.006135454,  0.001271075,
Skewness,   0.003445792, -0.006773786, -0.011690591,
Kurtosis,   0.045374490,  0.466822608,  0.048517790,
AutoCor,    0.246652139,  0.586757557,  0.056304648,
Markow Autoregressive (lag 1) bivariate joint 3 asset model cond. params
uProb.,   0.998986018,  0.001013982,
Prob (1),   0.999546516,  0.000453484,
Prob (2),   0.446777142,  0.553222858,
Mean,      0.008988222,  0.005122506,  0.002875910,
Cor (1),    1.000000000,  0.126209723, -0.008216558,
Cor (2),    0.126209723,  1.000000000, -0.324311545,
Cor (3),   -0.008216558, -0.324311545,  1.000000000,
VCV (1),    0.000145430,  0.000007505, -0.000000125,
VCV (2),    0.000007505,  0.000024317, -0.000002025,
VCV (3),   -0.000000125, -0.000002025,  0.000001604,
St.dev,     0.012059425,  0.004931262,  0.001266425,
Mean,      0.012708090,  0.003966695,  0.001351161,
Cor (1),    1.000000000,  0.754446839, -0.382937514,
Cor (2),    0.754446839,  1.000000000, -0.155974001,
Cor (3),   -0.382937514, -0.155974001,  1.000000000,
VCV (1),    0.000712045,  0.000394815, -0.000025039,
VCV (2),    0.000394815,  0.000384613, -0.000007495,
VCV (3),   -0.000025039, -0.000007495,  0.000006004,
St.dev,     0.026684163,  0.019611543,  0.002450357,
AutoCor,    0.246624538,  0.586758779,  0.055579935,

No.; 17; Score; 149.22984998902;
Markow Autoregressive (lag 1) bivariate joint 3 asset model uncond. params
uMean,     -0.004915954,  0.007684672,  0.004084514,
VCV (1),    0.000062287,  0.000071659, -0.000000205,
VCV (2),    0.000071659,  0.000165139,  0.000000540,
VCV (3),   -0.000000205,  0.000000540,  0.000001684,
Cor (1),    1.000000000,  0.706553514, -0.020036973,
Cor (2),    0.706553514,  1.000000000,  0.032357576,
Cor (3),   -0.020036973,  0.032357576,  1.000000000,
St.dev,     0.007892225,  0.012850646,  0.001297574,
Skewness,   0.725884954, -0.095116578,  0.041833748,
Kurtosis,   3.626788806,  0.140158414,  0.238188114,
AutoCor,    0.412435556,  0.414976755,  0.047868832,
Markow Autoregressive (lag 1) bivariate joint 3 asset model cond. params
uProb.,   0.978770620,  0.021229380,
Prob (1),   0.980141449,  0.019858551,
Prob (2),   0.915569227,  0.084430773,
Mean,     -0.005269720,  0.008152690,  0.004074658,
Cor (1),    1.000000000,  0.952959996, -0.129352860,
Cor (2),    0.952959996,  1.000000000,  0.086761882,
Cor (3),   -0.129352860,  0.086761882,  1.000000000,
VCV (1),    0.000039836,  0.000067379, -0.000001036,
VCV (2),    0.000067379,  0.000125497,  0.000001233,
VCV (3),   -0.000001036,  0.000001233,  0.000001610,
St.dev,     0.006311545,  0.011202531,  0.001268782,
Mean,      0.011394257, -0.013893079,  0.004538928,
Cor (1),    1.000000000, -0.562121005,  0.834763333,
Cor (2),   -0.562121005,  1.000000000, -0.943906827,
Cor (3),    0.834763333, -0.943906827,  1.000000000,
VCV (1),    0.000291417, -0.000103953,  0.000030889,
VCV (2),   -0.000103953,  0.000117353, -0.000022165,
VCV (3),    0.000030889, -0.000022165,  0.000004699,
St.dev,     0.017070946,  0.010832970,  0.002167617,
AutoCor,    0.447949876,  0.437800858,  0.047824281,

No.; 18; Score; 149.6510389499;
Markow Autoregressive (lag 1) bivariate joint 3 asset model uncond. params
uMean,      0.002135662,  0.003016142,  0.000384885,
VCV (1),    0.000003516,  0.000000791, -0.000001375,
VCV (2),    0.000000791,  0.000007700,  0.000000602,
VCV (3),   -0.000001375,  0.000000602,  0.000001646,
Cor (1),    1.000000000,  0.152072524, -0.571680370,
Cor (2),    0.152072524,  1.000000000,  0.168977566,
Cor (3),   -0.571680370,  0.168977566,  1.000000000,
St.dev,     0.001874981,  0.002774853,  0.001283023,
Skewness,  -0.021229851,  0.050078668,  0.003771805,
Kurtosis,   0.340983978,  0.424178966,  0.035884801,
AutoCor,    0.679115642,  0.197828966,  0.152181279,
Markow Autoregressive (lag 1) bivariate joint 3 asset model cond. params
uProb.,   0.999724230,  0.000275770,
Prob (1),   0.999838334,  0.000161666,
Prob (2),   0.586073562,  0.413926438,
Mean,      0.002136427,  0.003013223,  0.000384626,
Cor (1),    1.000000000,  0.190253324, -0.709269786,
Cor (2),    0.190253324,  1.000000000,  0.169216861,
Cor (3),   -0.709269786,  0.169216861,  1.000000000,
VCV (1),    0.000001879,  0.000000707, -0.000001232,
VCV (2),    0.000000707,  0.000007348,  0.000000581,
VCV (3),   -0.000001232,  0.000000581,  0.000001605,
St.dev,     0.001370856,  0.002710791,  0.001266917,
Mean,     -0.000638391,  0.013597817,  0.001321595,
Cor (1),    1.000000000, -0.783792808, -0.151840908,
Cor (2),   -0.783792808,  1.000000000, -0.008400221,
Cor (3),   -0.151840908, -0.008400221,  1.000000000,
VCV (1),    0.000049138, -0.000052379, -0.000003609,
VCV (2),   -0.000052379,  0.000090884, -0.000000272,
VCV (3),   -0.000003609, -0.000000272,  0.000011497,
St.dev,     0.007009855,  0.009533317,  0.003390666,
AutoCor,    0.679275961,  0.196959274,  0.152142812,

No.; 19; Score; 151.41087884855;
Markow Autoregressive (lag 1) bivariate joint 3 asset model uncond. params
uMean,     -0.005563478,  0.002303992,  0.009658954,
VCV (1),    0.000091610, -0.000001073,  0.000001054,
VCV (2),   -0.000001073,  0.000005484,  0.000001231,
VCV (3),    0.000001054,  0.000001231,  0.000001646,
Cor (1),    1.000000000, -0.047868511,  0.085859323,
Cor (2),   -0.047868511,  1.000000000,  0.409703831,
Cor (3),    0.085859323,  0.409703831,  1.000000000,
St.dev,     0.009571313,  0.002341880,  0.001282782,
Skewness,  -0.012938782, -0.303221850,  0.012207892,
Kurtosis,   0.002819004,  1.151586645,  0.098057287,
AutoCor,    0.361183641,  0.357595475,  0.012072381,
Markow Autoregressive (lag 1) bivariate joint 3 asset model cond. params
uProb.,   0.989142052,  0.010857948,
Prob (1),   0.990386216,  0.009613784,
Prob (2),   0.875800620,  0.124199380,
Mean,     -0.005627182,  0.002368709,  0.009655873,
Cor (1),    1.000000000, -0.031923012,  0.096477434,
Cor (2),   -0.031923012,  1.000000000,  0.465369833,
Cor (3),    0.096477434,  0.465369833,  1.000000000,
VCV (1),    0.000080034, -0.000000591,  0.000001097,
VCV (2),   -0.000000591,  0.000004289,  0.000001225,
VCV (3),    0.000001097,  0.000001225,  0.000001614,
St.dev,     0.008946153,  0.002071099,  0.001270475,
Mean,      0.000239919, -0.003591655,  0.009939596,
Cor (1),    1.000000000, -0.142497984, -0.738363955,
Cor (2),   -0.142497984,  1.000000000,  0.392971492,
Cor (3),   -0.738363955,  0.392971492,  1.000000000,
VCV (1),    0.000009865, -0.000001604, -0.000004868,
VCV (2),   -0.000001604,  0.000012843,  0.000002956,
VCV (3),   -0.000004868,  0.000002956,  0.000004407,
St.dev,     0.003140820,  0.003583756,  0.002099214,
AutoCor,    0.362182849,  0.375765812,  0.012018492,

No.; 20; Score; 153.12771501531;
Markow Autoregressive (lag 1) bivariate joint 3 asset model uncond. params
uMean,     -0.002391369, -0.009747577,  0.004362981,
VCV (1),    0.000068230, -0.000046135, -0.000000377,
VCV (2),   -0.000046135,  0.000257659,  0.000000089,
VCV (3),   -0.000000377,  0.000000089,  0.000001609,
Cor (1),    1.000000000, -0.347957357, -0.035940810,
Cor (2),   -0.347957357,  1.000000000,  0.004390401,
Cor (3),   -0.035940810,  0.004390401,  1.000000000,
St.dev,     0.008260124,  0.016051748,  0.001268557,
Skewness,   0.001457960,  0.000742718,  0.002782917,
Kurtosis,   0.003993431,  0.003328764,  0.010765104,
AutoCor,    0.219846810,  0.368050896,  0.047603291,
Markow Autoregressive (lag 1) bivariate joint 3 asset model cond. params
uProb.,   0.999879430,  0.000120570,
Prob (1),   0.999888794,  0.000111206,
Prob (2),   0.922226737,  0.077773263,
Mean,     -0.002393397, -0.009749073,  0.004362647,
Cor (1),    1.000000000, -0.353210586, -0.037040714,
Cor (2),   -0.353210586,  1.000000000,  0.004274603,
Cor (3),   -0.037040714,  0.004274603,  1.000000000,
VCV (1),    0.000064892, -0.000042457, -0.000000378,
VCV (2),   -0.000042457,  0.000222660,  0.000000081,
VCV (3),   -0.000000378,  0.000000081,  0.000001604,
St.dev,     0.008055584,  0.014921804,  0.001266608,
Mean,      0.014427141,  0.002661776,  0.007132458,
Cor (1),    1.000000000,  0.776468164, -0.122525745,
Cor (2),    0.776468164,  1.000000000,  0.390741857,
Cor (3),   -0.122525745,  0.390741857,  1.000000000,
VCV (1),    0.000105522,  0.000232410, -0.000002734,
VCV (2),    0.000232410,  0.000849026,  0.000024731,
VCV (3),   -0.000002734,  0.000024731,  0.000004718,
St.dev,     0.010272377,  0.029138052,  0.002172154,
AutoCor,    0.219917925,  0.368071825,  0.047586005,

No.; 21; Score; 154.03024266467;
Markow Autoregressive (lag 1) bivariate joint 3 asset model uncond. params
uMean,      0.001378808,  0.005451089,  0.004242339,
VCV (1),    0.000038834,  0.000040005,  0.000002067,
VCV (2),    0.000040005,  0.000586051, -0.000002924,
VCV (3),    0.000002067, -0.000002924,  0.000001623,
Cor (1),    1.000000000,  0.265183670,  0.260352899,
Cor (2),    0.265183670,  1.000000000, -0.094799711,
Cor (3),    0.260352899, -0.094799711,  1.000000000,
St.dev,     0.006231653,  0.024208500,  0.001273975,
Skewness,  -0.008420526,  0.000042766,  0.014598187,
Kurtosis,   0.038903575,  0.000390715,  0.150247058,
AutoCor,    0.709443861,  0.595438944,  0.005975506,
Markow Autoregressive (lag 1) bivariate joint 3 asset model cond. params
uProb.,   0.999796821,  0.000203179,
Prob (1),   0.999896579,  0.000103421,
Prob (2),   0.508910895,  0.491089105,
Mean,      0.001382343,  0.005451540,  0.004241893,
Cor (1),    1.000000000,  0.270832175,  0.371075630,
Cor (2),    0.270832175,  1.000000000, -0.117834693,
Cor (3),    0.371075630, -0.117834693,  1.000000000,
VCV (1),    0.000019225,  0.000023098,  0.000002069,
VCV (2),    0.000023098,  0.000378343, -0.000002915,
VCV (3),    0.000002069, -0.000002915,  0.000001618,
St.dev,     0.004384589,  0.019451044,  0.001271896,
Mean,     -0.016015839,  0.003231144,  0.006435626,
Cor (1),    1.000000000, -0.021998092, -0.293114588,
Cor (2),   -0.021998092,  1.000000000,  0.708412910,
Cor (3),   -0.293114588,  0.708412910,  1.000000000,
VCV (1),    0.000087966, -0.000000532, -0.000013067,
VCV (2),   -0.000000532,  0.000006651,  0.000008684,
VCV (3),   -0.000013067,  0.000008684,  0.000022592,
St.dev,     0.009379018,  0.002578895,  0.004753097,
AutoCor,    0.709790317,  0.595439123,  0.005683193,

No.; 22; Score; 154.21630467564;
Markow Autoregressive (lag 1) bivariate joint 3 asset model uncond. params
uMean,      0.007097601, -0.006114920, -0.003152099,
VCV (1),    0.000028977, -0.000040510, -0.000001022,
VCV (2),   -0.000040510,  0.000152699, -0.000001342,
VCV (3),   -0.000001022, -0.000001342,  0.000001693,
Cor (1),    1.000000000, -0.609003551, -0.145928260,
Cor (2),   -0.609003551,  1.000000000, -0.083501652,
Cor (3),   -0.145928260, -0.083501652,  1.000000000,
St.dev,     0.005383046,  0.012357132,  0.001301005,
Skewness,   0.802950659,  0.089389990,  0.066524664,
Kurtosis,   6.533793377,  0.149389142,  0.263199545,
AutoCor,    0.005805935,  0.284780060,  0.046658712,
Markow Autoregressive (lag 1) bivariate joint 3 asset model cond. params
uProb.,   0.972386479,  0.027613521,
Prob (1),   0.972582948,  0.027417052,
Prob (2),   0.965468008,  0.034531992,
Mean,      0.006915518, -0.006573699, -0.003169945,
Cor (1),    1.000000000, -0.902699163, -0.233108959,
Cor (2),   -0.902699163,  1.000000000, -0.062074510,
Cor (3),   -0.233108959, -0.062074510,  1.000000000,
VCV (1),    0.000021676, -0.000048143, -0.000001374,
VCV (2),   -0.000048143,  0.000131224, -0.000000900,
VCV (3),   -0.000001374, -0.000000900,  0.000001604,
St.dev,     0.004655709,  0.011455298,  0.001266345,
Mean,      0.013509510,  0.010040582, -0.002523653,
Cor (1),    1.000000000,  0.610794513,  0.224389404,
Cor (2),    0.610794513,  1.000000000, -0.981554306,
Cor (3),    0.224389404, -0.981554306,  1.000000000,
VCV (1),    0.000243782,  0.000124453,  0.000007253,
VCV (2),    0.000124453,  0.000170300, -0.000026518,
VCV (3),    0.000007253, -0.000026518,  0.000004286,
St.dev,     0.015613516,  0.013049919,  0.002070254,
AutoCor,    0.005750980,  0.298945126,  0.046922482,

No.; 23; Score; 156.37432479221;
