Round No; 10; best result RLS; 8.015996666619

;;;
Statistical description of data for: Meginajums1
Calib/Tail/Per/Cur, 784, 9999, 23, 0,
Title,    INDEX WITH EQUAL WEIGHTS based on market value,EQUITY LM SNP,REX BOND     ,
Mean,       0.000158634,  0.000175148,  0.000011824,
VCV (1),    0.000022943, -0.000000281, -0.000000006,
VCV (2),   -0.000000281,  0.000027803, -0.000000034,
VCV (3),   -0.000000006, -0.000000034,  0.000000099,
St.dev,     0.004789897,  0.005272874,  0.000315163,
Skewness,  -1.581739356, -0.533728382, -0.333150084,
Kurtosis,  24.552038003,  6.345066446, 26.810331499,
AutoCor,   -0.072787598,  0.126724186, -0.366572783,
No.; 1; Score; 8.015996666619;
Markow Autoregressive (lag 1) bivariate joint 3 asset model uncond. params
uMean,     -0.004878770,  0.001709977, -0.000317278,
VCV (1),    0.000021829,  0.000005647, -0.000000392,
VCV (2),    0.000005647,  0.000022601,  0.000000759,
VCV (3),   -0.000000392,  0.000000759,  0.000000165,
Cor (1),    1.000000000,  0.254253967, -0.206382002,
Cor (2),    0.254253967,  1.000000000,  0.392785334,
Cor (3),   -0.206382002,  0.392785334,  1.000000000,
St.dev,     0.004672140,  0.004754055,  0.000406469,
Skewness,   0.032740678, -0.883286087, -0.030776656,
Kurtosis,   0.018334250,  1.147213040,  0.122645948,
AutoCor,    0.440819311, -0.216400978, -0.137826645,
Markow Autoregressive (lag 1) bivariate joint 3 asset model cond. params
uProb.,   0.742039103,  0.257960897,
Prob (1),   0.750273610,  0.249726390,
Prob (2),   0.718352076,  0.281647924,
Mean,     -0.004541067,  0.003390469, -0.000329327,
Cor (1),    1.000000000,  0.486672363, -0.147801690,
Cor (2),    0.486672363,  1.000000000,  0.820152550,
Cor (3),   -0.147801690,  0.820152550,  1.000000000,
VCV (1),    0.000018413,  0.000005865, -0.000000270,
VCV (2),    0.000005865,  0.000007887,  0.000000982,
VCV (3),   -0.000000270,  0.000000982,  0.000000182,
St.dev,     0.004291041,  0.002808355,  0.000426150,
Mean,     -0.005850190, -0.003124054, -0.000282617,
Cor (1),    1.000000000,  0.061489258, -0.658471680,
Cor (2),    0.061489258,  1.000000000,  0.113983276,
Cor (3),   -0.658471680,  0.113983276,  1.000000000,
VCV (1),    0.000013725,  0.000001169, -0.000000788,
VCV (2),    0.000001169,  0.000026333,  0.000000189,
VCV (3),   -0.000000788,  0.000000189,  0.000000104,
St.dev,     0.003704707,  0.005131613,  0.000322873,
AutoCor,    0.447058106, -0.355738745, -0.138256836,

No.; 2; Score; 15.064927248556;
Markow Autoregressive (lag 1) bivariate joint 3 asset model uncond. params
uMean,      0.000182925,  0.000207897,  0.000062248,
VCV (1),    0.000044176, -0.000027523,  0.000000451,
VCV (2),   -0.000027523,  0.000050738,  0.000001331,
VCV (3),    0.000000451,  0.000001331,  0.000000200,
Cor (1),    1.000000000, -0.581342276,  0.151792714,
Cor (2),   -0.581342276,  1.000000000,  0.418416405,
Cor (3),    0.151792714,  0.418416405,  1.000000000,
St.dev,     0.006646484,  0.007123077,  0.000446698,
Skewness,  -0.054438879, -0.479754012, -0.018829611,
Kurtosis,   0.025356259, -0.360904914,  0.309576025,
AutoCor,   -0.262201832,  0.284080780, -0.210010886,
Markow Autoregressive (lag 1) bivariate joint 3 asset model cond. params
uProb.,   0.457090548,  0.542909452,
Prob (1),   0.654862631,  0.345137369,
Prob (2),   0.290580738,  0.709419262,
Mean,     -0.001236227,  0.005536715,  0.000052726,
Cor (1),    1.000000000, -0.387126573,  0.172434390,
Cor (2),   -0.387126573,  1.000000000,  0.600594171,
Cor (3),    0.172434390,  0.600594171,  1.000000000,
VCV (1),    0.000043198, -0.000008619,  0.000000577,
VCV (2),   -0.000008619,  0.000011476,  0.000001036,
VCV (3),    0.000000577,  0.000001036,  0.000000259,
St.dev,     0.006572541,  0.003387613,  0.000509223,
Mean,      0.001377747, -0.004278583,  0.000070264,
Cor (1),    1.000000000, -0.935061697,  0.126497489,
Cor (2),   -0.935061697,  1.000000000,  0.793574734,
Cor (3),    0.126497489,  0.793574734,  1.000000000,
VCV (1),    0.000035421, -0.000034090,  0.000000274,
VCV (2),   -0.000034090,  0.000037524,  0.000001772,
VCV (3),    0.000000274,  0.000001772,  0.000000133,
St.dev,     0.005951563,  0.006125688,  0.000364472,
AutoCor,   -0.287208527,  0.212616898, -0.210230646,

No.; 3; Score; 16.03866827952;
Markow Autoregressive (lag 1) bivariate joint 3 asset model uncond. params
uMean,     -0.000054770, -0.000158628, -0.000183881,
VCV (1),    0.000038618, -0.000014405, -0.000000291,
VCV (2),   -0.000014405,  0.000026494,  0.000000149,
VCV (3),   -0.000000291,  0.000000149,  0.000000164,
Cor (1),    1.000000000, -0.450347557, -0.115677591,
Cor (2),   -0.450347557,  1.000000000,  0.071748883,
Cor (3),   -0.115677591,  0.071748883,  1.000000000,
St.dev,     0.006214357,  0.005147187,  0.000404755,
Skewness,   0.095592971,  0.256485588,  0.895276817,
Kurtosis,  -0.233170031,  0.190324681,  0.665924002,
AutoCor,   -0.095440818,  0.041396481,  0.111132108,
Markow Autoregressive (lag 1) bivariate joint 3 asset model cond. params
uProb.,   0.227171826,  0.772828174,
Prob (1),   0.164571557,  0.835428443,
Prob (2),   0.245573093,  0.754426907,
Mean,     -0.005560390, -0.002638949,  0.000373862,
Cor (1),    1.000000000, -0.026608368,  0.181251044,
Cor (2),   -0.026608368,  1.000000000, -0.367174497,
Cor (3),    0.181251044, -0.367174497,  1.000000000,
VCV (1),    0.000017544, -0.000000299,  0.000000253,
VCV (2),   -0.000000299,  0.000007180, -0.000000328,
VCV (3),    0.000000253, -0.000000328,  0.000000111,
St.dev,     0.004188527,  0.002679594,  0.000333605,
Mean,      0.001563599,  0.000570460, -0.000347829,
Cor (1),    1.000000000, -0.762817913,  0.585396629,
Cor (2),   -0.762817913,  1.000000000,  0.663787279,
Cor (3),    0.585396629,  0.663787279,  1.000000000,
VCV (1),    0.000032901, -0.000023865,  0.000000745,
VCV (2),   -0.000023865,  0.000029750,  0.000000803,
VCV (3),    0.000000745,  0.000000803,  0.000000049,
St.dev,     0.005735952,  0.005454329,  0.000221861,
AutoCor,   -0.099771484,  0.050363040,  0.353842935,

No.; 4; Score; 16.45004763602;
Markow Autoregressive (lag 1) bivariate joint 3 asset model uncond. params
uMean,      0.000136013,  0.000176132,  0.000047172,
VCV (1),    0.000037109, -0.000009016,  0.000000304,
VCV (2),   -0.000009016,  0.000022136,  0.000000483,
VCV (3),    0.000000304,  0.000000483,  0.000000061,
Cor (1),    1.000000000, -0.314580751,  0.201691020,
Cor (2),   -0.314580751,  1.000000000,  0.415404530,
Cor (3),    0.201691020,  0.415404530,  1.000000000,
St.dev,     0.006091728,  0.004704868,  0.000247184,
Skewness,  -0.575939268,  0.950654725, -0.509984766,
Kurtosis,  -0.011925773,  3.373601817,  2.805595458,
AutoCor,   -0.217548703, -0.011617522,  0.124323969,
Markow Autoregressive (lag 1) bivariate joint 3 asset model cond. params
uProb.,   0.762563318,  0.237436682,
Prob (1),   0.785902476,  0.214097524,
Prob (2),   0.687606130,  0.312393870,
Mean,      0.002660016, -0.000669710,  0.000072089,
Cor (1),    1.000000000, -0.764265602, -0.308502637,
Cor (2),   -0.764265602,  1.000000000,  0.713835611,
Cor (3),   -0.308502637,  0.713835611,  1.000000000,
VCV (1),    0.000009908, -0.000006891, -0.000000158,
VCV (2),   -0.000006891,  0.000008206,  0.000000334,
VCV (3),   -0.000000158,  0.000000334,  0.000000027,
St.dev,     0.003147628,  0.002864569,  0.000163104,
Mean,     -0.007970200,  0.002892678, -0.000032851,
Cor (1),    1.000000000,  0.491289735,  0.684389416,
Cor (2),    0.491289735,  1.000000000,  0.415783500,
Cor (3),    0.684389416,  0.415783500,  1.000000000,
VCV (1),    0.000012576,  0.000013171,  0.000000970,
VCV (2),    0.000013171,  0.000057147,  0.000001256,
VCV (3),    0.000000970,  0.000001256,  0.000000160,
St.dev,     0.003546248,  0.007559578,  0.000399492,
AutoCor,   -0.605692534, -0.024348462,  0.125202007,

No.; 5; Score; 19.05746850785;
Markow Autoregressive (lag 1) bivariate joint 3 asset model uncond. params
uMean,      0.000213795,  0.000174356,  0.000018041,
VCV (1),    0.000053964,  0.000019755,  0.000000909,
VCV (2),    0.000019755,  0.000057754,  0.000001105,
VCV (3),    0.000000909,  0.000001105,  0.000000129,
Cor (1),    1.000000000,  0.353863758,  0.345267989,
Cor (2),    0.353863758,  1.000000000,  0.405664067,
Cor (3),    0.345267989,  0.405664067,  1.000000000,
St.dev,     0.007346053,  0.007599590,  0.000358493,
Skewness,  -0.114117547,  0.188893811,  0.030064398,
Kurtosis,  -0.836781002, -0.552098757, -0.177925859,
AutoCor,    0.127209419,  0.170051371, -0.350466143,
Markow Autoregressive (lag 1) bivariate joint 3 asset model cond. params
uProb.,   0.344698765,  0.655301235,
Prob (1),   0.551187713,  0.448812287,
Prob (2),   0.236082328,  0.763917672,
Mean,      0.007927543,  0.007958719,  0.000284891,
Cor (1),    1.000000000, -0.403264473, -0.711887753,
Cor (2),   -0.403264473,  1.000000000,  0.888168783,
Cor (3),   -0.711887753,  0.888168783,  1.000000000,
VCV (1),    0.000009224, -0.000005880, -0.000000477,
VCV (2),   -0.000005880,  0.000023053,  0.000000940,
VCV (3),   -0.000000477,  0.000000940,  0.000000049,
St.dev,     0.003037094,  0.004801302,  0.000220436,
Mean,     -0.003843758, -0.003920341, -0.000122326,
Cor (1),    1.000000000, -0.529146186,  0.005940909,
Cor (2),   -0.529146186,  1.000000000, -0.373413438,
Cor (3),    0.005940909, -0.373413438,  1.000000000,
VCV (1),    0.000029131, -0.000014940,  0.000000008,
VCV (2),   -0.000014940,  0.000027363, -0.000000475,
VCV (3),    0.000000008, -0.000000475,  0.000000059,
St.dev,     0.005397318,  0.005230975,  0.000243412,
AutoCor,   -0.132256822, -0.008607418, -0.624244498,

