Round No; 9; best result RLS; 8.015996666619

;;;
Statistical description of data for: Meginajums1
Calib/Tail/Per/Cur, 784, 9999, 23, 0,
Title,    INDEX WITH EQUAL WEIGHTS based on market value,EQUITY LM SNP,REX BOND     ,
Mean,       0.000158634,  0.000175148,  0.000011824,
VCV (1),    0.000022943, -0.000000281, -0.000000006,
VCV (2),   -0.000000281,  0.000027803, -0.000000034,
VCV (3),   -0.000000006, -0.000000034,  0.000000099,
St.dev,     0.004789897,  0.005272874,  0.000315163,
Skewness,  -1.581739356, -0.533728382, -0.333150084,
Kurtosis,  24.552038003,  6.345066446, 26.810331499,
AutoCor,   -0.072787598,  0.126724186, -0.366572783,
No.; 1; Score; 8.015996666619;
Markow Autoregressive (lag 1) bivariate joint 3 asset model uncond. params
uMean,     -0.004878770,  0.001709977, -0.000317278,
VCV (1),    0.000021829,  0.000005647, -0.000000392,
VCV (2),    0.000005647,  0.000022601,  0.000000759,
VCV (3),   -0.000000392,  0.000000759,  0.000000165,
Cor (1),    1.000000000,  0.254253967, -0.206382002,
Cor (2),    0.254253967,  1.000000000,  0.392785334,
Cor (3),   -0.206382002,  0.392785334,  1.000000000,
St.dev,     0.004672140,  0.004754055,  0.000406469,
Skewness,   0.032740678, -0.883286087, -0.030776656,
Kurtosis,   0.018334250,  1.147213040,  0.122645948,
AutoCor,    0.440819311, -0.216400978, -0.137826645,
Markow Autoregressive (lag 1) bivariate joint 3 asset model cond. params
uProb.,   0.742039103,  0.257960897,
Prob (1),   0.750273610,  0.249726390,
Prob (2),   0.718352076,  0.281647924,
Mean,     -0.004541067,  0.003390469, -0.000329327,
Cor (1),    1.000000000,  0.486672363, -0.147801690,
Cor (2),    0.486672363,  1.000000000,  0.820152550,
Cor (3),   -0.147801690,  0.820152550,  1.000000000,
VCV (1),    0.000018413,  0.000005865, -0.000000270,
VCV (2),    0.000005865,  0.000007887,  0.000000982,
VCV (3),   -0.000000270,  0.000000982,  0.000000182,
St.dev,     0.004291041,  0.002808355,  0.000426150,
Mean,     -0.005850190, -0.003124054, -0.000282617,
Cor (1),    1.000000000,  0.061489258, -0.658471680,
Cor (2),    0.061489258,  1.000000000,  0.113983276,
Cor (3),   -0.658471680,  0.113983276,  1.000000000,
VCV (1),    0.000013725,  0.000001169, -0.000000788,
VCV (2),    0.000001169,  0.000026333,  0.000000189,
VCV (3),   -0.000000788,  0.000000189,  0.000000104,
St.dev,     0.003704707,  0.005131613,  0.000322873,
AutoCor,    0.447058106, -0.355738745, -0.138256836,

No.; 2; Score; 15.0649592316;
Markow Autoregressive (lag 1) bivariate joint 3 asset model uncond. params
uMean,      0.000182926,  0.000207897,  0.000062248,
VCV (1),    0.000044176, -0.000027523,  0.000000451,
VCV (2),   -0.000027523,  0.000050738,  0.000001331,
VCV (3),    0.000000451,  0.000001331,  0.000000200,
Cor (1),    1.000000000, -0.581341735,  0.151792562,
Cor (2),   -0.581341735,  1.000000000,  0.418416629,
Cor (3),    0.151792562,  0.418416629,  1.000000000,
St.dev,     0.006646487,  0.007123080,  0.000446698,
Skewness,  -0.054438750, -0.479753472, -0.018829130,
Kurtosis,   0.025356220, -0.360905803,  0.309575510,
AutoCor,   -0.262202334,  0.284081020, -0.210010408,
Markow Autoregressive (lag 1) bivariate joint 3 asset model cond. params
uProb.,   0.457090560,  0.542909440,
Prob (1),   0.654862673,  0.345137327,
Prob (2),   0.290580716,  0.709419284,
Mean,     -0.001236224,  0.005536718,  0.000052726,
Cor (1),    1.000000000, -0.387126300,  0.172434347,
Cor (2),   -0.387126300,  1.000000000,  0.600593723,
Cor (3),    0.172434347,  0.600593723,  1.000000000,
VCV (1),    0.000043198, -0.000008619,  0.000000577,
VCV (2),   -0.000008619,  0.000011476,  0.000001036,
VCV (3),    0.000000577,  0.000001036,  0.000000259,
St.dev,     0.006572542,  0.003387614,  0.000509223,
Mean,      0.001377747, -0.004278586,  0.000070264,
Cor (1),    1.000000000, -0.935061523,  0.126497433,
Cor (2),   -0.935061523,  1.000000000,  0.793574762,
Cor (3),    0.126497433,  0.793574762,  1.000000000,
VCV (1),    0.000035421, -0.000034090,  0.000000274,
VCV (2),   -0.000034090,  0.000037524,  0.000001772,
VCV (3),    0.000000274,  0.000001772,  0.000000133,
St.dev,     0.005951565,  0.006125687,  0.000364472,
AutoCor,   -0.287208976,  0.212617218, -0.210230157,

No.; 3; Score; 16.03866827952;
Markow Autoregressive (lag 1) bivariate joint 3 asset model uncond. params
uMean,     -0.000054770, -0.000158628, -0.000183881,
VCV (1),    0.000038618, -0.000014405, -0.000000291,
VCV (2),   -0.000014405,  0.000026494,  0.000000149,
VCV (3),   -0.000000291,  0.000000149,  0.000000164,
Cor (1),    1.000000000, -0.450347557, -0.115677591,
Cor (2),   -0.450347557,  1.000000000,  0.071748883,
Cor (3),   -0.115677591,  0.071748883,  1.000000000,
St.dev,     0.006214357,  0.005147187,  0.000404755,
Skewness,   0.095592971,  0.256485588,  0.895276817,
Kurtosis,  -0.233170031,  0.190324681,  0.665924002,
AutoCor,   -0.095440818,  0.041396481,  0.111132108,
Markow Autoregressive (lag 1) bivariate joint 3 asset model cond. params
uProb.,   0.227171826,  0.772828174,
Prob (1),   0.164571557,  0.835428443,
Prob (2),   0.245573093,  0.754426907,
Mean,     -0.005560390, -0.002638949,  0.000373862,
Cor (1),    1.000000000, -0.026608368,  0.181251044,
Cor (2),   -0.026608368,  1.000000000, -0.367174497,
Cor (3),    0.181251044, -0.367174497,  1.000000000,
VCV (1),    0.000017544, -0.000000299,  0.000000253,
VCV (2),   -0.000000299,  0.000007180, -0.000000328,
VCV (3),    0.000000253, -0.000000328,  0.000000111,
St.dev,     0.004188527,  0.002679594,  0.000333605,
Mean,      0.001563599,  0.000570460, -0.000347829,
Cor (1),    1.000000000, -0.762817913,  0.585396629,
Cor (2),   -0.762817913,  1.000000000,  0.663787279,
Cor (3),    0.585396629,  0.663787279,  1.000000000,
VCV (1),    0.000032901, -0.000023865,  0.000000745,
VCV (2),   -0.000023865,  0.000029750,  0.000000803,
VCV (3),    0.000000745,  0.000000803,  0.000000049,
St.dev,     0.005735952,  0.005454329,  0.000221861,
AutoCor,   -0.099771484,  0.050363040,  0.353842935,

No.; 4; Score; 16.450077531788;
Markow Autoregressive (lag 1) bivariate joint 3 asset model uncond. params
uMean,      0.000136015,  0.000176132,  0.000047172,
VCV (1),    0.000037109, -0.000009016,  0.000000304,
VCV (2),   -0.000009016,  0.000022136,  0.000000483,
VCV (3),    0.000000304,  0.000000483,  0.000000061,
Cor (1),    1.000000000, -0.314580747,  0.201690965,
Cor (2),   -0.314580747,  1.000000000,  0.415404089,
Cor (3),    0.201690965,  0.415404089,  1.000000000,
St.dev,     0.006091732,  0.004704869,  0.000247185,
Skewness,  -0.575938861,  0.950655063, -0.509984651,
Kurtosis,  -0.011926482,  3.373601479,  2.805595965,
AutoCor,   -0.217549051, -0.011618119,  0.124324314,
Markow Autoregressive (lag 1) bivariate joint 3 asset model cond. params
uProb.,   0.762563270,  0.237436730,
Prob (1),   0.785902351,  0.214097649,
Prob (2),   0.687606350,  0.312393650,
Mean,      0.002660020, -0.000669710,  0.000072089,
Cor (1),    1.000000000, -0.764265297, -0.308502232,
Cor (2),   -0.764265297,  1.000000000,  0.713835298,
Cor (3),   -0.308502232,  0.713835298,  1.000000000,
VCV (1),    0.000009908, -0.000006891, -0.000000158,
VCV (2),   -0.000006891,  0.000008206,  0.000000334,
VCV (3),   -0.000000158,  0.000000334,  0.000000027,
St.dev,     0.003147630,  0.002864569,  0.000163104,
Mean,     -0.007970202,  0.002892680, -0.000032852,
Cor (1),    1.000000000,  0.491289875,  0.684389037,
Cor (2),    0.491289875,  1.000000000,  0.415783147,
Cor (3),    0.684389037,  0.415783147,  1.000000000,
VCV (1),    0.000012576,  0.000013171,  0.000000970,
VCV (2),    0.000013171,  0.000057147,  0.000001256,
VCV (3),    0.000000970,  0.000001256,  0.000000160,
St.dev,     0.003546248,  0.007559578,  0.000399492,
AutoCor,   -0.605692839, -0.024349102,  0.125202374,

No.; 5; Score; 19.057505776876;
Markow Autoregressive (lag 1) bivariate joint 3 asset model uncond. params
uMean,      0.000213795,  0.000174357,  0.000018041,
VCV (1),    0.000053965,  0.000019755,  0.000000909,
VCV (2),    0.000019755,  0.000057754,  0.000001105,
VCV (3),    0.000000909,  0.000001105,  0.000000129,
Cor (1),    1.000000000,  0.353864411,  0.345268262,
Cor (2),    0.353864411,  1.000000000,  0.405664340,
Cor (3),    0.345268262,  0.405664340,  1.000000000,
St.dev,     0.007346056,  0.007599594,  0.000358493,
Skewness,  -0.114117800,  0.188893419,  0.030064565,
Kurtosis,  -0.836781639, -0.552099951, -0.177925976,
AutoCor,    0.127209786,  0.170051705, -0.350466094,
Markow Autoregressive (lag 1) bivariate joint 3 asset model cond. params
uProb.,   0.344698989,  0.655301011,
Prob (1),   0.551187909,  0.448812091,
Prob (2),   0.236082458,  0.763917542,
Mean,      0.007927545,  0.007958723,  0.000284891,
Cor (1),    1.000000000, -0.403264488, -0.711887993,
Cor (2),   -0.403264488,  1.000000000,  0.888168738,
Cor (3),   -0.711887993,  0.888168738,  1.000000000,
VCV (1),    0.000009224, -0.000005880, -0.000000477,
VCV (2),   -0.000005880,  0.000023052,  0.000000940,
VCV (3),   -0.000000477,  0.000000940,  0.000000049,
St.dev,     0.003037094,  0.004801302,  0.000220436,
Mean,     -0.003843763, -0.003920345, -0.000122326,
Cor (1),    1.000000000, -0.529145838,  0.005941001,
Cor (2),   -0.529145838,  1.000000000, -0.373413783,
Cor (3),    0.005941001, -0.373413783,  1.000000000,
VCV (1),    0.000029131, -0.000014940,  0.000000008,
VCV (2),   -0.000014940,  0.000027363, -0.000000475,
VCV (3),    0.000000008, -0.000000475,  0.000000059,
St.dev,     0.005397319,  0.005230977,  0.000243412,
AutoCor,   -0.132256403, -0.008607029, -0.624244713,

