Round No; 1; best result RLS; 7.3165301194662

;;;
Statistical description of data for: Meginajums1
Calib/Tail/Per/Cur, 784, 9999, 23, 0,
Title,    INDEX WITH EQUAL WEIGHTS based on market value,EQUITY LM SNP,REX BOND     ,
Mean,       0.000158634,  0.000175148,  0.000011824,
VCV (1),    0.000022943, -0.000000281, -0.000000006,
VCV (2),   -0.000000281,  0.000027803, -0.000000034,
VCV (3),   -0.000000006, -0.000000034,  0.000000099,
St.dev,     0.004789897,  0.005272874,  0.000315163,
Skewness,  -1.581739356, -0.533728382, -0.333150084,
Kurtosis,  24.552038003,  6.345066446, 26.810331499,
AutoCor,   -0.072787598,  0.126724186, -0.366572783,
No.; 1; Score; 7.3165301194662;
Markow Autoregressive (lag 1) bivariate joint 3 asset model uncond. params
uMean,     -0.005531521, -0.001413060, -0.000025317,
VCV (1),    0.000059544, -0.000031355,  0.000000404,
VCV (2),   -0.000031355,  0.000135564, -0.000001646,
VCV (3),    0.000000404, -0.000001646,  0.000000266,
Cor (1),    1.000000000, -0.348993520,  0.101574487,
Cor (2),   -0.348993520,  1.000000000, -0.273996457,
Cor (3),    0.101574487, -0.273996457,  1.000000000,
St.dev,     0.007716471,  0.011643211,  0.000515869,
Skewness,   0.061996126, -0.104978367,  0.117156333,
Kurtosis,  -0.016281686, -0.119579059, -0.536406563,
AutoCor,   -0.115663322, -0.561776670,  0.299388414,
Markow Autoregressive (lag 1) bivariate joint 3 asset model cond. params
uProb.,   0.743752680,  0.256247320,
Prob (1),   0.843969070,  0.156030930,
Prob (2),   0.452876629,  0.547123371,
Mean,     -0.004371448, -0.004430228,  0.000164685,
Cor (1),    1.000000000, -0.382043457, -0.119929200,
Cor (2),   -0.382043457,  1.000000000,  0.005012207,
Cor (3),   -0.119929200,  0.005012207,  1.000000000,
VCV (1),    0.000058006, -0.000020516, -0.000000392,
VCV (2),   -0.000020516,  0.000049716,  0.000000015,
VCV (3),   -0.000000392,  0.000000015,  0.000000184,
St.dev,     0.007616151,  0.007050924,  0.000428883,
Mean,     -0.008898610,  0.007344210, -0.000576793,
Cor (1),    1.000000000, -0.532450463,  0.114571101,
Cor (2),   -0.532450463,  1.000000000,  0.044016113,
Cor (3),    0.114571101,  0.044016113,  1.000000000,
VCV (1),    0.000043799, -0.000013256,  0.000000185,
VCV (2),   -0.000013256,  0.000014152,  0.000000040,
VCV (3),    0.000000185,  0.000000040,  0.000000060,
St.dev,     0.006618052,  0.003761860,  0.000243976,
AutoCor,   -0.151240234, -0.792456055,  0.239831542,

No.; 2; Score; 34.661634533995;
Markow Autoregressive (lag 1) bivariate joint 3 asset model uncond. params
uMean,      0.000290155,  0.000165844,  0.000022557,
VCV (1),    0.000019806, -0.000005121, -0.000000361,
VCV (2),   -0.000005121,  0.000046641, -0.000001979,
VCV (3),   -0.000000361, -0.000001979,  0.000000281,
Cor (1),    1.000000000, -0.168502153, -0.152784836,
Cor (2),   -0.168502153,  1.000000000, -0.546361088,
Cor (3),   -0.152784836, -0.546361088,  1.000000000,
St.dev,     0.004450388,  0.006829398,  0.000530358,
Skewness,   0.060388588,  0.467274311,  0.568572843,
Kurtosis,   0.098963676, -0.264983456,  0.468457207,
AutoCor,   -0.316442316, -0.094902905,  0.455011532,
Markow Autoregressive (lag 1) bivariate joint 3 asset model cond. params
uProb.,   0.615683458,  0.384316542,
Prob (1),   0.589444362,  0.410555638,
Prob (2),   0.657719060,  0.342280940,
Mean,      0.000673350,  0.003423500, -0.000200444,
Cor (1),    1.000000000, -0.156519397, -0.553454873,
Cor (2),   -0.156519397,  1.000000000, -0.864408785,
Cor (3),   -0.553454873, -0.864408785,  1.000000000,
VCV (1),    0.000020514, -0.000004535, -0.000000514,
VCV (2),   -0.000004535,  0.000040926, -0.000001134,
VCV (3),   -0.000000514, -0.000001134,  0.000000042,
St.dev,     0.004529232,  0.006397308,  0.000205144,
Mean,     -0.000323732, -0.005052994,  0.000379810,
Cor (1),    1.000000000, -0.907806958,  0.069363507,
Cor (2),   -0.907806958,  1.000000000, -0.294832455,
Cor (3),    0.069363507, -0.294832455,  1.000000000,
VCV (1),    0.000012864, -0.000010612,  0.000000119,
VCV (2),   -0.000010612,  0.000010623, -0.000000458,
VCV (3),    0.000000119, -0.000000458,  0.000000227,
St.dev,     0.003586613,  0.003259267,  0.000476889,
AutoCor,   -0.319425271, -0.110176813,  0.661789631,

No.; 3; Score; 47.55744577653;
Markow Autoregressive (lag 1) bivariate joint 3 asset model uncond. params
uMean,     -0.004994643,  0.000858080,  0.000202539,
VCV (1),    0.000077270,  0.000007938,  0.000001686,
VCV (2),    0.000007938,  0.000032921,  0.000000437,
VCV (3),    0.000001686,  0.000000437,  0.000000127,
Cor (1),    1.000000000,  0.157378379,  0.537354671,
Cor (2),    0.157378379,  1.000000000,  0.213515375,
Cor (3),    0.537354671,  0.213515375,  1.000000000,
St.dev,     0.008790309,  0.005737673,  0.000356919,
Skewness,  -0.179341640,  0.374949591, -0.236435951,
Kurtosis,  -0.294568343,  0.725046517, -0.099582233,
AutoCor,   -0.514667826,  0.089223737, -0.263779030,
Markow Autoregressive (lag 1) bivariate joint 3 asset model cond. params
uProb.,   0.594926258,  0.405073742,
Prob (1),   0.523336490,  0.476663510,
Prob (2),   0.700069170,  0.299930830,
Mean,     -0.009412184,  0.002018615,  0.000058810,
Cor (1),    1.000000000,  0.757727051,  0.691594238,
Cor (2),    0.757727051,  1.000000000,  0.514106445,
Cor (3),    0.691594238,  0.514106445,  1.000000000,
VCV (1),    0.000033979,  0.000029525,  0.000001333,
VCV (2),    0.000029525,  0.000044683,  0.000001136,
VCV (3),    0.000001333,  0.000001136,  0.000000109,
St.dev,     0.005829149,  0.006684520,  0.000330664,
Mean,      0.001493339, -0.000846381,  0.000413630,
Cor (1),    1.000000000, -0.242838647, -0.668693059,
Cor (2),   -0.242838647,  1.000000000,  0.088327637,
Cor (3),   -0.668693059,  0.088327637,  1.000000000,
VCV (1),    0.000008933, -0.000002284, -0.000000484,
VCV (2),   -0.000002284,  0.000009901,  0.000000067,
VCV (3),   -0.000000484,  0.000000067,  0.000000059,
St.dev,     0.002988792,  0.003146600,  0.000242316,
AutoCor,   -0.713923339,  0.106225585, -0.290991211,

No.; 4; Score; 51.071902833916;
Markow Autoregressive (lag 1) bivariate joint 3 asset model uncond. params
uMean,      0.000123445,  0.000091559, -0.000031784,
VCV (1),    0.000025359,  0.000019447, -0.000000494,
VCV (2),    0.000019447,  0.000097992, -0.000002506,
VCV (3),   -0.000000494, -0.000002506,  0.000000290,
Cor (1),    1.000000000,  0.390118090, -0.181943560,
Cor (2),    0.390118090,  1.000000000, -0.469851133,
Cor (3),   -0.181943560, -0.469851133,  1.000000000,
St.dev,     0.005035782,  0.009899104,  0.000538896,
Skewness,  -0.143059769, -0.232979668,  0.047259961,
Kurtosis,  -0.058807268, -0.566857353,  0.496843902,
AutoCor,   -0.395749695,  0.311132295,  0.401728934,
Markow Autoregressive (lag 1) bivariate joint 3 asset model cond. params
uProb.,   0.486768907,  0.513231093,
Prob (1),   0.481602510,  0.518397490,
Prob (2),   0.491668924,  0.508331076,
Mean,     -0.002299989, -0.007494415, -0.000053487,
Cor (1),    1.000000000,  0.612338218,  0.100452702,
Cor (2),    0.612338218,  1.000000000, -0.991800576,
Cor (3),    0.100452702, -0.991800576,  1.000000000,
VCV (1),    0.000017311,  0.000014128,  0.000000147,
VCV (2),    0.000014128,  0.000030752, -0.000001929,
VCV (3),    0.000000147, -0.000001929,  0.000000123,
St.dev,     0.004160648,  0.005545423,  0.000350778,
Mean,      0.002421926,  0.007286400, -0.000011199,
Cor (1),    1.000000000, -0.658249084, -0.673704141,
Cor (2),   -0.658249084,  1.000000000, -0.894866772,
Cor (3),   -0.673704141, -0.894866772,  1.000000000,
VCV (1),    0.000012333, -0.000008068, -0.000001413,
VCV (2),   -0.000008068,  0.000012183, -0.000001866,
VCV (3),   -0.000001413, -0.000001866,  0.000000357,
St.dev,     0.003511788,  0.003490386,  0.000597332,
AutoCor,   -0.504312649,  0.714956823,  0.402363405,

No.; 5; Score; 67.679838400351;
Markow Autoregressive (lag 1) bivariate joint 3 asset model uncond. params
uMean,      0.000133267,  0.000127029,  0.000037690,
VCV (1),    0.000070584, -0.000040198,  0.000000924,
VCV (2),   -0.000040198,  0.000071302, -0.000001930,
VCV (3),    0.000000924, -0.000001930,  0.000000177,
Cor (1),    1.000000000, -0.566638638,  0.261431406,
Cor (2),   -0.566638638,  1.000000000, -0.543506001,
Cor (3),    0.261431406, -0.543506001,  1.000000000,
St.dev,     0.008401425,  0.008444026,  0.000420642,
Skewness,   0.058815128,  0.631091313, -0.719500847,
Kurtosis,   0.002445309,  0.981862057, -0.789851859,
AutoCor,   -0.584929517, -0.467251604,  0.367962127,
Markow Autoregressive (lag 1) bivariate joint 3 asset model cond. params
uProb.,   0.711866180,  0.288133820,
Prob (1),   0.849276774,  0.150723226,
Prob (2),   0.372378248,  0.627621752,
Mean,      0.001365901, -0.002397876,  0.000282783,
Cor (1),    1.000000000, -0.628828379, -0.016026520,
Cor (2),   -0.628828379,  1.000000000, -0.853513498,
Cor (3),   -0.016026520, -0.853513498,  1.000000000,
VCV (1),    0.000042722, -0.000014700, -0.000000017,
VCV (2),   -0.000014700,  0.000012792, -0.000000505,
VCV (3),   -0.000000017, -0.000000505,  0.000000027,
St.dev,     0.006536239,  0.003576583,  0.000165441,
Mean,     -0.002912092,  0.006365084, -0.000567838,
Cor (1),    1.000000000, -0.557118958,  0.638446376,
Cor (2),   -0.557118958,  1.000000000,  0.045976494,
Cor (3),    0.638446376,  0.045976494,  1.000000000,
VCV (1),    0.000030026, -0.000023059,  0.000000580,
VCV (2),   -0.000023059,  0.000057054,  0.000000058,
VCV (3),    0.000000580,  0.000000058,  0.000000027,
St.dev,     0.005479555,  0.007553384,  0.000165774,
AutoCor,   -0.644571873, -0.734948224, -0.198731512,

No.; 6; Score; 71.03866283434;
Markow Autoregressive (lag 1) bivariate joint 3 asset model uncond. params
uMean,      0.000074801,  0.000145502,  0.000043692,
VCV (1),    0.000043942,  0.000009539,  0.000001603,
VCV (2),    0.000009539,  0.000092526,  0.000003121,
VCV (3),    0.000001603,  0.000003121,  0.000000442,
Cor (1),    1.000000000,  0.149598638,  0.363991180,
Cor (2),    0.149598638,  1.000000000,  0.488196709,
Cor (3),    0.363991180,  0.488196709,  1.000000000,
St.dev,     0.006628914,  0.009619020,  0.000664537,
Skewness,  -0.087576585, -0.000419023, -0.034610180,
Kurtosis,  -0.229883421,  0.019475309,  0.068708813,
AutoCor,    0.466333982, -0.490501111,  0.423356891,
Markow Autoregressive (lag 1) bivariate joint 3 asset model cond. params
uProb.,   0.815247752,  0.184752248,
Prob (1),   0.861212105,  0.138787895,
Prob (2),   0.612422967,  0.387577033,
Mean,     -0.001364671,  0.000153666,  0.000020143,
Cor (1),    1.000000000,  0.395511429,  0.509152026,
Cor (2),    0.395511429,  1.000000000,  0.986342139,
Cor (3),    0.509152026,  0.986342139,  1.000000000,
VCV (1),    0.000028706,  0.000017348,  0.000001708,
VCV (2),    0.000017348,  0.000067020,  0.000005054,
VCV (3),    0.000001708,  0.000005054,  0.000000392,
St.dev,     0.005357838,  0.008186586,  0.000625948,
Mean,      0.006426694,  0.000109477,  0.000147610,
Cor (1),    1.000000000, -0.387603306, -0.949743149,
Cor (2),   -0.387603306,  1.000000000, -0.438305885,
Cor (3),   -0.949743149, -0.438305885,  1.000000000,
VCV (1),    0.000010066, -0.000011310, -0.000001414,
VCV (2),   -0.000011310,  0.000084579, -0.000001891,
VCV (3),   -0.000001414, -0.000001891,  0.000000220,
St.dev,     0.003172713,  0.009196699,  0.000469154,
AutoCor,    0.523493297, -0.490503461,  0.424329680,

No.; 7; Score; 87.798361433594;
Markow Autoregressive (lag 1) bivariate joint 3 asset model uncond. params
uMean,     -0.003926601, -0.003193386, -0.000143499,
VCV (1),    0.000026027,  0.000000299, -0.000000252,
VCV (2),    0.000000299,  0.000767086,  0.000000626,
VCV (3),   -0.000000252,  0.000000626,  0.000000196,
Cor (1),    1.000000000,  0.002118123, -0.111464463,
Cor (2),    0.002118123,  1.000000000,  0.050979392,
Cor (3),   -0.111464463,  0.050979392,  1.000000000,
St.dev,     0.005101648,  0.027696321,  0.000443107,
Skewness,   0.108790954,  0.000909335, -0.065960008,
Kurtosis,  -0.253700010,  0.003130530,  0.959184201,
AutoCor,   -0.512668813, -0.966505290,  0.393309391,
Markow Autoregressive (lag 1) bivariate joint 3 asset model cond. params
uProb.,   0.453296443,  0.546703557,
Prob (1),   0.379441816,  0.620558184,
Prob (2),   0.514532628,  0.485467372,
Mean,     -0.000501875, -0.002395615, -0.000124355,
Cor (1),    1.000000000,  0.559729004,  0.535222167,
Cor (2),    0.559729004,  1.000000000,  0.456428223,
Cor (3),    0.535222167,  0.456428223,  1.000000000,
VCV (1),    0.000008529,  0.000012722,  0.000000322,
VCV (2),    0.000012722,  0.000060568,  0.000000733,
VCV (3),    0.000000322,  0.000000733,  0.000000043,
St.dev,     0.002920391,  0.007782525,  0.000206217,
Mean,     -0.006766194, -0.003854854, -0.000159371,
Cor (1),    1.000000000, -0.712260034, -0.750419133,
Cor (2),   -0.712260034,  1.000000000,  0.285593262,
Cor (3),   -0.750419133,  0.285593262,  1.000000000,
VCV (1),    0.000006511, -0.000011578, -0.000000991,
VCV (2),   -0.000011578,  0.000040585,  0.000000941,
VCV (3),   -0.000000991,  0.000000941,  0.000000268,
St.dev,     0.002551579,  0.006370620,  0.000517324,
AutoCor,   -0.737910156, -0.967077637,  0.394128417,

No.; 8; Score; 128.03927709066;
Markow Autoregressive (lag 1) bivariate joint 3 asset model uncond. params
uMean,     -0.003666822,  0.006554726, -0.000425002,
VCV (1),    0.000094704,  0.000003744,  0.000001168,
VCV (2),    0.000003744,  0.000316781, -0.000000943,
VCV (3),    0.000001168, -0.000000943,  0.000000657,
Cor (1),    1.000000000,  0.021614733,  0.148038726,
Cor (2),    0.021614733,  1.000000000, -0.065355076,
Cor (3),    0.148038726, -0.065355076,  1.000000000,
St.dev,     0.009731588,  0.017798344,  0.000810488,
Skewness,  -0.447715182, -0.001718337, -0.116626449,
Kurtosis,  -0.257354334, -0.002372400,  0.122535797,
AutoCor,   -0.189165577, -0.916633235, -0.767982474,
Markow Autoregressive (lag 1) bivariate joint 3 asset model cond. params
uProb.,   0.552136487,  0.447863513,
Prob (1),   0.580486208,  0.419513792,
Prob (2),   0.517186295,  0.482813705,
Mean,     -0.009287642,  0.009556533, -0.000606640,
Cor (1),    1.000000000,  0.651525879,  0.047124023,
Cor (2),    0.651525879,  1.000000000, -0.211113281,
Cor (3),    0.047124023, -0.211113281,  1.000000000,
VCV (1),    0.000070417,  0.000029102,  0.000000213,
VCV (2),    0.000029102,  0.000028334, -0.000000605,
VCV (3),    0.000000213, -0.000000605,  0.000000290,
St.dev,     0.008391469,  0.005322934,  0.000538427,
Mean,      0.003262654,  0.002854028, -0.000201075,
Cor (1),    1.000000000, -0.006083276, -0.299186223,
Cor (2),   -0.006083276,  1.000000000,  0.389536133,
Cor (3),   -0.299186223,  0.389536133,  1.000000000,
VCV (1),    0.000021045, -0.000000149, -0.000000405,
VCV (2),   -0.000000149,  0.000028698,  0.000000615,
VCV (3),   -0.000000405,  0.000000615,  0.000000087,
St.dev,     0.004587447,  0.005357094,  0.000294787,
AutoCor,   -0.365534668, -0.952246094, -0.822851563,

No.; 9; Score; 168.28019274772;
Markow Autoregressive (lag 1) bivariate joint 3 asset model uncond. params
uMean,      0.000305590, -0.006072141,  0.000373711,
VCV (1),    0.000130462, -0.000006806, -0.000000042,
VCV (2),   -0.000006806,  0.000017083, -0.000001214,
VCV (3),   -0.000000042, -0.000001214,  0.000000473,
Cor (1),    1.000000000, -0.144176421, -0.005334125,
Cor (2),   -0.144176421,  1.000000000, -0.427050503,
Cor (3),   -0.005334125, -0.427050503,  1.000000000,
St.dev,     0.011421998,  0.004133127,  0.000687780,
Skewness,  -0.032684648,  0.005441623, -0.054429189,
Kurtosis,   0.227703005,  0.006349840,  0.038538073,
AutoCor,   -0.896730334,  0.191182719,  0.697184513,
Markow Autoregressive (lag 1) bivariate joint 3 asset model cond. params
uProb.,   0.186933856,  0.813066144,
Prob (1),   0.016147350,  0.983852650,
Prob (2),   0.226199763,  0.773800237,
Mean,     -0.001277193, -0.005718838,  0.000044460,
Cor (1),    1.000000000,  0.199194336, -0.098994141,
Cor (2),    0.199194336,  1.000000000, -0.106560058,
Cor (3),   -0.098994141, -0.106560058,  1.000000000,
VCV (1),    0.000076179,  0.000007373, -0.000000435,
VCV (2),    0.000007373,  0.000017983, -0.000000228,
VCV (3),   -0.000000435, -0.000000228,  0.000000254,
St.dev,     0.008728039,  0.004240618,  0.000503658,
Mean,      0.000669491, -0.006153369,  0.000449409,
Cor (1),    1.000000000, -0.786600854, -0.150687688,
Cor (2),   -0.786600854,  1.000000000, -0.695546875,
Cor (3),   -0.150687688, -0.695546875,  1.000000000,
VCV (1),    0.000012902, -0.000011326, -0.000000233,
VCV (2),   -0.000011326,  0.000016068, -0.000001198,
VCV (3),   -0.000000233, -0.000001198,  0.000000185,
St.dev,     0.003591988,  0.004008543,  0.000429824,
AutoCor,   -0.899775390,  0.191857910,  0.747644043,

No.; 10; Score; 208.52110840479;
Markow Autoregressive (lag 1) bivariate joint 3 asset model uncond. params
uMean,      0.001227075,  0.004518057,  0.000098921,
VCV (1),    0.000159651, -0.000000091, -0.000003903,
VCV (2),   -0.000000091,  0.000026233,  0.000000279,
VCV (3),   -0.000003903,  0.000000279,  0.000000976,
Cor (1),    1.000000000, -0.001410187, -0.312738622,
Cor (2),   -0.001410187,  1.000000000,  0.055178401,
Cor (3),   -0.312738622,  0.055178401,  1.000000000,
St.dev,     0.012635310,  0.005121864,  0.000987816,
Skewness,  -0.011552746,  0.048314280,  0.009079265,
Kurtosis,   0.104378148, -0.280815807,  0.031750493,
AutoCor,   -0.931563410, -0.298313882, -0.828792298,
Markow Autoregressive (lag 1) bivariate joint 3 asset model cond. params
uProb.,   0.224517380,  0.775482620,
Prob (1),   0.182179386,  0.817820614,
Prob (2),   0.236775058,  0.763224942,
Mean,      0.000244792, -0.000481366,  0.000024878,
Cor (1),    1.000000000, -0.041650390,  0.190556640,
Cor (2),   -0.041650390,  1.000000000,  0.714667969,
Cor (3),    0.190556640,  0.714667969,  1.000000000,
VCV (1),    0.000048985, -0.000000856,  0.000000534,
VCV (2),   -0.000000856,  0.000008614,  0.000000840,
VCV (3),    0.000000534,  0.000000840,  0.000000160,
St.dev,     0.006998923,  0.002935031,  0.000400549,
Mean,      0.001511465,  0.005965487,  0.000120358,
Cor (1),    1.000000000, -0.065897729, -0.627250188,
Cor (2),   -0.065897729,  1.000000000, -0.037282715,
Cor (3),   -0.627250188, -0.037282715,  1.000000000,
VCV (1),    0.000012396, -0.000000991, -0.000001296,
VCV (2),   -0.000000991,  0.000018255, -0.000000093,
VCV (3),   -0.000001296, -0.000000093,  0.000000344,
St.dev,     0.003520727,  0.004272605,  0.000586732,
AutoCor,   -0.933100586, -0.391149903, -0.830053711,

No.; 11; Score; 248.76202406185;
Markow Autoregressive (lag 1) bivariate joint 3 asset model uncond. params
uMean,      0.001185074,  0.004125282, -0.000110346,
VCV (1),    0.000067334, -0.000008227,  0.000002008,
VCV (2),   -0.000008227,  0.000066639, -0.000003852,
VCV (3),    0.000002008, -0.000003852,  0.000000486,
Cor (1),    1.000000000, -0.122819547,  0.351111171,
Cor (2),   -0.122819547,  1.000000000, -0.676915557,
Cor (3),    0.351111171, -0.676915557,  1.000000000,
St.dev,     0.008205723,  0.008163298,  0.000697100,
Skewness,   0.063792886,  0.212382795,  0.100127116,
Kurtosis,   0.293452153, -0.647112977, -0.077563157,
AutoCor,   -0.502392546, -0.432751491,  0.067750798,
Markow Autoregressive (lag 1) bivariate joint 3 asset model cond. params
uProb.,   0.524932824,  0.475067176,
Prob (1),   0.343710322,  0.656289678,
Prob (2),   0.725177430,  0.274822570,
Mean,      0.001730525,  0.009993580, -0.000422821,
Cor (1),    1.000000000, -0.067529297,  0.456303710,
Cor (2),   -0.067529297,  1.000000000, -0.725639648,
Cor (3),    0.456303710, -0.725639648,  1.000000000,
VCV (1),    0.000071440, -0.000003086,  0.000002228,
VCV (2),   -0.000003086,  0.000029240, -0.000002267,
VCV (3),    0.000002228, -0.000002267,  0.000000334,
St.dev,     0.008452205,  0.005407415,  0.000577741,
Mean,      0.000582370, -0.002358985,  0.000234928,
Cor (1),    1.000000000, -0.822977807,  0.808846004,
Cor (2),   -0.822977807,  1.000000000, -0.762868652,
Cor (3),    0.808846004, -0.762868652,  1.000000000,
VCV (1),    0.000026422, -0.000015112,  0.000002618,
VCV (2),   -0.000015112,  0.000012762, -0.000001716,
VCV (3),    0.000002618, -0.000001716,  0.000000396,
St.dev,     0.005140211,  0.003572382,  0.000629624,
AutoCor,   -0.502985839, -0.501013184,  0.195947265,

No.; 12; Score; 289.00293971891;
Markow Autoregressive (lag 1) bivariate joint 3 asset model uncond. params
uMean,     -0.007488545,  0.003080867, -0.000106457,
VCV (1),    0.000031635, -0.000007834,  0.000001959,
VCV (2),   -0.000007834,  0.000027862, -0.000000810,
VCV (3),    0.000001959, -0.000000810,  0.000000283,
Cor (1),    1.000000000, -0.263881126,  0.654920458,
Cor (2),   -0.263881126,  1.000000000, -0.288563628,
Cor (3),    0.654920458, -0.288563628,  1.000000000,
St.dev,     0.005624458,  0.005278463,  0.000531855,
Skewness,   0.346889996,  0.043962282,  0.121165699,
Kurtosis,   0.513046309, -0.305772626, -0.093214381,
AutoCor,   -0.424302053,  0.130231915,  0.074954776,
Markow Autoregressive (lag 1) bivariate joint 3 asset model cond. params
uProb.,   0.516675851,  0.483324149,
Prob (1),   0.608528248,  0.391471752,
Prob (2),   0.418485195,  0.581514805,
Mean,     -0.005958921, -0.000120915,  0.000141987,
Cor (1),    1.000000000, -0.256066894,  0.806462402,
Cor (2),   -0.256066894,  1.000000000, -0.361809082,
Cor (3),    0.806462402, -0.361809082,  1.000000000,
VCV (1),    0.000034593, -0.000006093,  0.000002328,
VCV (2),   -0.000006093,  0.000016369, -0.000000718,
VCV (3),    0.000002328, -0.000000718,  0.000000241,
St.dev,     0.005881553,  0.004045830,  0.000490746,
Mean,     -0.009123721,  0.006503588, -0.000372045,
Cor (1),    1.000000000,  0.070332740,  0.581551082,
Cor (2),    0.070332740,  1.000000000,  0.470224609,
Cor (3),    0.581551082,  0.470224609,  1.000000000,
VCV (1),    0.000009580,  0.000000902,  0.000000786,
VCV (2),    0.000000902,  0.000017182,  0.000000851,
VCV (3),    0.000000786,  0.000000851,  0.000000191,
St.dev,     0.003095135,  0.004145160,  0.000436547,
AutoCor,   -0.477045898,  0.091455078,  0.039941406,

No.; 13; Score; 369.48477103304;
Markow Autoregressive (lag 1) bivariate joint 3 asset model uncond. params
uMean,     -0.008264633,  0.005128160, -0.000255875,
VCV (1),    0.000028705,  0.000014274,  0.000001050,
VCV (2),    0.000014274,  0.000203163,  0.000000311,
VCV (3),    0.000001050,  0.000000311,  0.000000267,
Cor (1),    1.000000000,  0.186921253,  0.379055917,
Cor (2),    0.186921253,  1.000000000,  0.042183323,
Cor (3),    0.379055917,  0.042183323,  1.000000000,
St.dev,     0.005357705,  0.014253514,  0.000517027,
Skewness,   0.151362022,  0.103638284,  0.317451645,
Kurtosis,   0.560844006,  0.069971054,  0.676672223,
AutoCor,   -0.028464429, -0.749625117,  0.289704979,
Markow Autoregressive (lag 1) bivariate joint 3 asset model cond. params
uProb.,   0.391056824,  0.608943176,
Prob (1),   0.498777577,  0.501222423,
Prob (2),   0.321879703,  0.678120297,
Mean,     -0.009037389,  0.010506578, -0.000395544,
Cor (1),    1.000000000,  0.902563477, -0.171137696,
Cor (2),    0.902563477,  1.000000000,  0.586555176,
Cor (3),   -0.171137696,  0.586555176,  1.000000000,
VCV (1),    0.000012589,  0.000027873, -0.000000160,
VCV (2),    0.000027873,  0.000075757,  0.000001348,
VCV (3),   -0.000000160,  0.000001348,  0.000000070,
St.dev,     0.003548144,  0.008703846,  0.000264098,
Mean,     -0.007768377,  0.001674197, -0.000166181,
Cor (1),    1.000000000,  0.237202857,  0.480476863,
Cor (2),    0.237202857,  1.000000000,  0.209543457,
Cor (3),    0.480476863,  0.209543457,  1.000000000,
VCV (1),    0.000038379,  0.000009192,  0.000001728,
VCV (2),    0.000009192,  0.000039125,  0.000000761,
VCV (3),    0.000001728,  0.000000761,  0.000000337,
St.dev,     0.006195091,  0.006255002,  0.000580644,
AutoCor,   -0.031245117, -0.842871094,  0.295251464,

No.; 14; Score; 449.96660234717;
Markow Autoregressive (lag 1) bivariate joint 3 asset model uncond. params
uMean,     -0.002891519,  0.000441392, -0.000343935,
VCV (1),    0.000061158, -0.000013220,  0.000000454,
VCV (2),   -0.000013220,  0.000045936, -0.000001496,
VCV (3),    0.000000454, -0.000001496,  0.000000313,
Cor (1),    1.000000000, -0.249417778,  0.103806841,
Cor (2),   -0.249417778,  1.000000000, -0.394444802,
Cor (3),    0.103806841, -0.394444802,  1.000000000,
St.dev,     0.007820376,  0.006777575,  0.000559584,
Skewness,  -0.575054787, -0.610971687,  0.247307292,
Kurtosis,   0.639901219,  1.211968193,  0.193225943,
AutoCor,   -0.086637919,  0.097321592, -0.522693362,
Markow Autoregressive (lag 1) bivariate joint 3 asset model cond. params
uProb.,   0.369681430,  0.630318570,
Prob (1),   0.356284312,  0.643715688,
Prob (2),   0.377538830,  0.622461170,
Mean,     -0.007489676, -0.002546231, -0.000074688,
Cor (1),    1.000000000, -0.281579590,  0.687993164,
Cor (2),   -0.281579590,  1.000000000, -0.237053222,
Cor (3),    0.687993164, -0.237053222,  1.000000000,
VCV (1),    0.000079326, -0.000021741,  0.000003093,
VCV (2),   -0.000021741,  0.000075149, -0.000001037,
VCV (3),    0.000003093, -0.000001037,  0.000000255,
St.dev,     0.008906520,  0.008668847,  0.000504798,
Mean,     -0.000194702,  0.002193632, -0.000501849,
Cor (1),    1.000000000, -0.880594995, -0.029899114,
Cor (2),   -0.880594995,  1.000000000, -0.719533691,
Cor (3),   -0.029899114, -0.719533691,  1.000000000,
VCV (1),    0.000030005, -0.000021398, -0.000000058,
VCV (2),   -0.000021398,  0.000019678, -0.000001126,
VCV (3),   -0.000000058, -0.000001126,  0.000000125,
St.dev,     0.005477659,  0.004436015,  0.000352928,
AutoCor,   -0.103266601,  0.112573242, -0.601477051,

No.; 15; Score; 490.20751800424;
Markow Autoregressive (lag 1) bivariate joint 3 asset model uncond. params
uMean,     -0.001828223, -0.001143220, -0.000357259,
VCV (1),    0.000150518, -0.000024660, -0.000001130,
VCV (2),   -0.000024660,  0.000190156,  0.000000994,
VCV (3),   -0.000001130,  0.000000994,  0.000001007,
Cor (1),    1.000000000, -0.145764377, -0.091796180,
Cor (2),   -0.145764377,  1.000000000,  0.071817762,
Cor (3),   -0.091796180,  0.071817762,  1.000000000,
St.dev,     0.012268594,  0.013789691,  0.001003640,
Skewness,   0.086244877,  0.121896945,  0.059740302,
Kurtosis,  -0.071337292, -0.305411780,  0.054320204,
AutoCor,   -0.675960820, -0.484495482,  0.839942140,
Markow Autoregressive (lag 1) bivariate joint 3 asset model cond. params
uProb.,   0.471324541,  0.528675459,
Prob (1),   0.358611798,  0.641388202,
Prob (2),   0.571810162,  0.428189838,
Mean,     -0.007756302,  0.008163007, -0.000103503,
Cor (1),    1.000000000,  0.677099610,  0.167607421,
Cor (2),    0.677099610,  1.000000000, -0.635551758,
Cor (3),    0.167607421, -0.635551758,  1.000000000,
VCV (1),    0.000030514,  0.000031933,  0.000000486,
VCV (2),    0.000031933,  0.000072890, -0.000002851,
VCV (3),    0.000000486, -0.000002851,  0.000000276,
St.dev,     0.005523933,  0.008537540,  0.000525429,
Mean,      0.003456776, -0.009439904, -0.000583487,
Cor (1),    1.000000000, -0.127726342,  0.117867000,
Cor (2),   -0.127726342,  1.000000000, -0.396596680,
Cor (3),    0.117867000, -0.396596680,  1.000000000,
VCV (1),    0.000054821, -0.000006870,  0.000000252,
VCV (2),   -0.000006870,  0.000052765, -0.000000833,
VCV (3),    0.000000252, -0.000000833,  0.000000084,
St.dev,     0.007404113,  0.007263941,  0.000289175,
AutoCor,   -0.797602539, -0.669958497,  0.903588867,

No.; 16; Score; 530.4484336613;
Markow Autoregressive (lag 1) bivariate joint 3 asset model uncond. params
uMean,     -0.006176616, -0.004209911, -0.000139521,
VCV (1),    0.000034726,  0.000022246,  0.000000064,
VCV (2),    0.000022246,  0.000056450, -0.000000487,
VCV (3),    0.000000064, -0.000000487,  0.000000112,
Cor (1),    1.000000000,  0.502448062,  0.032530791,
Cor (2),    0.502448062,  1.000000000, -0.193527549,
Cor (3),    0.032530791, -0.193527549,  1.000000000,
St.dev,     0.005892849,  0.007513341,  0.000334955,
Skewness,   0.679085989, -0.021951120,  0.195429448,
Kurtosis,   1.810628400,  0.007396296,  0.391070525,
AutoCor,    0.150362133, -0.389585621, -0.237376265,
Markow Autoregressive (lag 1) bivariate joint 3 asset model cond. params
uProb.,   0.388553308,  0.611446692,
Prob (1),   0.338184233,  0.661815767,
Prob (2),   0.420561119,  0.579438881,
Mean,     -0.003955139, -0.002983921, -0.000061607,
Cor (1),    1.000000000,  0.841772461,  0.134343261,
Cor (2),    0.841772461,  1.000000000, -0.862236328,
Cor (3),    0.134343261, -0.862236328,  1.000000000,
VCV (1),    0.000062932,  0.000043596,  0.000000414,
VCV (2),    0.000043596,  0.000042623, -0.000002187,
VCV (3),    0.000000414, -0.000002187,  0.000000151,
St.dev,     0.007932988,  0.006528593,  0.000388444,
Mean,     -0.007588288, -0.004988986, -0.000189033,
Cor (1),    1.000000000,  0.363911841, -0.402884953,
Cor (2),    0.363911841,  1.000000000,  0.309458008,
Cor (3),   -0.402884953,  0.309458008,  1.000000000,
VCV (1),    0.000010118,  0.000008146, -0.000000341,
VCV (2),    0.000008146,  0.000049523,  0.000000580,
VCV (3),   -0.000000341,  0.000000580,  0.000000071,
St.dev,     0.003180867,  0.007037292,  0.000266164,
AutoCor,    0.173466797, -0.394873047, -0.242895508,

No.; 17; Score; 610.93026497543;
Markow Autoregressive (lag 1) bivariate joint 3 asset model uncond. params
uMean,      0.001068762,  0.005716124,  0.000082887,
VCV (1),    0.000055142, -0.000012485,  0.000001796,
VCV (2),   -0.000012485,  0.000050606,  0.000000135,
VCV (3),    0.000001796,  0.000000135,  0.000001635,
Cor (1),    1.000000000, -0.236337523,  0.189123303,
Cor (2),   -0.236337523,  1.000000000,  0.014888543,
Cor (3),    0.189123303,  0.014888543,  1.000000000,
St.dev,     0.007425763,  0.007113794,  0.001278741,
Skewness,  -0.010710149, -1.254832405, -0.021455477,
Kurtosis,   0.000693907,  1.211437553,  0.027124079,
AutoCor,    0.072204363,  0.140988052,  0.889930992,
Markow Autoregressive (lag 1) bivariate joint 3 asset model cond. params
uProb.,   0.705600769,  0.294399231,
Prob (1),   0.788559109,  0.211440891,
Prob (2),   0.506770534,  0.493229466,
Mean,      0.000500308,  0.009205094, -0.000018288,
Cor (1),    1.000000000, -0.380578613,  0.609868164,
Cor (2),   -0.380578613,  1.000000000,  0.526130371,
Cor (3),    0.609868164,  0.526130371,  1.000000000,
VCV (1),    0.000055329, -0.000008514,  0.000002721,
VCV (2),   -0.000008514,  0.000009045,  0.000000949,
VCV (3),    0.000002721,  0.000000949,  0.000000360,
St.dev,     0.007438328,  0.003007443,  0.000599713,
Mean,      0.002431205, -0.002646058,  0.000325376,
Cor (1),    1.000000000, -0.116495873, -0.402274602,
Cor (2),   -0.116495873,  1.000000000,  0.394235840,
Cor (3),   -0.402274602,  0.394235840,  1.000000000,
VCV (1),    0.000051179, -0.000005948, -0.000001239,
VCV (2),   -0.000005948,  0.000050930,  0.000001211,
VCV (3),   -0.000001239,  0.000001211,  0.000000185,
St.dev,     0.007153933,  0.007136496,  0.000430589,
AutoCor,    0.069218750, -0.050695801,  0.899194335,

No.; 18; Score; 691.41209628956;
Markow Autoregressive (lag 1) bivariate joint 3 asset model uncond. params
uMean,     -0.004770378,  0.008120400, -0.000030939,
VCV (1),    0.000038802, -0.000010712,  0.000001402,
VCV (2),   -0.000010712,  0.000176674, -0.000000635,
VCV (3),    0.000001402, -0.000000635,  0.000000365,
Cor (1),    1.000000000, -0.129373279,  0.372689499,
Cor (2),   -0.129373279,  1.000000000, -0.079160729,
Cor (3),    0.372689499, -0.079160729,  1.000000000,
St.dev,     0.006229143,  0.013291873,  0.000603835,
Skewness,  -0.302497037, -0.004400266,  0.638909318,
Kurtosis,   0.110451539,  0.158960369, -0.168588438,
AutoCor,   -0.151745905, -0.908237614,  0.270897578,
Markow Autoregressive (lag 1) bivariate joint 3 asset model cond. params
uProb.,   0.509358687,  0.490641313,
Prob (1),   0.544392171,  0.455607829,
Prob (2),   0.472988718,  0.527011282,
Mean,     -0.007313096,  0.008267280, -0.000445942,
Cor (1),    1.000000000,  0.422827149, -0.017145997,
Cor (2),    0.422827149,  1.000000000, -0.469108887,
Cor (3),   -0.017145997, -0.469108887,  1.000000000,
VCV (1),    0.000040115,  0.000008313, -0.000000022,
VCV (2),    0.000008313,  0.000009635, -0.000000295,
VCV (3),   -0.000000022, -0.000000295,  0.000000041,
St.dev,     0.006333675,  0.003103992,  0.000202480,
Mean,     -0.002130658,  0.007967918,  0.000399896,
Cor (1),    1.000000000, -0.772623803,  0.303108699,
Cor (2),   -0.772623803,  1.000000000, -0.367360840,
Cor (3),    0.303108699, -0.367360840,  1.000000000,
VCV (1),    0.000021184, -0.000025879,  0.000000705,
VCV (2),   -0.000025879,  0.000052961, -0.000001350,
VCV (3),    0.000000705, -0.000001350,  0.000000255,
St.dev,     0.004602576,  0.007277458,  0.000505003,
AutoCor,   -0.198420410, -0.908361817,  0.462854003,

