Round No; 5; best result RLS; 8.015996666619

;;;
Statistical description of data for: Meginajums1
Calib/Tail/Per/Cur, 784, 9999, 23, 0,
Title,    INDEX WITH EQUAL WEIGHTS based on market value,EQUITY LM SNP,REX BOND     ,
Mean,       0.000158634,  0.000175148,  0.000011824,
VCV (1),    0.000022943, -0.000000281, -0.000000006,
VCV (2),   -0.000000281,  0.000027803, -0.000000034,
VCV (3),   -0.000000006, -0.000000034,  0.000000099,
St.dev,     0.004789897,  0.005272874,  0.000315163,
Skewness,  -1.581739356, -0.533728382, -0.333150084,
Kurtosis,  24.552038003,  6.345066446, 26.810331499,
AutoCor,   -0.072787598,  0.126724186, -0.366572783,
No.; 1; Score; 8.015996666619;
Markow Autoregressive (lag 1) bivariate joint 3 asset model uncond. params
uMean,     -0.004878770,  0.001709977, -0.000317278,
VCV (1),    0.000021829,  0.000005647, -0.000000392,
VCV (2),    0.000005647,  0.000022601,  0.000000759,
VCV (3),   -0.000000392,  0.000000759,  0.000000165,
Cor (1),    1.000000000,  0.254253967, -0.206382002,
Cor (2),    0.254253967,  1.000000000,  0.392785334,
Cor (3),   -0.206382002,  0.392785334,  1.000000000,
St.dev,     0.004672140,  0.004754055,  0.000406469,
Skewness,   0.032740678, -0.883286087, -0.030776656,
Kurtosis,   0.018334250,  1.147213040,  0.122645948,
AutoCor,    0.440819311, -0.216400978, -0.137826645,
Markow Autoregressive (lag 1) bivariate joint 3 asset model cond. params
uProb.,   0.742039103,  0.257960897,
Prob (1),   0.750273610,  0.249726390,
Prob (2),   0.718352076,  0.281647924,
Mean,     -0.004541067,  0.003390469, -0.000329327,
Cor (1),    1.000000000,  0.486672363, -0.147801690,
Cor (2),    0.486672363,  1.000000000,  0.820152550,
Cor (3),   -0.147801690,  0.820152550,  1.000000000,
VCV (1),    0.000018413,  0.000005865, -0.000000270,
VCV (2),    0.000005865,  0.000007887,  0.000000982,
VCV (3),   -0.000000270,  0.000000982,  0.000000182,
St.dev,     0.004291041,  0.002808355,  0.000426150,
Mean,     -0.005850190, -0.003124054, -0.000282617,
Cor (1),    1.000000000,  0.061489258, -0.658471680,
Cor (2),    0.061489258,  1.000000000,  0.113983276,
Cor (3),   -0.658471680,  0.113983276,  1.000000000,
VCV (1),    0.000013725,  0.000001169, -0.000000788,
VCV (2),    0.000001169,  0.000026333,  0.000000189,
VCV (3),   -0.000000788,  0.000000189,  0.000000104,
St.dev,     0.003704707,  0.005131613,  0.000322873,
AutoCor,    0.447058106, -0.355738745, -0.138256836,

No.; 2; Score; 15.325533939544;
Markow Autoregressive (lag 1) bivariate joint 3 asset model uncond. params
uMean,      0.000153176,  0.000197924,  0.000062002,
VCV (1),    0.000044405, -0.000027581,  0.000000456,
VCV (2),   -0.000027581,  0.000051102,  0.000001331,
VCV (3),    0.000000456,  0.000001331,  0.000000199,
Cor (1),    1.000000000, -0.578986588,  0.153272152,
Cor (2),   -0.578986588,  1.000000000,  0.416975985,
Cor (3),    0.153272152,  0.416975985,  1.000000000,
St.dev,     0.006663706,  0.007148559,  0.000446434,
Skewness,  -0.054390087, -0.477026847, -0.019414978,
Kurtosis,   0.025641177, -0.367002616,  0.311781935,
AutoCor,   -0.265676112,  0.287155358, -0.207640977,
Markow Autoregressive (lag 1) bivariate joint 3 asset model cond. params
uProb.,   0.456289210,  0.543710790,
Prob (1),   0.654778469,  0.345221531,
Prob (2),   0.289714426,  0.710285574,
Mean,     -0.001265413,  0.005562080,  0.000052210,
Cor (1),    1.000000000, -0.386782437,  0.176032375,
Cor (2),   -0.386782437,  1.000000000,  0.598081715,
Cor (3),    0.176032375,  0.598081715,  1.000000000,
VCV (1),    0.000043371, -0.000008632,  0.000000591,
VCV (2),   -0.000008632,  0.000011484,  0.000001033,
VCV (3),    0.000000591,  0.000001033,  0.000000260,
St.dev,     0.006585691,  0.003388862,  0.000509484,
Mean,      0.001343675, -0.004303746,  0.000070220,
Cor (1),    1.000000000, -0.935729748,  0.125311101,
Cor (2),   -0.935729748,  1.000000000,  0.795105712,
Cor (3),    0.125311101,  0.795105712,  1.000000000,
VCV (1),    0.000035531, -0.000034199,  0.000000272,
VCV (2),   -0.000034199,  0.000037595,  0.000001776,
VCV (3),    0.000000272,  0.000001776,  0.000000133,
St.dev,     0.005960799,  0.006131443,  0.000364339,
AutoCor,   -0.290613090,  0.217358812, -0.207872310,

No.; 3; Score; 16.03866827952;
Markow Autoregressive (lag 1) bivariate joint 3 asset model uncond. params
uMean,     -0.000054770, -0.000158628, -0.000183881,
VCV (1),    0.000038618, -0.000014405, -0.000000291,
VCV (2),   -0.000014405,  0.000026494,  0.000000149,
VCV (3),   -0.000000291,  0.000000149,  0.000000164,
Cor (1),    1.000000000, -0.450347557, -0.115677591,
Cor (2),   -0.450347557,  1.000000000,  0.071748883,
Cor (3),   -0.115677591,  0.071748883,  1.000000000,
St.dev,     0.006214357,  0.005147187,  0.000404755,
Skewness,   0.095592971,  0.256485588,  0.895276817,
Kurtosis,  -0.233170031,  0.190324681,  0.665924002,
AutoCor,   -0.095440818,  0.041396481,  0.111132108,
Markow Autoregressive (lag 1) bivariate joint 3 asset model cond. params
uProb.,   0.227171826,  0.772828174,
Prob (1),   0.164571557,  0.835428443,
Prob (2),   0.245573093,  0.754426907,
Mean,     -0.005560390, -0.002638949,  0.000373862,
Cor (1),    1.000000000, -0.026608368,  0.181251044,
Cor (2),   -0.026608368,  1.000000000, -0.367174497,
Cor (3),    0.181251044, -0.367174497,  1.000000000,
VCV (1),    0.000017544, -0.000000299,  0.000000253,
VCV (2),   -0.000000299,  0.000007180, -0.000000328,
VCV (3),    0.000000253, -0.000000328,  0.000000111,
St.dev,     0.004188527,  0.002679594,  0.000333605,
Mean,      0.001563599,  0.000570460, -0.000347829,
Cor (1),    1.000000000, -0.762817913,  0.585396629,
Cor (2),   -0.762817913,  1.000000000,  0.663787279,
Cor (3),    0.585396629,  0.663787279,  1.000000000,
VCV (1),    0.000032901, -0.000023865,  0.000000745,
VCV (2),   -0.000023865,  0.000029750,  0.000000803,
VCV (3),    0.000000745,  0.000000803,  0.000000049,
St.dev,     0.005735952,  0.005454329,  0.000221861,
AutoCor,   -0.099771484,  0.050363040,  0.353842935,

No.; 4; Score; 16.672318330551;
Markow Autoregressive (lag 1) bivariate joint 3 asset model uncond. params
uMean,      0.000111936,  0.000167331,  0.000048631,
VCV (1),    0.000037275, -0.000009047,  0.000000306,
VCV (2),   -0.000009047,  0.000022184,  0.000000479,
VCV (3),    0.000000306,  0.000000479,  0.000000061,
Cor (1),    1.000000000, -0.314618901,  0.202604189,
Cor (2),   -0.314618901,  1.000000000,  0.411826399,
Cor (3),    0.202604189,  0.411826399,  1.000000000,
St.dev,     0.006105327,  0.004710007,  0.000247202,
Skewness,  -0.567971735,  0.951993043, -0.513458988,
Kurtosis,  -0.018722532,  3.365047178,  2.787431951,
AutoCor,   -0.220820763, -0.015139911,  0.127864869,
Markow Autoregressive (lag 1) bivariate joint 3 asset model cond. params
uProb.,   0.761583197,  0.238416803,
Prob (1),   0.784933153,  0.215066847,
Prob (2),   0.686995612,  0.313004388,
Mean,      0.002641694, -0.000684068,  0.000073883,
Cor (1),    1.000000000, -0.764089849, -0.308266813,
Cor (2),   -0.764089849,  1.000000000,  0.713343066,
Cor (3),   -0.308266813,  0.713343066,  1.000000000,
VCV (1),    0.000009984, -0.000006910, -0.000000159,
VCV (2),   -0.000006910,  0.000008192,  0.000000333,
VCV (3),   -0.000000159,  0.000000333,  0.000000027,
St.dev,     0.003159717,  0.002862196,  0.000162956,
Mean,     -0.007968958,  0.002886984, -0.000032030,
Cor (1),    1.000000000,  0.489606721,  0.683265696,
Cor (2),    0.489606721,  1.000000000,  0.413357361,
Cor (3),    0.683265696,  0.413357361,  1.000000000,
VCV (1),    0.000012615,  0.000013140,  0.000000967,
VCV (2),    0.000013140,  0.000057100,  0.000001245,
VCV (3),    0.000000967,  0.000001245,  0.000000159,
St.dev,     0.003551702,  0.007556486,  0.000398530,
AutoCor,   -0.607950103, -0.028318040,  0.128896759,

No.; 5; Score; 19.332947822988;
Markow Autoregressive (lag 1) bivariate joint 3 asset model uncond. params
uMean,      0.000207120,  0.000170767,  0.000018416,
VCV (1),    0.000054303,  0.000020107,  0.000000912,
VCV (2),    0.000020107,  0.000058158,  0.000001106,
VCV (3),    0.000000912,  0.000001106,  0.000000128,
Cor (1),    1.000000000,  0.357797273,  0.346045139,
Cor (2),    0.357797273,  1.000000000,  0.405456052,
Cor (3),    0.346045139,  0.405456052,  1.000000000,
St.dev,     0.007369036,  0.007626111,  0.000357647,
Skewness,  -0.113995794,  0.187034742,  0.027723688,
Kurtosis,  -0.840925795, -0.559222897, -0.177711507,
AutoCor,    0.129695971,  0.170005956, -0.350285199,
Markow Autoregressive (lag 1) bivariate joint 3 asset model cond. params
uProb.,   0.345719795,  0.654280205,
Prob (1),   0.551711560,  0.448288440,
Prob (2),   0.236874334,  0.763125666,
Mean,      0.007942520,  0.007981571,  0.000283620,
Cor (1),    1.000000000, -0.403114085, -0.713061097,
Cor (2),   -0.403114085,  1.000000000,  0.888726562,
Cor (3),   -0.713061097,  0.888726562,  1.000000000,
VCV (1),    0.000009253, -0.000005884, -0.000000478,
VCV (2),   -0.000005884,  0.000023027,  0.000000939,
VCV (3),   -0.000000478,  0.000000939,  0.000000049,
St.dev,     0.003041916,  0.004798675,  0.000220238,
Mean,     -0.003880244, -0.003956440, -0.000121717,
Cor (1),    1.000000000, -0.527303672,  0.008037365,
Cor (2),   -0.527303672,  1.000000000, -0.375581340,
Cor (3),    0.008037365, -0.375581340,  1.000000000,
VCV (1),    0.000029212, -0.000014931,  0.000000011,
VCV (2),   -0.000014931,  0.000027446, -0.000000479,
VCV (3),    0.000000011, -0.000000479,  0.000000059,
St.dev,     0.005404780,  0.005238858,  0.000243501,
AutoCor,   -0.128342571, -0.010115850, -0.622672027,

No.; 6; Score; 19.625292441381;
Markow Autoregressive (lag 1) bivariate joint 3 asset model uncond. params
uMean,      0.000173488,  0.000239266,  0.000030360,
VCV (1),    0.000069520, -0.000024917,  0.000000347,
VCV (2),   -0.000024917,  0.000034712,  0.000000250,
VCV (3),    0.000000347,  0.000000250,  0.000000292,
Cor (1),    1.000000000, -0.507224312,  0.076895862,
Cor (2),   -0.507224312,  1.000000000,  0.078571008,
Cor (3),    0.076895862,  0.078571008,  1.000000000,
St.dev,     0.008337871,  0.005891654,  0.000540694,
Skewness,   0.188338538, -1.028749500,  0.074591280,
Kurtosis,   0.142924071,  1.815659646,  0.092851291,
AutoCor,   -0.175989162,  0.190885467, -0.247321321,
Markow Autoregressive (lag 1) bivariate joint 3 asset model cond. params
uProb.,   0.832963307,  0.167036693,
Prob (1),   0.875483000,  0.124517000,
Prob (2),   0.620929990,  0.379070010,
Mean,     -0.001337938,  0.001881547, -0.000010188,
Cor (1),    1.000000000, -0.676364517,  0.205032428,
Cor (2),   -0.676364517,  1.000000000,  0.242728837,
Cor (3),    0.205032428,  0.242728837,  1.000000000,
VCV (1),    0.000052426, -0.000019484,  0.000000739,
VCV (2),   -0.000019484,  0.000015829,  0.000000481,
VCV (3),    0.000000739,  0.000000481,  0.000000248,
St.dev,     0.007240610,  0.003978613,  0.000497718,
Mean,      0.007710525, -0.007950314,  0.000232561,
Cor (1),    1.000000000,  0.357948485, -0.736904276,
Cor (2),    0.357948485,  1.000000000,  0.307941235,
Cor (3),   -0.736904276,  0.307941235,  1.000000000,
VCV (1),    0.000062972,  0.000019153, -0.000003456,
VCV (2),    0.000019153,  0.000045466,  0.000001227,
VCV (3),   -0.000003456,  0.000001227,  0.000000349,
St.dev,     0.007935487,  0.006742813,  0.000590937,
AutoCor,   -0.260364308,  0.150611591, -0.261802291,

No.; 7; Score; 25.398202192122;
Markow Autoregressive (lag 1) bivariate joint 3 asset model uncond. params
uMean,      0.000135476,  0.000215721, -0.000031823,
VCV (1),    0.000036559, -0.000008762, -0.000000074,
VCV (2),   -0.000008762,  0.000035847,  0.000000199,
VCV (3),   -0.000000074,  0.000000199,  0.000000487,
Cor (1),    1.000000000, -0.242030968, -0.017529901,
Cor (2),   -0.242030968,  1.000000000,  0.047682589,
Cor (3),   -0.017529901,  0.047682589,  1.000000000,
St.dev,     0.006046394,  0.005987252,  0.000697860,
Skewness,  -0.090101652,  0.009537759,  0.016222368,
Kurtosis,  -0.074842889, -0.025888425,  0.045485614,
AutoCor,    0.349208618,  0.326216842, -0.927020971,
Markow Autoregressive (lag 1) bivariate joint 3 asset model cond. params
uProb.,   0.591123728,  0.408876272,
Prob (1),   0.438949816,  0.561050184,
Prob (2),   0.811125759,  0.188874241,
Mean,      0.002534397, -0.001474306, -0.000080004,
Cor (1),    1.000000000, -0.375098081, -0.873346386,
Cor (2),   -0.375098081,  1.000000000,  0.293781253,
Cor (3),   -0.873346386,  0.293781253,  1.000000000,
VCV (1),    0.000018144, -0.000008202, -0.000000646,
VCV (2),   -0.000008202,  0.000026353,  0.000000262,
VCV (3),   -0.000000646,  0.000000262,  0.000000030,
St.dev,     0.004259611,  0.005133549,  0.000173556,
Mean,     -0.003332710,  0.002659040,  0.000037835,
Cor (1),    1.000000000,  0.274908678,  0.825472777,
Cor (2),    0.274908678,  1.000000000, -0.058989887,
Cor (3),    0.825472777, -0.058989887,  1.000000000,
VCV (1),    0.000021039,  0.000006427,  0.000001280,
VCV (2),    0.000006427,  0.000025975, -0.000000102,
VCV (3),    0.000001280, -0.000000102,  0.000000114,
St.dev,     0.004586840,  0.005096616,  0.000338145,
AutoCor,    0.561746472,  0.417138841, -0.930871211,

No.; 8; Score; 26.332532791511;
Markow Autoregressive (lag 1) bivariate joint 3 asset model uncond. params
uMean,      0.000128182,  0.000165739,  0.000074117,
VCV (1),    0.000049265,  0.000005534,  0.000000064,
VCV (2),    0.000005534,  0.000063262, -0.000000124,
VCV (3),    0.000000064, -0.000000124,  0.000000102,
Cor (1),    1.000000000,  0.099126287,  0.028737752,
Cor (2),    0.099126287,  1.000000000, -0.048662337,
Cor (3),    0.028737752, -0.048662337,  1.000000000,
St.dev,     0.007018929,  0.007953735,  0.000319516,
Skewness,   0.240953948,  0.707782771, -0.286075178,
Kurtosis,   0.796998043,  0.286370185,  0.725092474,
AutoCor,   -0.526920125,  0.321696290, -0.431497594,
Markow Autoregressive (lag 1) bivariate joint 3 asset model cond. params
uProb.,   0.486188259,  0.513811741,
Prob (1),   0.532095846,  0.467904154,
Prob (2),   0.442748750,  0.557251250,
Mean,     -0.001045327, -0.004509140,  0.000008989,
Cor (1),    1.000000000, -0.553649785,  0.127292560,
Cor (2),   -0.553649785,  1.000000000, -0.420053642,
Cor (3),    0.127292560, -0.420053642,  1.000000000,
VCV (1),    0.000009411, -0.000004735,  0.000000139,
VCV (2),   -0.000004735,  0.000007773, -0.000000418,
VCV (3),    0.000000139, -0.000000418,  0.000000127,
St.dev,     0.003067756,  0.002788091,  0.000356990,
Mean,      0.001238601,  0.004589289,  0.000135744,
Cor (1),    1.000000000,  0.090942362, -0.107798096,
Cor (2),    0.090942362,  1.000000000, -0.412582996,
Cor (3),   -0.107798096, -0.412582996,  1.000000000,
VCV (1),    0.000056851,  0.000005306, -0.000000143,
VCV (2),    0.000005306,  0.000059871, -0.000000563,
VCV (3),   -0.000000143, -0.000000563,  0.000000031,
St.dev,     0.007539931,  0.007737657,  0.000176500,
AutoCor,   -0.543663485,  0.434533687, -0.452812134,

