Round No; 3; best result RLS; 1.3383438067655

;;;
No.; 1; Score; 1.3383438067655;
Markow Autoregressive (lag 1) bivariate joint 3 asset model uncond. params
uMean,      0.001286104,  0.000130971, -0.000547413,
VCV (1),    0.000052816,  0.000004385, -0.000005566,
VCV (2),    0.000004385,  0.000020103,  0.000008589,
VCV (3),   -0.000005566,  0.000008589,  0.000015362,
Cor (1),    1.000000000,  0.134564264, -0.195388571,
Cor (2),    0.134564264,  1.000000000,  0.488780836,
Cor (3),   -0.195388571,  0.488780836,  1.000000000,
St.dev,     0.007267494,  0.004483635,  0.003919429,
Skewness,  -0.268622400,  2.499495728,  3.448801375,
Kurtosis,   1.157418488,  9.303255273, 12.901284570,
AutoCor,    0.221414076,  0.354757953,  0.096230790,
Markow Autoregressive (lag 1) bivariate joint 3 asset model cond. params
uProb.,   0.906284326,  0.093715674,
Prob (1),   0.912212918,  0.087787082,
Prob (2),   0.848951442,  0.151048558,
Mean,      0.001647712, -0.000883229, -0.001599863,
Cor (1),    1.000000000,  0.126564208, -0.213866893,
Cor (2),    0.126564208,  1.000000000, -0.749657121,
Cor (3),   -0.213866893, -0.749657121,  1.000000000,
VCV (1),    0.000039515,  0.000000951, -0.000001289,
VCV (2),    0.000000951,  0.000001430, -0.000000860,
VCV (3),   -0.000001289, -0.000000860,  0.000000920,
St.dev,     0.006286106,  0.001195862,  0.000959008,
Mean,     -0.002210850,  0.009938867,  0.009630387,
Cor (1),    1.000000000,  0.754711762, -0.092623152,
Cor (2),    0.754711762,  1.000000000, -0.183475118,
Cor (3),   -0.092623152, -0.183475118,  1.000000000,
VCV (1),    0.000140034,  0.000063223, -0.000006867,
VCV (2),    0.000063223,  0.000050114, -0.000008138,
VCV (3),   -0.000006867, -0.000008138,  0.000039256,
St.dev,     0.011833591,  0.007079130,  0.006265490,
AutoCor,    0.225293426,  0.640265733,  0.172173310,

No.; 2; Score; 1.9730173240484;
Markow Autoregressive (lag 1) bivariate joint 3 asset model uncond. params
uMean,      0.000520119, -0.000918527,  0.000198842,
VCV (1),    0.000137043, -0.000002392,  0.000012515,
VCV (2),   -0.000002392,  0.000022327, -0.000008049,
VCV (3),    0.000012515, -0.000008049,  0.000018558,
Cor (1),    1.000000000, -0.043237821,  0.248170749,
Cor (2),   -0.043237821,  1.000000000, -0.395439065,
Cor (3),    0.248170749, -0.395439065,  1.000000000,
St.dev,     0.011706553,  0.004725181,  0.004307895,
Skewness,  -0.261943295,  0.305749990, -0.507586981,
Kurtosis,   1.163849484,  1.873126025, 13.706017755,
AutoCor,    0.578527744,  0.025778041,  0.382666562,
Markow Autoregressive (lag 1) bivariate joint 3 asset model cond. params
uProb.,   0.887697905,  0.112302095,
Prob (1),   0.886848997,  0.113151003,
Prob (2),   0.894408151,  0.105591849,
Mean,      0.001179513, -0.001143366,  0.000322083,
Cor (1),    1.000000000, -0.544252710,  0.284018405,
Cor (2),   -0.544252710,  1.000000000,  0.496146388,
Cor (3),    0.284018405,  0.496146388,  1.000000000,
VCV (1),    0.000060585, -0.000016934,  0.000002996,
VCV (2),   -0.000016934,  0.000015979,  0.000002687,
VCV (3),    0.000002996,  0.000002687,  0.000001836,
St.dev,     0.007783620,  0.003997354,  0.001355073,
Mean,     -0.004692100,  0.000858724, -0.000775323,
Cor (1),    1.000000000,  0.869447708,  0.302744448,
Cor (2),    0.869447708,  1.000000000, -0.972012630,
Cor (3),    0.302744448, -0.972012630,  1.000000000,
VCV (1),    0.000291599,  0.000123162,  0.000057870,
VCV (2),    0.000123162,  0.000068815, -0.000090261,
VCV (3),    0.000057870, -0.000090261,  0.000125305,
St.dev,     0.017076259,  0.008295493,  0.011193959,
AutoCor,    0.593604309,  0.026385554,  0.385207489,

No.; 3; Score; 2.2627986172039;
Markow Autoregressive (lag 1) bivariate joint 3 asset model uncond. params
uMean,      0.000224814,  0.000082441, -0.000244002,
VCV (1),    0.000049048,  0.000008270, -0.000037020,
VCV (2),    0.000008270,  0.000100825,  0.000008985,
VCV (3),   -0.000037020,  0.000008985,  0.000042776,
Cor (1),    1.000000000,  0.117596772, -0.808212153,
Cor (2),    0.117596772,  1.000000000,  0.136816658,
Cor (3),   -0.808212153,  0.136816658,  1.000000000,
St.dev,     0.007003463,  0.010041165,  0.006540363,
Skewness,   0.943445094,  0.237877811, -2.045595628,
Kurtosis,   3.681155849,  0.381359643,  9.261301996,
AutoCor,    0.551252230,  0.000674265,  0.071574941,
Markow Autoregressive (lag 1) bivariate joint 3 asset model cond. params
uProb.,   0.813116980,  0.186883020,
Prob (1),   0.783699094,  0.216300906,
Prob (2),   0.941112464,  0.058887536,
Mean,     -0.000911143,  0.001029628,  0.001108300,
Cor (1),    1.000000000,  0.554554769, -0.851733109,
Cor (2),    0.554554769,  1.000000000,  0.487550958,
Cor (3),   -0.851733109,  0.487550958,  1.000000000,
VCV (1),    0.000003741,  0.000011621, -0.000003225,
VCV (2),    0.000011621,  0.000117398,  0.000010341,
VCV (3),   -0.000003225,  0.000010341,  0.000003832,
St.dev,     0.001934066,  0.010835033,  0.001957508,
Mean,      0.005167299, -0.004038712, -0.006127789,
Cor (1),    1.000000000,  0.601858479, -0.956507955,
Cor (2),    0.601858479,  1.000000000, -0.741463253,
Cor (3),   -0.956507955, -0.741463253,  1.000000000,
VCV (1),    0.000120090,  0.000018425, -0.000135369,
VCV (2),    0.000018425,  0.000007804, -0.000026750,
VCV (3),   -0.000135369, -0.000026750,  0.000166786,
St.dev,     0.010958540,  0.002793557,  0.012914555,
AutoCor,    0.642857113,  0.007041225,  0.123901124,

No.; 4; Score; 2.5174456002956;
Markow Autoregressive (lag 1) bivariate joint 3 asset model uncond. params
uMean,      0.000302922,  0.000315867, -0.000176602,
VCV (1),    0.000036995,  0.000016803,  0.000003933,
VCV (2),    0.000016803,  0.000064169,  0.000011836,
VCV (3),    0.000003933,  0.000011836,  0.000020123,
Cor (1),    1.000000000,  0.344863724,  0.144151412,
Cor (2),    0.344863724,  1.000000000,  0.329360176,
Cor (3),    0.144151412,  0.329360176,  1.000000000,
St.dev,     0.006082363,  0.008010586,  0.004485919,
Skewness,   0.977492063,  0.516697520,  0.991336904,
Kurtosis,   1.725115649,  0.354652802,  3.748205593,
AutoCor,    0.258899694,  0.447116193,  0.046451695,
Markow Autoregressive (lag 1) bivariate joint 3 asset model cond. params
uProb.,   0.339951307,  0.660048693,
Prob (1),   0.201546297,  0.798453703,
Prob (2),   0.411235387,  0.588764613,
Mean,      0.004352273,  0.006800839,  0.001737099,
Cor (1),    1.000000000,  0.001545061, -0.053632676,
Cor (2),    0.001545061,  1.000000000,  0.491926476,
Cor (3),   -0.053632676,  0.491926476,  1.000000000,
VCV (1),    0.000057620,  0.000000073, -0.000002816,
VCV (2),    0.000000073,  0.000038763,  0.000021185,
VCV (3),   -0.000002816,  0.000021185,  0.000047846,
St.dev,     0.007590756,  0.006226001,  0.006917097,
Mean,     -0.001782654, -0.003024151, -0.001162234,
Cor (1),    1.000000000,  0.578583356,  0.311906800,
Cor (2),    0.578583356,  1.000000000, -0.825304495,
Cor (3),    0.311906800, -0.825304495,  1.000000000,
VCV (1),    0.000006743,  0.000003385,  0.000001365,
VCV (2),    0.000003385,  0.000005077, -0.000003134,
VCV (3),    0.000001365, -0.000003134,  0.000002840,
St.dev,     0.002596740,  0.002253236,  0.001685365,
AutoCor,    0.397510992,  0.781778463,  0.072943283,

No.; 5; Score; 2.5455373488835;
Markow Autoregressive (lag 1) bivariate joint 3 asset model uncond. params
uMean,      0.000129106,  0.000282834, -0.000302651,
VCV (1),    0.000060035,  0.000003856,  0.000020554,
VCV (2),    0.000003856,  0.000057436,  0.000026507,
VCV (3),    0.000020554,  0.000026507,  0.000064355,
Cor (1),    1.000000000,  0.065674491,  0.330679500,
Cor (2),    0.065674491,  1.000000000,  0.435995781,
Cor (3),    0.330679500,  0.435995781,  1.000000000,
St.dev,     0.007748215,  0.007578672,  0.008022157,
Skewness,  -1.556236185, -0.156048344,  1.881472093,
Kurtosis,   4.742320056,  2.221959175,  7.965479141,
AutoCor,    0.401238288,  0.836624868,  0.348777340,
Markow Autoregressive (lag 1) bivariate joint 3 asset model cond. params
uProb.,   0.784358937,  0.215641063,
Prob (1),   0.856851110,  0.143148890,
Prob (2),   0.520680567,  0.479319433,
Mean,      0.002093351,  0.000613168, -0.002092499,
Cor (1),    1.000000000, -0.139743738,  0.482572335,
Cor (2),   -0.139743738,  1.000000000,  0.030836524,
Cor (3),    0.482572335,  0.030836524,  1.000000000,
VCV (1),    0.000009273, -0.000000670,  0.000001624,
VCV (2),   -0.000000670,  0.000002482,  0.000000054,
VCV (3),    0.000001624,  0.000000054,  0.000001221,
St.dev,     0.003045222,  0.001575432,  0.001104855,
Mean,     -0.007015510, -0.000918700,  0.006207626,
Cor (1),    1.000000000,  0.070100585,  0.729656025,
Cor (2),    0.070100585,  1.000000000,  0.777933999,
Cor (3),    0.729656025,  0.777933999,  1.000000000,
VCV (1),    0.000141767,  0.000006923,  0.000125823,
VCV (2),    0.000006923,  0.000068796,  0.000093450,
VCV (3),    0.000125823,  0.000093450,  0.000209752,
St.dev,     0.011906576,  0.008294363,  0.014482827,
AutoCor,    0.421088829,  0.840107267,  0.351564670,

No.; 6; Score; 2.5958666018873;
Markow Autoregressive (lag 1) bivariate joint 3 asset model uncond. params
uMean,      0.000253980,  0.000493260,  0.000202119,
VCV (1),    0.000017751,  0.000002037,  0.000000185,
VCV (2),    0.000002037,  0.000025519,  0.000003650,
VCV (3),    0.000000185,  0.000003650,  0.000013828,
Cor (1),    1.000000000,  0.095725248,  0.011818290,
Cor (2),    0.095725248,  1.000000000,  0.194295670,
Cor (3),    0.011818290,  0.194295670,  1.000000000,
St.dev,     0.004213148,  0.005051632,  0.003718637,
Skewness,   2.591003457,  0.186677387,  0.342876060,
Kurtosis,   9.612692009,  0.827755845,  2.575105818,
AutoCor,    0.190415230,  0.843126545,  0.376351782,
Markow Autoregressive (lag 1) bivariate joint 3 asset model cond. params
uProb.,   0.875041194,  0.124958806,
Prob (1),   0.862083076,  0.137916924,
Prob (2),   0.965782195,  0.034217805,
Mean,     -0.000768779,  0.000133850,  0.000022272,
Cor (1),    1.000000000, -0.510918625, -0.505291910,
Cor (2),   -0.510918625,  1.000000000, -0.009625847,
Cor (3),   -0.505291910, -0.009625847,  1.000000000,
VCV (1),    0.000001743, -0.000001062, -0.000001755,
VCV (2),   -0.000001062,  0.000002480, -0.000000040,
VCV (3),   -0.000001755, -0.000000040,  0.000006920,
St.dev,     0.001320328,  0.001574826,  0.002630607,
Mean,      0.007415986,  0.003010078,  0.001461524,
Cor (1),    1.000000000,  0.115528504,  0.094830844,
Cor (2),    0.115528504,  1.000000000,  0.491050074,
Cor (3),    0.094830844,  0.491050074,  1.000000000,
VCV (1),    0.000058071,  0.000004641,  0.000004810,
VCV (2),    0.000004641,  0.000027791,  0.000017232,
VCV (3),    0.000004810,  0.000017232,  0.000044312,
St.dev,     0.007620456,  0.005271740,  0.006656691,
AutoCor,    0.397058992,  0.877921991,  0.384345730,

No.; 7; Score; 2.8124669840401;
Markow Autoregressive (lag 1) bivariate joint 3 asset model uncond. params
uMean,      0.001280577, -0.000063379, -0.000325528,
VCV (1),    0.000042232, -0.000017865,  0.000000933,
VCV (2),   -0.000017865,  0.000132201, -0.000021722,
VCV (3),    0.000000933, -0.000021722,  0.000034825,
Cor (1),    1.000000000, -0.239090009,  0.024338962,
Cor (2),   -0.239090009,  1.000000000, -0.320140213,
Cor (3),    0.024338962, -0.320140213,  1.000000000,
St.dev,     0.006498636,  0.011497868,  0.005901281,
Skewness,  -0.022553475,  0.798934995,  0.451142382,
Kurtosis,  -0.169890152,  1.444443278,  5.481007379,
AutoCor,    0.203375853,  0.196126688,  0.178040527,
Markow Autoregressive (lag 1) bivariate joint 3 asset model cond. params
uProb.,   0.685145899,  0.314854101,
Prob (1),   0.601364207,  0.398635793,
Prob (2),   0.867461081,  0.132538919,
Mean,      0.003590761, -0.003409167, -0.000773016,
Cor (1),    1.000000000,  0.447343644,  0.430467173,
Cor (2),    0.447343644,  1.000000000, -0.763486549,
Cor (3),    0.430467173, -0.763486549,  1.000000000,
VCV (1),    0.000027911,  0.000015969,  0.000002579,
VCV (2),    0.000015969,  0.000045659, -0.000005850,
VCV (3),    0.000002579, -0.000005850,  0.000001286,
St.dev,     0.005283041,  0.006757158,  0.001133949,
Mean,     -0.003746554,  0.007217303,  0.000648240,
Cor (1),    1.000000000, -0.547109447,  0.079059064,
Cor (2),   -0.547109447,  1.000000000, -0.421438303,
Cor (3),    0.079059064, -0.421438303,  1.000000000,
VCV (1),    0.000022362, -0.000037690,  0.000003789,
VCV (2),   -0.000037690,  0.000212218, -0.000062229,
VCV (3),    0.000003789, -0.000062229,  0.000102741,
St.dev,     0.004728873,  0.014567710,  0.010136102,
AutoCor,    0.381445864,  0.300535505,  0.183668211,

No.; 8; Score; 2.8162948154571;
Markow Autoregressive (lag 1) bivariate joint 3 asset model uncond. params
uMean,      0.000178519,  0.000453902,  0.000080107,
VCV (1),    0.000073427, -0.000036100,  0.000008294,
VCV (2),   -0.000036100,  0.000106765,  0.000005469,
VCV (3),    0.000008294,  0.000005469,  0.000014496,
Cor (1),    1.000000000, -0.407719032,  0.254223987,
Cor (2),   -0.407719032,  1.000000000,  0.139027402,
Cor (3),    0.254223987,  0.139027402,  1.000000000,
St.dev,     0.008568977,  0.010332700,  0.003807377,
Skewness,   0.033341527, -0.194859617,  0.188926512,
Kurtosis,   0.278893835,  0.124931303,  4.816756022,
AutoCor,    0.355025224,  0.422700162,  0.093288799,
Markow Autoregressive (lag 1) bivariate joint 3 asset model cond. params
uProb.,   0.666812139,  0.333187861,
Prob (1),   0.829173249,  0.170826751,
Prob (2),   0.341877255,  0.658122745,
Mean,      0.000400204,  0.003094792, -0.000053779,
Cor (1),    1.000000000, -0.803444829, -0.306487591,
Cor (2),   -0.803444829,  1.000000000,  0.586078331,
Cor (3),   -0.306487591,  0.586078331,  1.000000000,
VCV (1),    0.000078906, -0.000058279, -0.000003250,
VCV (2),   -0.000058279,  0.000066682,  0.000005713,
VCV (3),   -0.000003250,  0.000005713,  0.000001425,
St.dev,     0.008882880,  0.008165892,  0.001193760,
Mean,     -0.000265141, -0.004831339,  0.000348054,
Cor (1),    1.000000000,  0.364999080,  0.826572547,
Cor (2),    0.364999080,  1.000000000,  0.102188358,
Cor (3),    0.826572547,  0.102188358,  1.000000000,
VCV (1),    0.000034456,  0.000021165,  0.000030755,
VCV (2),    0.000021165,  0.000097584,  0.000006399,
VCV (3),    0.000030755,  0.000006399,  0.000040178,
St.dev,     0.005869962,  0.009878471,  0.006338601,
AutoCor,    0.354847815,  0.412985242,  0.092311306,

No.; 9; Score; 2.8311510840627;
Markow Autoregressive (lag 1) bivariate joint 3 asset model uncond. params
uMean,      0.000315821, -0.000079372,  0.000093094,
VCV (1),    0.000055504,  0.000017836,  0.000015814,
VCV (2),    0.000017836,  0.000078164,  0.000010153,
VCV (3),    0.000015814,  0.000010153,  0.000016094,
Cor (1),    1.000000000,  0.270784628,  0.529120866,
Cor (2),    0.270784628,  1.000000000,  0.286261157,
Cor (3),    0.529120866,  0.286261157,  1.000000000,
St.dev,     0.007450103,  0.008841033,  0.004011717,
Skewness,  -0.569560582, -0.907696430, -0.141662794,
Kurtosis,   0.780385685,  1.029053476,  3.116316922,
AutoCor,    0.301594510,  0.346471136,  0.271805924,
Markow Autoregressive (lag 1) bivariate joint 3 asset model cond. params
uProb.,   0.678001991,  0.321998009,
Prob (1),   0.625436787,  0.374563213,
Prob (2),   0.788683771,  0.211316229,
Mean,      0.002496409,  0.003724231,  0.000221668,
Cor (1),    1.000000000,  0.026580651,  0.024287226,
Cor (2),    0.026580651,  1.000000000, -0.933109486,
Cor (3),    0.024287226, -0.933109486,  1.000000000,
VCV (1),    0.000022316,  0.000000247,  0.000000214,
VCV (2),    0.000000247,  0.000003854, -0.000003414,
VCV (3),    0.000000214, -0.000003414,  0.000003472,
St.dev,     0.004723980,  0.001963276,  0.001863428,
Mean,     -0.004275646, -0.008088275, -0.000177633,
Cor (1),    1.000000000,  0.004455813,  0.791101615,
Cor (2),    0.004455813,  1.000000000,  0.568978158,
Cor (3),    0.791101615,  0.568978158,  1.000000000,
VCV (1),    0.000071244,  0.000000322,  0.000041621,
VCV (2),    0.000000322,  0.000073130,  0.000030328,
VCV (3),    0.000041621,  0.000030328,  0.000038852,
St.dev,     0.008440603,  0.008551613,  0.006233104,
AutoCor,    0.403899189,  0.671984777,  0.272748913,

No.; 10; Score; 2.892921390053;
Markow Autoregressive (lag 1) bivariate joint 3 asset model uncond. params
uMean,     -0.000565736, -0.000412852,  0.000084650,
VCV (1),    0.000081794,  0.000014173,  0.000004412,
VCV (2),    0.000014173,  0.000044410,  0.000013157,
VCV (3),    0.000004412,  0.000013157,  0.000011329,
Cor (1),    1.000000000,  0.235154343,  0.144943003,
Cor (2),    0.235154343,  1.000000000,  0.586559054,
Cor (3),    0.144943003,  0.586559054,  1.000000000,
St.dev,     0.009043978,  0.006664071,  0.003365815,
Skewness,   0.418009278, -0.216137690,  0.126354311,
Kurtosis,   3.563613689,  0.522731904,  3.114814809,
AutoCor,    0.851636956,  0.335374560,  0.303629215,
Markow Autoregressive (lag 1) bivariate joint 3 asset model cond. params
uProb.,   0.132534566,  0.867465434,
Prob (1),   0.435666318,  0.564333682,
Prob (2),   0.086220980,  0.913779020,
Mean,      0.003864963, -0.003760643,  0.000442785,
Cor (1),    1.000000000,  0.866181472,  0.319579863,
Cor (2),    0.866181472,  1.000000000,  0.820993315,
Cor (3),    0.319579863,  0.820993315,  1.000000000,
VCV (1),    0.000126897,  0.000084458,  0.000022377,
VCV (2),    0.000084458,  0.000074923,  0.000044173,
VCV (3),    0.000022377,  0.000044173,  0.000038637,
St.dev,     0.011264851,  0.008655828,  0.006215900,
Mean,     -0.001242674,  0.000098636,  0.000029932,
Cor (1),    1.000000000,  0.057267637,  0.030024435,
Cor (2),    0.057267637,  1.000000000,  0.510801150,
Cor (3),    0.030024435,  0.510801150,  1.000000000,
VCV (1),    0.000002575,  0.000000522,  0.000000117,
VCV (2),    0.000000522,  0.000032256,  0.000007066,
VCV (3),    0.000000117,  0.000007066,  0.000005933,
St.dev,     0.001604557,  0.005679465,  0.002435680,
AutoCor,    0.870752932,  0.334810260,  0.303549826,

No.; 11; Score; 2.9048547568263;
Markow Autoregressive (lag 1) bivariate joint 3 asset model uncond. params
uMean,      0.000187082,  0.000105783, -0.000001853,
VCV (1),    0.000013719, -0.000007048,  0.000003095,
VCV (2),   -0.000007048,  0.000132053,  0.000002031,
VCV (3),    0.000003095,  0.000002031,  0.000003315,
Cor (1),    1.000000000, -0.165579747,  0.458964456,
Cor (2),   -0.165579747,  1.000000000,  0.097052341,
Cor (3),    0.458964456,  0.097052341,  1.000000000,
St.dev,     0.003703921,  0.011491427,  0.001820730,
Skewness,  -0.284098500, -0.078303984, -1.391288133,
Kurtosis,   1.525673265,  0.160121844,  3.264388747,
AutoCor,    0.022797268,  0.733999421,  0.277403048,
Markow Autoregressive (lag 1) bivariate joint 3 asset model cond. params
uProb.,   0.810513201,  0.189486799,
Prob (1),   0.845251542,  0.154748458,
Prob (2),   0.661922988,  0.338077012,
Mean,      0.000431447, -0.000605346,  0.000502863,
Cor (1),    1.000000000, -0.387220924,  0.791151002,
Cor (2),   -0.387220924,  1.000000000,  0.498246564,
Cor (3),    0.791151002,  0.498246564,  1.000000000,
VCV (1),    0.000008920, -0.000009700,  0.000002356,
VCV (2),   -0.000009700,  0.000070351,  0.000004166,
VCV (3),    0.000002356,  0.000004166,  0.000000994,
St.dev,     0.002986663,  0.008387541,  0.000996907,
Mean,     -0.000858169,  0.003147575, -0.002160735,
Cor (1),    1.000000000,  0.621762167,  0.236098527,
Cor (2),    0.621762167,  1.000000000, -0.576511758,
Cor (3),    0.236098527, -0.576511758,  1.000000000,
VCV (1),    0.000032870,  0.000008710,  0.000003388,
VCV (2),    0.000008710,  0.000005970, -0.000003526,
VCV (3),    0.000003388, -0.000003526,  0.000006265,
St.dev,     0.005733243,  0.002443271,  0.002502942,
AutoCor,    0.019751770,  0.743169966,  0.323464084,

No.; 12; Score; 2.9693149196689;
Markow Autoregressive (lag 1) bivariate joint 3 asset model uncond. params
uMean,      0.000024430,  0.000323832,  0.000146038,
VCV (1),    0.000139122,  0.000015462, -0.000020603,
VCV (2),    0.000015462,  0.000036868,  0.000007454,
VCV (3),   -0.000020603,  0.000007454,  0.000032256,
Cor (1),    1.000000000,  0.215899058, -0.307567168,
Cor (2),    0.215899058,  1.000000000,  0.216148648,
Cor (3),   -0.307567168,  0.216148648,  1.000000000,
St.dev,     0.011795010,  0.006071938,  0.005679393,
Skewness,   0.339399604, -1.472686370,  0.452381124,
Kurtosis,   0.469373020,  5.674464236,  4.721806476,
AutoCor,    0.303659247,  0.033587755,  0.157401326,
Markow Autoregressive (lag 1) bivariate joint 3 asset model cond. params
uProb.,   0.265882343,  0.734117657,
Prob (1),   0.010420792,  0.989579208,
Prob (2),   0.358405271,  0.641594729,
Mean,     -0.004958092, -0.003537159,  0.001290063,
Cor (1),    1.000000000,  0.607858818,  0.063091695,
Cor (2),    0.607858818,  1.000000000,  0.246958430,
Cor (3),    0.063091695,  0.246958430,  1.000000000,
VCV (1),    0.000001580,  0.000007898,  0.000000785,
VCV (2),    0.000007898,  0.000106835,  0.000025261,
VCV (3),    0.000000785,  0.000025261,  0.000097937,
St.dev,     0.001257062,  0.010336115,  0.009896313,
Mean,      0.001828997,  0.001722204, -0.000268304,
Cor (1),    1.000000000,  0.344465835, -0.750228260,
Cor (2),    0.344465835,  1.000000000,  0.597236585,
Cor (3),   -0.750228260,  0.597236585,  1.000000000,
VCV (1),    0.000155138,  0.000008312, -0.000024085,
VCV (2),    0.000008312,  0.000003753,  0.000002982,
VCV (3),   -0.000024085,  0.000002982,  0.000006644,
St.dev,     0.012455434,  0.001937202,  0.002577510,
AutoCor,    0.348684042,  0.099052988,  0.164939112,

No.; 13; Score; 2.969618671956;
Markow Autoregressive (lag 1) bivariate joint 3 asset model uncond. params
uMean,      0.000437448,  0.000220427, -0.000227621,
VCV (1),    0.000071782, -0.000027270, -0.000007411,
VCV (2),   -0.000027270,  0.000134488,  0.000000110,
VCV (3),   -0.000007411,  0.000000110,  0.000039987,
Cor (1),    1.000000000, -0.277548995, -0.138333546,
Cor (2),   -0.277548995,  1.000000000,  0.001499958,
Cor (3),   -0.138333546,  0.001499958,  1.000000000,
St.dev,     0.008472435,  0.011596877,  0.006323488,
Skewness,   0.069368184, -0.007532735, -1.642642336,
Kurtosis,  -0.082908918,  0.000518370,  7.559753701,
AutoCor,    0.577897202,  0.295820470,  0.352358373,
Markow Autoregressive (lag 1) bivariate joint 3 asset model cond. params
uProb.,   0.824155415,  0.175844585,
Prob (1),   0.800138306,  0.199861694,
Prob (2),   0.936719760,  0.063280240,
Mean,      0.001788773,  0.001111383,  0.000902844,
Cor (1),    1.000000000, -0.459267435, -0.463467721,
Cor (2),   -0.459267435,  1.000000000, -0.589203046,
Cor (3),   -0.463467721, -0.589203046,  1.000000000,
VCV (1),    0.000039192, -0.000031284, -0.000004357,
VCV (2),   -0.000031284,  0.000118390, -0.000009626,
VCV (3),   -0.000004357, -0.000009626,  0.000002255,
St.dev,     0.006260366,  0.010880734,  0.001501524,
Mean,     -0.005895993, -0.003955343, -0.005525931,
Cor (1),    1.000000000, -0.043187982, -0.899096047,
Cor (2),   -0.043187982,  1.000000000,  0.171073675,
Cor (3),   -0.899096047,  0.171073675,  1.000000000,
VCV (1),    0.000012225, -0.000001642, -0.000037932,
VCV (2),   -0.000001642,  0.000118173,  0.000022440,
VCV (3),   -0.000037932,  0.000022440,  0.000145594,
St.dev,     0.003496432,  0.010870743,  0.012066215,
AutoCor,    0.674615637,  0.308122645,  0.438499414,

No.; 14; Score; 2.9795964541997;
Markow Autoregressive (lag 1) bivariate joint 3 asset model uncond. params
uMean,      0.000389298,  0.000376252, -0.000114069,
VCV (1),    0.000032602,  0.000001372,  0.000008476,
VCV (2),    0.000001372,  0.000040245,  0.000010933,
VCV (3),    0.000008476,  0.000010933,  0.000053515,
Cor (1),    1.000000000,  0.037876975,  0.202920604,
Cor (2),    0.037876975,  1.000000000,  0.235576108,
Cor (3),    0.202920604,  0.235576108,  1.000000000,
St.dev,     0.005709833,  0.006343899,  0.007315365,
Skewness,  -0.833975757,  0.035566089, -1.680599998,
Kurtosis,  -0.208726353,  0.039122154,  4.159195863,
AutoCor,    0.285737366,  0.679343913,  0.317987223,
Markow Autoregressive (lag 1) bivariate joint 3 asset model cond. params
uProb.,   0.730764231,  0.269235769,
Prob (1),   0.758082290,  0.241917710,
Prob (2),   0.656617099,  0.343382901,
Mean,      0.003390542,  0.000802180,  0.002353062,
Cor (1),    1.000000000, -0.363463565, -0.954299496,
Cor (2),   -0.363463565,  1.000000000, -0.096412572,
Cor (3),   -0.954299496, -0.096412572,  1.000000000,
VCV (1),    0.000001305, -0.000002017, -0.000001491,
VCV (2),   -0.000002017,  0.000023610, -0.000000641,
VCV (3),   -0.000001491, -0.000000641,  0.000001871,
St.dev,     0.001142263,  0.004858964,  0.001367793,
Mean,     -0.007756729, -0.000779811, -0.006810395,
Cor (1),    1.000000000,  0.248000477, -0.989459945,
Cor (2),    0.248000477,  1.000000000,  0.595274135,
Cor (3),   -0.989459945,  0.595274135,  1.000000000,
VCV (1),    0.000005464,  0.000002168, -0.000024113,
VCV (2),    0.000002168,  0.000013983,  0.000023208,
VCV (3),   -0.000024113,  0.000023208,  0.000108697,
St.dev,     0.002337502,  0.003739438,  0.010425801,
AutoCor,    0.838244181,  0.686501870,  0.414681593,

No.; 15; Score; 2.9976730374918;
Markow Autoregressive (lag 1) bivariate joint 3 asset model uncond. params
uMean,      0.000375036,  0.000240453,  0.000015242,
VCV (1),    0.000031193,  0.000027834,  0.000010790,
VCV (2),    0.000027834,  0.000075153,  0.000006646,
VCV (3),    0.000010790,  0.000006646,  0.000011533,
Cor (1),    1.000000000,  0.574866960,  0.568884865,
Cor (2),    0.574866960,  1.000000000,  0.225762629,
Cor (3),    0.568884865,  0.225762629,  1.000000000,
St.dev,     0.005585069,  0.008669095,  0.003395973,
Skewness,   0.942902642,  0.020832902,  1.522173724,
Kurtosis,   2.642754722,  0.621018880,  2.469760465,
AutoCor,    0.484146154,  0.808958050,  0.431572093,
Markow Autoregressive (lag 1) bivariate joint 3 asset model cond. params
uProb.,   0.805544081,  0.194455919,
Prob (1),   0.888069551,  0.111930449,
Prob (2),   0.463677894,  0.536322106,
Mean,     -0.000713921,  0.000157801, -0.001268615,
Cor (1),    1.000000000,  0.434684552,  0.004010711,
Cor (2),    0.434684552,  1.000000000,  0.372733390,
Cor (3),    0.004010711,  0.372733390,  1.000000000,
VCV (1),    0.000010072,  0.000005588,  0.000000018,
VCV (2),    0.000005588,  0.000016407,  0.000002104,
VCV (3),    0.000000018,  0.000002104,  0.000001942,
St.dev,     0.003173567,  0.004050558,  0.001393666,
Mean,      0.004886098,  0.000582841,  0.005333686,
Cor (1),    1.000000000,  0.978777852,  0.762436618,
Cor (2),    0.978777852,  1.000000000,  0.431139217,
Cor (3),    0.762436618,  0.431139217,  1.000000000,
VCV (1),    0.000060271,  0.000061476,  0.000020003,
VCV (2),    0.000061476,  0.000065454,  0.000011788,
VCV (3),    0.000020003,  0.000011788,  0.000011421,
St.dev,     0.007763409,  0.008090391,  0.003379462,
AutoCor,    0.495315409,  0.809102912,  0.441993757,

No.; 16; Score; 3.0044044809608;
Markow Autoregressive (lag 1) bivariate joint 3 asset model uncond. params
uMean,      0.000210857,  0.000264412, -0.000289780,
VCV (1),    0.000017202,  0.000003085, -0.000006070,
VCV (2),    0.000003085,  0.000053911,  0.000007879,
VCV (3),   -0.000006070,  0.000007879,  0.000011455,
Cor (1),    1.000000000,  0.101316388, -0.432449360,
Cor (2),    0.101316388,  1.000000000,  0.317074022,
Cor (3),   -0.432449360,  0.317074022,  1.000000000,
St.dev,     0.004147520,  0.007342438,  0.003384468,
Skewness,  -0.234339775,  0.173766089,  0.439441678,
Kurtosis,   1.912642491,  0.194347109,  1.489459800,
AutoCor,    0.362194210,  0.444272977,  0.607443505,
Markow Autoregressive (lag 1) bivariate joint 3 asset model cond. params
uProb.,   0.701201673,  0.298798327,
Prob (1),   0.620990009,  0.379009991,
Prob (2),   0.889437508,  0.110562492,
Mean,      0.000479913, -0.000995923, -0.000814614,
Cor (1),    1.000000000,  0.479441679,  0.609353932,
Cor (2),    0.479441679,  1.000000000, -0.586197354,
Cor (3),    0.609353932, -0.586197354,  1.000000000,
VCV (1),    0.000005605,  0.000006245,  0.000001507,
VCV (2),    0.000006245,  0.000030271, -0.000003369,
VCV (3),    0.000001507, -0.000003369,  0.000001091,
St.dev,     0.002367486,  0.005501922,  0.001044588,
Mean,     -0.000420547,  0.003222089,  0.000941868,
Cor (1),    1.000000000, -0.090472051, -0.711632424,
Cor (2),   -0.090472051,  1.000000000,  0.703658941,
Cor (3),   -0.711632424,  0.703658941,  1.000000000,
VCV (1),    0.000036109, -0.000004046, -0.000018073,
VCV (2),   -0.000004046,  0.000055392,  0.000022134,
VCV (3),   -0.000018073,  0.000022134,  0.000017863,
St.dev,     0.006009043,  0.007442581,  0.004226482,
AutoCor,    0.368484431,  0.497214077,  0.659828262,

No.; 17; Score; 3.0109495441252;
Markow Autoregressive (lag 1) bivariate joint 3 asset model uncond. params
uMean,      0.000207200,  0.000175361,  0.000071571,
VCV (1),    0.000047543, -0.000015332, -0.000005057,
VCV (2),   -0.000015332,  0.000019266,  0.000011297,
VCV (3),   -0.000005057,  0.000011297,  0.000039092,
Cor (1),    1.000000000, -0.506590425, -0.117294190,
Cor (2),   -0.506590425,  1.000000000,  0.411665386,
Cor (3),   -0.117294190,  0.411665386,  1.000000000,
St.dev,     0.006895157,  0.004389258,  0.006252359,
Skewness,  -2.468144533, -0.130912954, -0.146963869,
Kurtosis,  10.481753761, -0.279549187,  1.714030317,
AutoCor,    0.374275837,  0.329575233,  0.354941579,
Markow Autoregressive (lag 1) bivariate joint 3 asset model cond. params
uProb.,   0.836413933,  0.163586067,
Prob (1),   0.932498949,  0.067501051,
Prob (2),   0.345132206,  0.654867794,
Mean,      0.001776824, -0.000691104,  0.000252939,
Cor (1),    1.000000000, -0.863895766,  0.647247718,
Cor (2),   -0.863895766,  1.000000000,  0.738194435,
Cor (3),    0.647247718,  0.738194435,  1.000000000,
VCV (1),    0.000003197, -0.000006203,  0.000005444,
VCV (2),   -0.000006203,  0.000016125,  0.000013944,
VCV (3),    0.000005444,  0.000013944,  0.000022128,
St.dev,     0.001788077,  0.004015624,  0.004704019,
Mean,     -0.007818268,  0.004605587, -0.000855759,
Cor (1),    1.000000000, -0.506846130, -0.487459814,
Cor (2),   -0.506846130,  1.000000000, -0.192027000,
Cor (3),   -0.487459814, -0.192027000,  1.000000000,
VCV (1),    0.000178376, -0.000015455, -0.000063454,
VCV (2),   -0.000015455,  0.000005213, -0.000004273,
VCV (3),   -0.000063454, -0.000004273,  0.000094994,
St.dev,     0.013355747,  0.002283105,  0.009746506,
AutoCor,    0.297463591,  0.265429850,  0.353937282,

No.; 18; Score; 3.0280999918914;
Markow Autoregressive (lag 1) bivariate joint 3 asset model uncond. params
uMean,      0.000277224, -0.000127503,  0.000111630,
VCV (1),    0.000015172,  0.000014718,  0.000018946,
VCV (2),    0.000014718,  0.000175695, -0.000010648,
VCV (3),    0.000018946, -0.000010648,  0.000035755,
Cor (1),    1.000000000,  0.285059657,  0.813434353,
Cor (2),    0.285059657,  1.000000000, -0.134339122,
Cor (3),    0.813434353, -0.134339122,  1.000000000,
St.dev,     0.003895101,  0.013254997,  0.005979578,
Skewness,   0.317486945,  0.672560808,  0.332738262,
Kurtosis,   3.427193336,  4.073930183,  4.230207263,
AutoCor,    0.258450259,  0.233223073,  0.160082344,
Markow Autoregressive (lag 1) bivariate joint 3 asset model cond. params
uProb.,   0.639512130,  0.360487870,
Prob (1),   0.669124009,  0.330875991,
Prob (2),   0.586980110,  0.413019890,
Mean,     -0.000014027, -0.002068719, -0.000309031,
Cor (1),    1.000000000,  0.373852909, -0.035307921,
Cor (2),    0.373852909,  1.000000000,  0.529854759,
Cor (3),   -0.035307921,  0.529854759,  1.000000000,
VCV (1),    0.000001989,  0.000001618, -0.000000084,
VCV (2),    0.000001618,  0.000009414,  0.000002750,
VCV (3),   -0.000000084,  0.000002750,  0.000002862,
St.dev,     0.001410354,  0.003068179,  0.001691759,
Mean,      0.000793908,  0.003316250,  0.000857888,
Cor (1),    1.000000000,  0.267669805,  0.882167329,
Cor (2),    0.267669805,  1.000000000, -0.189120397,
Cor (3),    0.882167329, -0.189120397,  1.000000000,
VCV (1),    0.000035319,  0.000032806,  0.000049929,
VCV (2),    0.000032806,  0.000425311, -0.000037144,
VCV (3),    0.000049929, -0.000037144,  0.000090697,
St.dev,     0.005942996,  0.020623080,  0.009523477,
AutoCor,    0.260216508,  0.239198904,  0.160772681,

No.; 19; Score; 3.0287548367511;
Markow Autoregressive (lag 1) bivariate joint 3 asset model uncond. params
uMean,      0.000171379,  0.000028969,  0.000028437,
VCV (1),    0.000027429, -0.000016400, -0.000010287,
VCV (2),   -0.000016400,  0.000042704, -0.000008675,
VCV (3),   -0.000010287, -0.000008675,  0.000023049,
Cor (1),    1.000000000, -0.479175232, -0.409103561,
Cor (2),   -0.479175232,  1.000000000, -0.276512346,
Cor (3),   -0.409103561, -0.276512346,  1.000000000,
St.dev,     0.005237309,  0.006534841,  0.004800958,
Skewness,   0.223914389,  0.089131180,  0.919220027,
Kurtosis,  -0.526724810,  0.056235483,  1.266709999,
AutoCor,    0.072875208,  0.179959504,  0.113347859,
Markow Autoregressive (lag 1) bivariate joint 3 asset model cond. params
uProb.,   0.308516040,  0.691483960,
Prob (1),   0.009298379,  0.990701621,
Prob (2),   0.442016530,  0.557983470,
Mean,     -0.004849318,  0.002505474,  0.003993853,
Cor (1),    1.000000000,  0.005962963,  0.135704630,
Cor (2),    0.005962963,  1.000000000, -0.566251421,
Cor (3),    0.135704630, -0.566251421,  1.000000000,
VCV (1),    0.000003095,  0.000000070,  0.000001333,
VCV (2),    0.000000070,  0.000044507, -0.000021094,
VCV (3),    0.000001333, -0.000021094,  0.000031178,
St.dev,     0.001759150,  0.006671353,  0.005583767,
Mean,      0.002411439, -0.001075961, -0.001740794,
Cor (1),    1.000000000, -0.569884984, -0.217458353,
Cor (2),   -0.569884984,  1.000000000, -0.533497005,
Cor (3),   -0.217458353, -0.533497005,  1.000000000,
VCV (1),    0.000017810, -0.000014248, -0.000002321,
VCV (2),   -0.000014248,  0.000035096, -0.000007995,
VCV (3),   -0.000002321, -0.000007995,  0.000006399,
St.dev,     0.004220181,  0.005924217,  0.002529546,
AutoCor,    0.424251885,  0.221906044,  0.352289115,

No.; 20; Score; 3.0472627797644;
Markow Autoregressive (lag 1) bivariate joint 3 asset model uncond. params
uMean,      0.000135462, -0.000137685,  0.000067878,
VCV (1),    0.000033570,  0.000008016,  0.000038171,
VCV (2),    0.000008016,  0.000022903, -0.000011303,
VCV (3),    0.000038171, -0.000011303,  0.000093508,
Cor (1),    1.000000000,  0.289086273,  0.681290415,
Cor (2),    0.289086273,  1.000000000, -0.244238633,
Cor (3),    0.681290415, -0.244238633,  1.000000000,
St.dev,     0.005793928,  0.004785732,  0.009669979,
Skewness,  -1.172806734,  0.207084916,  0.145890781,
Kurtosis,   4.194809834,  0.217835340,  3.864410673,
AutoCor,   -0.002506484,  0.095060236,  0.125162650,
Markow Autoregressive (lag 1) bivariate joint 3 asset model cond. params
uProb.,   0.837417704,  0.162582296,
Prob (1),   0.821421195,  0.178578805,
Prob (2),   0.919811423,  0.080188577,
Mean,      0.001101954, -0.000904359, -0.000115071,
Cor (1),    1.000000000,  0.819463043,  0.751540394,
Cor (2),    0.819463043,  1.000000000,  0.040304637,
Cor (3),    0.751540394,  0.040304637,  1.000000000,
VCV (1),    0.000014771,  0.000013533,  0.000019413,
VCV (2),    0.000013533,  0.000018463,  0.000001164,
VCV (3),    0.000019413,  0.000001164,  0.000045174,
St.dev,     0.003843306,  0.004296866,  0.006721154,
Mean,     -0.004842682,  0.003811247,  0.001010197,
Cor (1),    1.000000000,  0.058514837,  0.764880402,
Cor (2),    0.058514837,  1.000000000, -0.860124318,
Cor (3),    0.764880402, -0.860124318,  1.000000000,
VCV (1),    0.000100770,  0.000002952,  0.000139978,
VCV (2),    0.000002952,  0.000025256, -0.000078803,
VCV (3),    0.000139978, -0.000078803,  0.000332354,
St.dev,     0.010038450,  0.005025538,  0.018230571,
AutoCor,    0.013535140,  0.124527379,  0.125575562,

No.; 21; Score; 3.0812137198185;
Markow Autoregressive (lag 1) bivariate joint 3 asset model uncond. params
uMean,      0.000212036,  0.000305925, -0.000008174,
VCV (1),    0.000023348,  0.000023094,  0.000000267,
VCV (2),    0.000023094,  0.000047455,  0.000010670,
VCV (3),    0.000000267,  0.000010670,  0.000011070,
Cor (1),    1.000000000,  0.693802510,  0.016609968,
Cor (2),    0.693802510,  1.000000000,  0.465550292,
Cor (3),    0.016609968,  0.465550292,  1.000000000,
St.dev,     0.004832014,  0.006888753,  0.003327188,
Skewness,  -0.358028139, -1.573189788, -0.132673878,
Kurtosis,   2.791424456,  8.547306466,  0.176838650,
AutoCor,    0.452999905,  0.146284296,  0.669470466,
Markow Autoregressive (lag 1) bivariate joint 3 asset model cond. params
uProb.,   0.831465814,  0.168534186,
Prob (1),   0.940295265,  0.059704735,
Prob (2),   0.294554162,  0.705445838,
Mean,      0.000489814,  0.001344667,  0.000345917,
Cor (1),    1.000000000,  0.329513994,  0.452859944,
Cor (2),    0.329513994,  1.000000000,  0.584139025,
Cor (3),    0.452859944,  0.584139025,  1.000000000,
VCV (1),    0.000009867,  0.000003264,  0.000003245,
VCV (2),    0.000003264,  0.000009946,  0.000004202,
VCV (3),    0.000003245,  0.000004202,  0.000005203,
St.dev,     0.003141255,  0.003153797,  0.002280963,
Mean,     -0.001158390, -0.004818723, -0.001755088,
Cor (1),    1.000000000,  0.984660798, -0.751584346,
Cor (2),    0.984660798,  1.000000000,  0.704620194,
Cor (3),   -0.751584346,  0.704620194,  1.000000000,
VCV (1),    0.000060025,  0.000107668, -0.000016912,
VCV (2),    0.000107668,  0.000199189,  0.000028883,
VCV (3),   -0.000016912,  0.000028883,  0.000008436,
St.dev,     0.007747586,  0.014113424,  0.002904404,
AutoCor,    0.449805341,  0.083179814,  0.670874862,

No.; 22; Score; 3.1023487503193;
Markow Autoregressive (lag 1) bivariate joint 3 asset model uncond. params
uMean,      0.000374453,  0.000366454, -0.000185465,
VCV (1),    0.000321889, -0.000051964, -0.000003784,
VCV (2),   -0.000051964,  0.000075042, -0.000000798,
VCV (3),   -0.000003784, -0.000000798,  0.000011030,
Cor (1),    1.000000000, -0.334350758, -0.063506124,
Cor (2),   -0.334350758,  1.000000000, -0.027750069,
Cor (3),   -0.063506124, -0.027750069,  1.000000000,
St.dev,     0.017941257,  0.008662662,  0.003321084,
Skewness,   0.052299742, -0.009842633, -4.089713855,
Kurtosis,   0.008499160, -0.006994074, 23.066423812,
AutoCor,    0.606910011,  0.641073321,  0.249396136,
Markow Autoregressive (lag 1) bivariate joint 3 asset model cond. params
uProb.,   0.935724222,  0.064275778,
Prob (1),   0.961836892,  0.038163108,
Prob (2),   0.555577020,  0.444422980,
Mean,      0.001069724,  0.000058364,  0.000404648,
Cor (1),    1.000000000, -0.327393232, -0.332382701,
Cor (2),   -0.327393232,  1.000000000, -0.088353055,
Cor (3),   -0.332382701, -0.088353055,  1.000000000,
VCV (1),    0.000207448, -0.000031180, -0.000006176,
VCV (2),   -0.000031180,  0.000043721, -0.000000754,
VCV (3),   -0.000006176, -0.000000754,  0.000001664,
St.dev,     0.014403052,  0.006612220,  0.001290018,
Mean,     -0.009747265,  0.004851615, -0.008776311,
Cor (1),    1.000000000, -0.157279658, -0.905863194,
Cor (2),   -0.157279658,  1.000000000,  0.809601898,
Cor (3),   -0.905863194,  0.809601898,  1.000000000,
VCV (1),    0.000047370, -0.000006126, -0.000051129,
VCV (2),   -0.000006126,  0.000032031,  0.000037576,
VCV (3),   -0.000051129,  0.000037576,  0.000067252,
St.dev,     0.006882589,  0.005659625,  0.008200745,
AutoCor,    0.611394799,  0.645478336,  0.115968494,

No.; 23; Score; 3.107307572767;
