Round No; 2; best result RLS; 7.3165301194662

;;;
Statistical description of data for: Meginajums1
Calib/Tail/Per/Cur, 784, 9999, 23, 0,
Title,    INDEX WITH EQUAL WEIGHTS based on market value,EQUITY LM SNP,REX BOND     ,
Mean,       0.000158634,  0.000175148,  0.000011824,
VCV (1),    0.000022943, -0.000000281, -0.000000006,
VCV (2),   -0.000000281,  0.000027803, -0.000000034,
VCV (3),   -0.000000006, -0.000000034,  0.000000099,
St.dev,     0.004789897,  0.005272874,  0.000315163,
Skewness,  -1.581739356, -0.533728382, -0.333150084,
Kurtosis,  24.552038003,  6.345066446, 26.810331499,
AutoCor,   -0.072787598,  0.126724186, -0.366572783,
No.; 1; Score; 7.3165301194662;
Markow Autoregressive (lag 1) bivariate joint 3 asset model uncond. params
uMean,     -0.002693818,  0.001492248,  0.000016623,
VCV (1),    0.000033775,  0.000009013,  0.000000665,
VCV (2),    0.000009013,  0.000032389, -0.000000314,
VCV (3),    0.000000665, -0.000000314,  0.000000084,
Cor (1),    1.000000000,  0.272508259,  0.394518312,
Cor (2),    0.272508259,  1.000000000, -0.189928061,
Cor (3),    0.394518312, -0.189928061,  1.000000000,
St.dev,     0.005811594,  0.005691145,  0.000290054,
Skewness,  -0.112250488,  0.102491034, -0.025299969,
Kurtosis,   0.381211343,  0.206476362,  0.004881326,
AutoCor,   -0.011453796,  0.095846549, -0.237987205,
Markow Autoregressive (lag 1) bivariate joint 3 asset model cond. params
uProb.,   0.629685234,  0.370314766,
Prob (1),   0.620590027,  0.379409973,
Prob (2),   0.645150775,  0.354849225,
Mean,     -0.003156433,  0.002047451, -0.000017803,
Cor (1),    1.000000000,  0.324572754,  0.363859863,
Cor (2),    0.324572754,  1.000000000, -0.230668945,
Cor (3),    0.363859863, -0.230668945,  1.000000000,
VCV (1),    0.000042793,  0.000013141,  0.000000678,
VCV (2),    0.000013141,  0.000038304, -0.000000406,
VCV (3),    0.000000678, -0.000000406,  0.000000081,
St.dev,     0.006541625,  0.006189029,  0.000284703,
Mean,     -0.001907184,  0.000548176,  0.000075162,
Cor (1),    1.000000000,  0.171028541,  0.508992488,
Cor (2),    0.171028541,  1.000000000, -0.071938477,
Cor (3),    0.508992488, -0.071938477,  1.000000000,
VCV (1),    0.000017446,  0.000003202,  0.000000566,
VCV (2),    0.000003202,  0.000020092, -0.000000086,
VCV (3),    0.000000566, -0.000000086,  0.000000071,
St.dev,     0.004176809,  0.004482455,  0.000266083,
AutoCor,   -0.011311035,  0.097827148, -0.243225098,

No.; 2; Score; 8.015996666619;
Markow Autoregressive (lag 1) bivariate joint 3 asset model uncond. params
uMean,     -0.001428325,  0.000046342,  0.000030570,
VCV (1),    0.000029362, -0.000010419, -0.000000192,
VCV (2),   -0.000010419,  0.000029006,  0.000000759,
VCV (3),   -0.000000192,  0.000000759,  0.000000101,
Cor (1),    1.000000000, -0.357027661, -0.111609512,
Cor (2),   -0.357027661,  1.000000000,  0.444474107,
Cor (3),   -0.111609512,  0.444474107,  1.000000000,
St.dev,     0.005418627,  0.005385685,  0.000317087,
Skewness,  -0.151990616, -0.095012933,  0.079417929,
Kurtosis,   0.264000020,  0.128815523,  0.043326037,
AutoCor,   -0.118271494,  0.381915135, -0.320441099,
Markow Autoregressive (lag 1) bivariate joint 3 asset model cond. params
uProb.,   0.489037046,  0.510962954,
Prob (1),   0.544633402,  0.455366598,
Prob (2),   0.435826383,  0.564173617,
Mean,     -0.000487897,  0.000891003,  0.000099928,
Cor (1),    1.000000000, -0.270505371, -0.405174737,
Cor (2),   -0.270505371,  1.000000000,  0.718931847,
Cor (3),   -0.405174737,  0.718931847,  1.000000000,
VCV (1),    0.000019117, -0.000005020, -0.000000552,
VCV (2),   -0.000005020,  0.000018018,  0.000000952,
VCV (3),   -0.000000552,  0.000000952,  0.000000097,
St.dev,     0.004372256,  0.004244814,  0.000311877,
Mean,     -0.002328399, -0.000762074, -0.000035811,
Cor (1),    1.000000000, -0.548715820,  0.032153320,
Cor (2),   -0.548715820,  1.000000000,  0.439129760,
Cor (3),    0.032153320,  0.439129760,  1.000000000,
VCV (1),    0.000036638, -0.000018137,  0.000000053,
VCV (2),   -0.000018137,  0.000029819,  0.000000647,
VCV (3),    0.000000053,  0.000000647,  0.000000073,
St.dev,     0.006052938,  0.005460653,  0.000269874,
AutoCor,   -0.125012207,  0.388499536, -0.341040039,

No.; 3; Score; 8.6183812337526;
Markow Autoregressive (lag 1) bivariate joint 3 asset model uncond. params
uMean,     -0.000340303,  0.001626257, -0.000137560,
VCV (1),    0.000026350,  0.000003322, -0.000000924,
VCV (2),    0.000003322,  0.000039332, -0.000000558,
VCV (3),   -0.000000924, -0.000000558,  0.000000139,
Cor (1),    1.000000000,  0.103189229, -0.482720749,
Cor (2),    0.103189229,  1.000000000, -0.238725633,
Cor (3),   -0.482720749, -0.238725633,  1.000000000,
St.dev,     0.005133178,  0.006271524,  0.000373018,
Skewness,   0.169605962,  0.048089145, -0.344028787,
Kurtosis,   0.110770880,  0.006429582,  1.114221798,
AutoCor,   -0.149538422, -0.030682937, -0.195263025,
Markow Autoregressive (lag 1) bivariate joint 3 asset model cond. params
uProb.,   0.474556219,  0.525443781,
Prob (1),   0.544988657,  0.455011343,
Prob (2),   0.410944938,  0.589055062,
Mean,     -0.001817577,  0.000079101, -0.000064004,
Cor (1),    1.000000000,  0.062241211, -0.455463867,
Cor (2),    0.062241211,  1.000000000,  0.200222168,
Cor (3),   -0.455463867,  0.200222168,  1.000000000,
VCV (1),    0.000017875,  0.000001539, -0.000000381,
VCV (2),    0.000001539,  0.000034203,  0.000000232,
VCV (3),   -0.000000381,  0.000000232,  0.000000039,
St.dev,     0.004227853,  0.005848375,  0.000198080,
Mean,      0.000993902,  0.003023575, -0.000203991,
Cor (1),    1.000000000,  0.029143066, -0.476835937,
Cor (2),    0.029143066,  1.000000000, -0.371038495,
Cor (3),   -0.476835937, -0.371038495,  1.000000000,
VCV (1),    0.000028872,  0.000000987, -0.000001172,
VCV (2),    0.000000987,  0.000039735, -0.000001069,
VCV (3),   -0.000001172, -0.000001069,  0.000000209,
St.dev,     0.005373307,  0.006303556,  0.000457273,
AutoCor,   -0.172465820, -0.040263672, -0.207248535,

No.; 4; Score; 9.4211263669963;
Markow Autoregressive (lag 1) bivariate joint 3 asset model uncond. params
uMean,      0.001650525,  0.001057285,  0.000219452,
VCV (1),    0.000017583, -0.000004002,  0.000000195,
VCV (2),   -0.000004002,  0.000029147,  0.000000859,
VCV (3),    0.000000195,  0.000000859,  0.000000182,
Cor (1),    1.000000000, -0.176763080,  0.109258699,
Cor (2),   -0.176763080,  1.000000000,  0.372977413,
Cor (3),    0.109258699,  0.372977413,  1.000000000,
St.dev,     0.004193225,  0.005398777,  0.000426370,
Skewness,   0.132514056,  0.131491796,  0.052959865,
Kurtosis,   0.494529923,  0.199984949,  0.362189891,
AutoCor,   -0.085721776,  0.099594806, -0.045395430,
Markow Autoregressive (lag 1) bivariate joint 3 asset model cond. params
uProb.,   0.560871339,  0.439128661,
Prob (1),   0.485302420,  0.514697580,
Prob (2),   0.657390754,  0.342609246,
Mean,      0.001245027,  0.001851204,  0.000238596,
Cor (1),    1.000000000, -0.656049896,  0.545413418,
Cor (2),   -0.656049896,  1.000000000,  0.747553568,
Cor (3),    0.545413418,  0.747553568,  1.000000000,
VCV (1),    0.000010968, -0.000012833,  0.000000879,
VCV (2),   -0.000012833,  0.000034889,  0.000002149,
VCV (3),    0.000000879,  0.000002149,  0.000000237,
St.dev,     0.003311772,  0.005906681,  0.000486794,
Mean,      0.002168443,  0.000043262,  0.000195000,
Cor (1),    1.000000000,  0.369227993, -0.395374941,
Cor (2),    0.369227993,  1.000000000, -0.568828163,
Cor (3),   -0.395374941, -0.568828163,  1.000000000,
VCV (1),    0.000025271,  0.000008141, -0.000000657,
VCV (2),    0.000008141,  0.000019236, -0.000000825,
VCV (3),   -0.000000657, -0.000000825,  0.000000109,
St.dev,     0.005026979,  0.004385915,  0.000330775,
AutoCor,   -0.084677734,  0.107312012, -0.045068359,

No.; 5; Score; 9.7382888403995;
Markow Autoregressive (lag 1) bivariate joint 3 asset model uncond. params
uMean,      0.001175316,  0.001876199,  0.000013602,
VCV (1),    0.000019699,  0.000012694,  0.000000299,
VCV (2),    0.000012694,  0.000034259, -0.000000296,
VCV (3),    0.000000299, -0.000000296,  0.000000151,
Cor (1),    1.000000000,  0.488642219,  0.173114748,
Cor (2),    0.488642219,  1.000000000, -0.129898899,
Cor (3),    0.173114748, -0.129898899,  1.000000000,
St.dev,     0.004438399,  0.005853090,  0.000388729,
Skewness,   0.083762677, -0.184956181, -0.365490052,
Kurtosis,   0.094783211,  1.021470282,  0.442586857,
AutoCor,   -0.248421803,  0.301843315, -0.132632853,
Markow Autoregressive (lag 1) bivariate joint 3 asset model cond. params
uProb.,   0.455867881,  0.544132119,
Prob (1),   0.427453788,  0.572546212,
Prob (2),   0.479672894,  0.520327106,
Mean,      0.001946145,  0.001196137,  0.000142214,
Cor (1),    1.000000000,  0.545800781, -0.607459690,
Cor (2),    0.545800781,  1.000000000,  0.024733887,
Cor (3),   -0.607459690,  0.024733887,  1.000000000,
VCV (1),    0.000021728,  0.000018431, -0.000000734,
VCV (2),    0.000018431,  0.000052481,  0.000000046,
VCV (3),   -0.000000734,  0.000000046,  0.000000067,
St.dev,     0.004661354,  0.007244361,  0.000259138,
Mean,      0.000529524,  0.002445947, -0.000094148,
Cor (1),    1.000000000,  0.777815260,  0.592602239,
Cor (2),    0.777815260,  1.000000000, -0.301480763,
Cor (3),    0.592602239, -0.301480763,  1.000000000,
VCV (1),    0.000014817,  0.000010567,  0.000000997,
VCV (2),    0.000010567,  0.000012456, -0.000000465,
VCV (3),    0.000000997, -0.000000465,  0.000000191,
St.dev,     0.003849277,  0.003529264,  0.000437018,
AutoCor,   -0.253508301,  0.305893555, -0.140751953,

No.; 6; Score; 10.562147527671;
Markow Autoregressive (lag 1) bivariate joint 3 asset model uncond. params
uMean,     -0.000720309, -0.000195794,  0.000026774,
VCV (1),    0.000034902,  0.000005676,  0.000000453,
VCV (2),    0.000005676,  0.000023025, -0.000000448,
VCV (3),    0.000000453, -0.000000448,  0.000000111,
Cor (1),    1.000000000,  0.200218304,  0.229781575,
Cor (2),    0.200218304,  1.000000000, -0.279767615,
Cor (3),    0.229781575, -0.279767615,  1.000000000,
St.dev,     0.005907761,  0.004798468,  0.000333741,
Skewness,  -0.141505442, -0.029444991,  0.094471393,
Kurtosis,   1.437291237, -0.026126212,  0.080695977,
AutoCor,    0.006134581, -0.185587321, -0.246609232,
Markow Autoregressive (lag 1) bivariate joint 3 asset model cond. params
uProb.,   0.533962389,  0.466037611,
Prob (1),   0.478151760,  0.521848240,
Prob (2),   0.597907391,  0.402092609,
Mean,     -0.001096188,  0.001375250,  0.000084781,
Cor (1),    1.000000000,  0.246379395,  0.389963379,
Cor (2),    0.246379395,  1.000000000, -0.653041992,
Cor (3),    0.389963379, -0.653041992,  1.000000000,
VCV (1),    0.000057328,  0.000008120,  0.000001017,
VCV (2),    0.000008120,  0.000018946, -0.000000979,
VCV (3),    0.000001017, -0.000000979,  0.000000119,
St.dev,     0.007571543,  0.004352721,  0.000344465,
Mean,     -0.000289647, -0.001995818, -0.000039686,
Cor (1),    1.000000000,  0.326613421, -0.163542480,
Cor (2),    0.326613421,  1.000000000, -0.004387207,
Cor (3),   -0.163542480, -0.004387207,  1.000000000,
VCV (1),    0.000008856,  0.000004345, -0.000000138,
VCV (2),    0.000004345,  0.000019986, -0.000000006,
VCV (3),   -0.000000138, -0.000000006,  0.000000080,
St.dev,     0.002975839,  0.004470603,  0.000283238,
AutoCor,    0.006721191, -0.194804687, -0.251157227,

No.; 7; Score; 11.262801306637;
Markow Autoregressive (lag 1) bivariate joint 3 asset model uncond. params
uMean,     -0.001542260, -0.000181173,  0.000028164,
VCV (1),    0.000030273,  0.000004802, -0.000000374,
VCV (2),    0.000004802,  0.000020673,  0.000000259,
VCV (3),   -0.000000374,  0.000000259,  0.000000066,
Cor (1),    1.000000000,  0.191945333, -0.263861976,
Cor (2),    0.191945333,  1.000000000,  0.221247211,
Cor (3),   -0.263861976,  0.221247211,  1.000000000,
St.dev,     0.005502064,  0.004546715,  0.000257726,
Skewness,  -0.110910662,  0.004155229,  0.015472442,
Kurtosis,   0.096950501, -0.020775086,  0.018388825,
AutoCor,    0.236356197, -0.008383268, -0.190145645,
Markow Autoregressive (lag 1) bivariate joint 3 asset model cond. params
uProb.,   0.584704652,  0.415295348,
Prob (1),   0.549370676,  0.450629324,
Prob (2),   0.634452236,  0.365547764,
Mean,     -0.000552904,  0.001022426,  0.000013675,
Cor (1),    1.000000000,  0.669490253, -0.303149414,
Cor (2),    0.669490253,  1.000000000,  0.225974121,
Cor (3),   -0.303149414,  0.225974121,  1.000000000,
VCV (1),    0.000022753,  0.000013886, -0.000000352,
VCV (2),    0.000013886,  0.000018907,  0.000000239,
VCV (3),   -0.000000352,  0.000000239,  0.000000059,
St.dev,     0.004770058,  0.004348199,  0.000243745,
Mean,     -0.002935200, -0.001875750,  0.000048563,
Cor (1),    1.000000000, -0.489052734, -0.261064453,
Cor (2),   -0.489052734,  1.000000000,  0.306767578,
Cor (3),   -0.261064453,  0.306767578,  1.000000000,
VCV (1),    0.000033133, -0.000012025, -0.000000397,
VCV (2),   -0.000012025,  0.000018248,  0.000000346,
VCV (3),   -0.000000397,  0.000000346,  0.000000070,
St.dev,     0.005756168,  0.004271712,  0.000264191,
AutoCor,    0.251687012,  0.000012207, -0.190615234,

No.; 8; Score; 11.955086000518;
Markow Autoregressive (lag 1) bivariate joint 3 asset model uncond. params
uMean,      0.000989359,  0.002325158,  0.000120742,
VCV (1),    0.000031062, -0.000002725, -0.000000381,
VCV (2),   -0.000002725,  0.000035296,  0.000000504,
VCV (3),   -0.000000381,  0.000000504,  0.000000098,
Cor (1),    1.000000000, -0.082312955, -0.217965966,
Cor (2),   -0.082312955,  1.000000000,  0.270195625,
Cor (3),   -0.217965966,  0.270195625,  1.000000000,
St.dev,     0.005573329,  0.005941039,  0.000313695,
Skewness,   0.068357168,  0.196372875, -0.044498731,
Kurtosis,   0.808624287,  0.467885637,  0.745541927,
AutoCor,   -0.083019690, -0.261573524, -0.245809379,
Markow Autoregressive (lag 1) bivariate joint 3 asset model cond. params
uProb.,   0.607134769,  0.392865231,
Prob (1),   0.507847674,  0.492152326,
Prob (2),   0.760573259,  0.239426741,
Mean,      0.001185913,  0.003102482,  0.000128267,
Cor (1),    1.000000000, -0.140529785, -0.152687988,
Cor (2),   -0.140529785,  1.000000000,  0.617321777,
Cor (3),   -0.152687988,  0.617321777,  1.000000000,
VCV (1),    0.000043806, -0.000006152, -0.000000231,
VCV (2),   -0.000006152,  0.000043743,  0.000000935,
VCV (3),   -0.000000231,  0.000000935,  0.000000052,
St.dev,     0.006618613,  0.006613827,  0.000228938,
Mean,      0.000685605,  0.001123880,  0.000109113,
Cor (1),    1.000000000,  0.175158691, -0.466507895,
Cor (2),    0.175158691,  1.000000000, -0.182460938,
Cor (3),   -0.466507895, -0.182460938,  1.000000000,
VCV (1),    0.000010676,  0.000002131, -0.000000598,
VCV (2),    0.000002131,  0.000013870, -0.000000267,
VCV (3),   -0.000000598, -0.000000267,  0.000000154,
St.dev,     0.003267375,  0.003724244,  0.000392603,
AutoCor,   -0.082692871, -0.261813965, -0.245803223,

No.; 9; Score; 11.960441486788;
Markow Autoregressive (lag 1) bivariate joint 3 asset model uncond. params
uMean,      0.001089560,  0.003017259,  0.000111035,
VCV (1),    0.000028925,  0.000004099, -0.000000680,
VCV (2),    0.000004099,  0.000024120,  0.000000054,
VCV (3),   -0.000000680,  0.000000054,  0.000000146,
Cor (1),    1.000000000,  0.155170893, -0.330907942,
Cor (2),    0.155170893,  1.000000000,  0.029027130,
Cor (3),   -0.330907942,  0.029027130,  1.000000000,
St.dev,     0.005378195,  0.004911164,  0.000382261,
Skewness,  -0.465190039,  0.200196358, -0.415884759,
Kurtosis,   0.686875074,  0.361286652,  0.954698613,
AutoCor,    0.254931454,  0.247419168, -0.089953556,
Markow Autoregressive (lag 1) bivariate joint 3 asset model cond. params
uProb.,   0.460990706,  0.539009294,
Prob (1),   0.522429959,  0.477570041,
Prob (2),   0.408444442,  0.591555558,
Mean,     -0.000812089,  0.004047996,  0.000211161,
Cor (1),    1.000000000,  0.509245605, -0.392860178,
Cor (2),    0.509245605,  1.000000000, -0.097478027,
Cor (3),   -0.392860178, -0.097478027,  1.000000000,
VCV (1),    0.000038458,  0.000017464, -0.000000519,
VCV (2),    0.000017464,  0.000030580, -0.000000115,
VCV (3),   -0.000000519, -0.000000115,  0.000000045,
St.dev,     0.006201415,  0.005529936,  0.000212838,
Mean,      0.002715955,  0.002135715,  0.000025401,
Cor (1),    1.000000000, -0.388623047, -0.346640625,
Cor (2),   -0.388623047,  1.000000000,  0.019453125,
Cor (3),   -0.346640625,  0.019453125,  1.000000000,
VCV (1),    0.000011494, -0.000004958, -0.000000543,
VCV (2),   -0.000004958,  0.000014160,  0.000000034,
VCV (3),   -0.000000543,  0.000000034,  0.000000214,
St.dev,     0.003390213,  0.003762934,  0.000462339,
AutoCor,    0.271806641,  0.252642715, -0.102666016,

No.; 10; Score; 12.223447881724;
Markow Autoregressive (lag 1) bivariate joint 3 asset model uncond. params
uMean,      0.001517688, -0.000051322,  0.000022376,
VCV (1),    0.000023427, -0.000007379,  0.000000689,
VCV (2),   -0.000007379,  0.000027338, -0.000000032,
VCV (3),    0.000000689, -0.000000032,  0.000000131,
Cor (1),    1.000000000, -0.291573818,  0.392305592,
Cor (2),   -0.291573818,  1.000000000, -0.017117876,
Cor (3),    0.392305592, -0.017117876,  1.000000000,
St.dev,     0.004840132,  0.005228568,  0.000362617,
Skewness,   0.344826050, -0.334669413, -0.019520388,
Kurtosis,   0.374104683,  1.013133093,  0.057866883,
AutoCor,    0.195183932,  0.124282088, -0.016851809,
Markow Autoregressive (lag 1) bivariate joint 3 asset model cond. params
uProb.,   0.589681585,  0.410318415,
Prob (1),   0.686720715,  0.313279285,
Prob (2),   0.450223580,  0.549776420,
Mean,      0.002728515,  0.000798122,  0.000008260,
Cor (1),    1.000000000, -0.593071289,  0.427678351,
Cor (2),   -0.593071289,  1.000000000, -0.026506348,
Cor (3),    0.427678351, -0.026506348,  1.000000000,
VCV (1),    0.000028178, -0.000011355,  0.000000869,
VCV (2),   -0.000011355,  0.000013010, -0.000000037,
VCV (3),    0.000000869, -0.000000037,  0.000000146,
St.dev,     0.005308317,  0.003606968,  0.000382735,
Mean,     -0.000222429, -0.001272086,  0.000042663,
Cor (1),    1.000000000, -0.231332544,  0.484414649,
Cor (2),   -0.231332544,  1.000000000,  0.006994629,
Cor (3),    0.484414649,  0.006994629,  1.000000000,
VCV (1),    0.000009566, -0.000004772,  0.000000495,
VCV (2),   -0.000004772,  0.000044481,  0.000000015,
VCV (3),    0.000000495,  0.000000015,  0.000000109,
St.dev,     0.003092902,  0.006669381,  0.000330373,
AutoCor,    0.191101074,  0.119857771, -0.017404785,

No.; 11; Score; 12.250198593883;
Markow Autoregressive (lag 1) bivariate joint 3 asset model uncond. params
uMean,      0.000544576, -0.002722432,  0.000036638,
VCV (1),    0.000029598,  0.000014183,  0.000000310,
VCV (2),    0.000014183,  0.000030228,  0.000000062,
VCV (3),    0.000000310,  0.000000062,  0.000000076,
Cor (1),    1.000000000,  0.474176718,  0.207056634,
Cor (2),    0.474176718,  1.000000000,  0.040950186,
Cor (3),    0.207056634,  0.040950186,  1.000000000,
St.dev,     0.005440396,  0.005498040,  0.000275413,
Skewness,  -0.013023850, -0.535136570,  0.254273588,
Kurtosis,   0.063907603,  1.081510075,  0.188569538,
AutoCor,    0.318087909,  0.018110471, -0.204819646,
Markow Autoregressive (lag 1) bivariate joint 3 asset model cond. params
uProb.,   0.492286596,  0.507713404,
Prob (1),   0.466524215,  0.533475785,
Prob (2),   0.517266191,  0.482733809,
Mean,      0.000379372, -0.004374520,  0.000127000,
Cor (1),    1.000000000,  0.590405273, -0.030666504,
Cor (2),    0.590405273,  1.000000000,  0.440375977,
Cor (3),   -0.030666504,  0.440375977,  1.000000000,
VCV (1),    0.000030959,  0.000022291, -0.000000050,
VCV (2),    0.000022291,  0.000046045,  0.000000870,
VCV (3),   -0.000000050,  0.000000870,  0.000000085,
St.dev,     0.005564119,  0.006785646,  0.000291103,
Mean,      0.000704760, -0.001120542, -0.000050979,
Cor (1),    1.000000000,  0.380586818,  0.731494757,
Cor (2),    0.380586818,  1.000000000, -0.658674316,
Cor (3),    0.731494757, -0.658674316,  1.000000000,
VCV (1),    0.000022320,  0.000005585,  0.000000733,
VCV (2),    0.000005585,  0.000009647, -0.000000434,
VCV (3),    0.000000733, -0.000000434,  0.000000045,
St.dev,     0.004724430,  0.003105926,  0.000212131,
AutoCor,    0.318417969,  0.024716797, -0.222775879,

No.; 12; Score; 12.61899454545;
Markow Autoregressive (lag 1) bivariate joint 3 asset model uncond. params
uMean,      0.000899683, -0.001040345,  0.000099022,
VCV (1),    0.000016762, -0.000010948, -0.000000133,
VCV (2),   -0.000010948,  0.000042315,  0.000000244,
VCV (3),   -0.000000133,  0.000000244,  0.000000059,
Cor (1),    1.000000000, -0.411069854, -0.133619629,
Cor (2),   -0.411069854,  1.000000000,  0.154651876,
Cor (3),   -0.133619629,  0.154651876,  1.000000000,
St.dev,     0.004094183,  0.006504993,  0.000242234,
Skewness,  -0.028352265,  0.000999320,  0.062881989,
Kurtosis,   0.089895700,  0.001374086,  0.415575613,
AutoCor,    0.263687566,  0.245764499, -0.198060852,
Markow Autoregressive (lag 1) bivariate joint 3 asset model cond. params
uProb.,   0.625304980,  0.374695020,
Prob (1),   0.755249520,  0.244750480,
Prob (2),   0.408448701,  0.591551299,
Mean,      0.001074106, -0.001119152,  0.000088423,
Cor (1),    1.000000000, -0.516490288,  0.034995117,
Cor (2),   -0.516490288,  1.000000000, -0.080712891,
Cor (3),    0.034995117, -0.080712891,  1.000000000,
VCV (1),    0.000013384, -0.000011810,  0.000000025,
VCV (2),   -0.000011810,  0.000039069, -0.000000100,
VCV (3),    0.000000025, -0.000000100,  0.000000040,
St.dev,     0.003658398,  0.006250493,  0.000198918,
Mean,      0.000608599, -0.000908829,  0.000116709,
Cor (1),    1.000000000, -0.270021973, -0.320354004,
Cor (2),   -0.270021973,  1.000000000,  0.456879926,
Cor (3),   -0.320354004,  0.456879926,  1.000000000,
VCV (1),    0.000019170, -0.000007560, -0.000000406,
VCV (2),   -0.000007560,  0.000040887,  0.000000846,
VCV (3),   -0.000000406,  0.000000846,  0.000000084,
St.dev,     0.004378327,  0.006394274,  0.000289542,
AutoCor,    0.263435059,  0.245739746, -0.199807129,

No.; 13; Score; 12.764753126054;
Markow Autoregressive (lag 1) bivariate joint 3 asset model uncond. params
uMean,      0.001667353, -0.000222352, -0.000085551,
VCV (1),    0.000020334,  0.000005567,  0.000000600,
VCV (2),    0.000005567,  0.000053358,  0.000001306,
VCV (3),    0.000000600,  0.000001306,  0.000000154,
Cor (1),    1.000000000,  0.169001225,  0.339485663,
Cor (2),    0.169001225,  1.000000000,  0.456132782,
Cor (3),    0.339485663,  0.456132782,  1.000000000,
St.dev,     0.004509328,  0.007304649,  0.000391979,
Skewness,   0.048865543,  0.324252965, -0.046293196,
Kurtosis,   0.495991655,  0.147085568, -0.010908555,
AutoCor,    0.141107107,  0.171632702, -0.167397141,
Markow Autoregressive (lag 1) bivariate joint 3 asset model cond. params
uProb.,   0.449773734,  0.550226266,
Prob (1),   0.377272353,  0.622727647,
Prob (2),   0.509038838,  0.490961162,
Mean,      0.001467623, -0.003387286, -0.000225186,
Cor (1),    1.000000000, -0.341378188,  0.177114258,
Cor (2),   -0.341378188,  1.000000000,  0.045944824,
Cor (3),    0.177114258,  0.045944824,  1.000000000,
VCV (1),    0.000010720, -0.000005682,  0.000000217,
VCV (2),   -0.000005682,  0.000025843,  0.000000088,
VCV (3),    0.000000217,  0.000000088,  0.000000141,
St.dev,     0.003274174,  0.005083560,  0.000375020,
Mean,      0.001830620,  0.002364773,  0.000028592,
Cor (1),    1.000000000,  0.343103027,  0.479032058,
Cor (2),    0.343103027,  1.000000000,  0.635399941,
Cor (3),    0.479032058,  0.635399941,  1.000000000,
VCV (1),    0.000027394,  0.000013528,  0.000000897,
VCV (2),    0.000013528,  0.000056752,  0.000001712,
VCV (3),    0.000000897,  0.000001712,  0.000000128,
St.dev,     0.005233949,  0.007533400,  0.000357701,
AutoCor,    0.141545410,  0.226630859, -0.171520996,

No.; 14; Score; 13.126978380212;
Markow Autoregressive (lag 1) bivariate joint 3 asset model uncond. params
uMean,     -0.000457579, -0.000484288, -0.000096700,
VCV (1),    0.000010850,  0.000004317, -0.000000489,
VCV (2),    0.000004317,  0.000046313,  0.000000466,
VCV (3),   -0.000000489,  0.000000466,  0.000000219,
Cor (1),    1.000000000,  0.192578542, -0.316591154,
Cor (2),    0.192578542,  1.000000000,  0.146121769,
Cor (3),   -0.316591154,  0.146121769,  1.000000000,
St.dev,     0.003293875,  0.006805384,  0.000468449,
Skewness,   0.008343719,  0.731065025,  0.012329748,
Kurtosis,   0.147958522,  0.905071515,  0.008658442,
AutoCor,    0.138477584,  0.203264612, -0.200369320,
Markow Autoregressive (lag 1) bivariate joint 3 asset model cond. params
uProb.,   0.452474260,  0.547525740,
Prob (1),   0.582961830,  0.417038170,
Prob (2),   0.344639574,  0.655360426,
Mean,     -0.000412189,  0.002845721, -0.000135485,
Cor (1),    1.000000000,  0.161052246, -0.237831630,
Cor (2),    0.161052246,  1.000000000,  0.194531250,
Cor (3),   -0.237831630,  0.194531250,  1.000000000,
VCV (1),    0.000013278,  0.000004649, -0.000000384,
VCV (2),    0.000004649,  0.000062764,  0.000000682,
VCV (3),   -0.000000384,  0.000000682,  0.000000196,
St.dev,     0.003643833,  0.007922397,  0.000442812,
Mean,     -0.000495089, -0.003236200, -0.000064647,
Cor (1),    1.000000000,  0.338693848, -0.437811397,
Cor (2),    0.338693848,  1.000000000,  0.304453125,
Cor (3),   -0.437811397,  0.304453125,  1.000000000,
VCV (1),    0.000008460,  0.000003608, -0.000000597,
VCV (2),    0.000003608,  0.000013411,  0.000000523,
VCV (3),   -0.000000597,  0.000000523,  0.000000220,
St.dev,     0.002908650,  0.003662148,  0.000469125,
AutoCor,    0.138461914,  0.194616699, -0.202868652,

No.; 15; Score; 13.501629802569;
Markow Autoregressive (lag 1) bivariate joint 3 asset model uncond. params
uMean,      0.000633115, -0.000974923,  0.000184543,
VCV (1),    0.000044007,  0.000004383, -0.000000161,
VCV (2),    0.000004383,  0.000022512, -0.000000076,
VCV (3),   -0.000000161, -0.000000076,  0.000000052,
Cor (1),    1.000000000,  0.139265588, -0.106079465,
Cor (2),    0.139265588,  1.000000000, -0.069660474,
Cor (3),   -0.106079465, -0.069660474,  1.000000000,
St.dev,     0.006633806,  0.004744634,  0.000228901,
Skewness,  -0.229189627, -0.122860204, -0.028106116,
Kurtosis,   0.632737832, -0.083633121,  0.113414520,
AutoCor,    0.138923446,  0.230703139, -0.074700676,
Markow Autoregressive (lag 1) bivariate joint 3 asset model cond. params
uProb.,   0.529624418,  0.470375582,
Prob (1),   0.456363733,  0.543636267,
Prob (2),   0.612113068,  0.387886932,
Mean,      0.001677044,  0.001209538,  0.000194947,
Cor (1),    1.000000000,  0.259848633,  0.572731934,
Cor (2),    0.259848633,  1.000000000, -0.447825224,
Cor (3),    0.572731934, -0.447825224,  1.000000000,
VCV (1),    0.000022859,  0.000004549,  0.000000564,
VCV (2),    0.000004549,  0.000013408, -0.000000338,
VCV (3),    0.000000564, -0.000000338,  0.000000042,
St.dev,     0.004781057,  0.003661739,  0.000205883,
Mean,     -0.000542309, -0.003434541,  0.000172829,
Cor (1),    1.000000000, -0.044824219, -0.505502930,
Cor (2),   -0.044824219,  1.000000000,  0.154929199,
Cor (3),   -0.505502930,  0.154929199,  1.000000000,
VCV (1),    0.000063236, -0.000001462, -0.000001007,
VCV (2),   -0.000001462,  0.000016828,  0.000000159,
VCV (3),   -0.000001007,  0.000000159,  0.000000063,
St.dev,     0.007952116,  0.004102181,  0.000250575,
AutoCor,    0.147375488,  0.351855656, -0.074511719,

No.; 16; Score; 13.766067099044;
Markow Autoregressive (lag 1) bivariate joint 3 asset model uncond. params
uMean,      0.000471358,  0.001102458, -0.000045608,
VCV (1),    0.000015784, -0.000005991, -0.000000012,
VCV (2),   -0.000005991,  0.000025117, -0.000000084,
VCV (3),   -0.000000012, -0.000000084,  0.000000087,
Cor (1),    1.000000000, -0.300866935, -0.010319368,
Cor (2),   -0.300866935,  1.000000000, -0.057039133,
Cor (3),   -0.010319368, -0.057039133,  1.000000000,
St.dev,     0.003972922,  0.005011649,  0.000294851,
Skewness,  -0.118938001,  0.550005442,  0.324565625,
Kurtosis,  -0.066361442,  0.896429130,  0.156238058,
AutoCor,    0.144288633,  0.173139828,  0.044917577,
Markow Autoregressive (lag 1) bivariate joint 3 asset model cond. params
uProb.,   0.518309974,  0.481690026,
Prob (1),   0.654039045,  0.345960955,
Prob (2),   0.372262251,  0.627737749,
Mean,      0.002251887, -0.000512089,  0.000067960,
Cor (1),    1.000000000, -0.657060407, -0.142280273,
Cor (2),   -0.657060407,  1.000000000, -0.126284180,
Cor (3),   -0.142280273, -0.126284180,  1.000000000,
VCV (1),    0.000011019, -0.000006404, -0.000000146,
VCV (2),   -0.000006404,  0.000008621, -0.000000115,
VCV (3),   -0.000000146, -0.000000115,  0.000000096,
St.dev,     0.003319541,  0.002936223,  0.000309968,
Mean,     -0.001444533,  0.002839748, -0.000167809,
Cor (1),    1.000000000,  0.044406738, -0.394880307,
Cor (2),    0.044406738,  1.000000000,  0.272263184,
Cor (3),   -0.394880307,  0.272263184,  1.000000000,
VCV (1),    0.000013538,  0.000000979, -0.000000319,
VCV (2),    0.000000979,  0.000035865,  0.000000358,
VCV (3),   -0.000000319,  0.000000358,  0.000000048,
St.dev,     0.003679465,  0.005988709,  0.000219745,
AutoCor,    0.106381836,  0.159482422, -0.000075684,

No.; 17; Score; 13.823619729448;
Markow Autoregressive (lag 1) bivariate joint 3 asset model uncond. params
uMean,     -0.000851657, -0.001999023, -0.000043122,
VCV (1),    0.000053872, -0.000010120,  0.000002415,
VCV (2),   -0.000010120,  0.000037503, -0.000001591,
VCV (3),    0.000002415, -0.000001591,  0.000000236,
Cor (1),    1.000000000, -0.225145178,  0.677347832,
Cor (2),   -0.225145178,  1.000000000, -0.534797649,
Cor (3),    0.677347832, -0.534797649,  1.000000000,
St.dev,     0.007339775,  0.006124010,  0.000485713,
Skewness,   0.118260304,  0.000469609, -0.030987389,
Kurtosis,   0.108539927,  0.005263117,  0.163471704,
AutoCor,   -0.231848745,  0.100675583, -0.332892080,
Markow Autoregressive (lag 1) bivariate joint 3 asset model cond. params
uProb.,   0.455447281,  0.544552719,
Prob (1),   0.483515578,  0.516484422,
Prob (2),   0.431971814,  0.568028186,
Mean,      0.000830214, -0.002024049, -0.000066793,
Cor (1),    1.000000000,  0.249228516,  0.758475782,
Cor (2),    0.249228516,  1.000000000, -0.777252810,
Cor (3),    0.758475782, -0.777252810,  1.000000000,
VCV (1),    0.000059311,  0.000011421,  0.000003028,
VCV (2),    0.000011421,  0.000035406, -0.000002397,
VCV (3),    0.000003028, -0.000002397,  0.000000269,
St.dev,     0.007701365,  0.005950302,  0.000518313,
Mean,     -0.002258323, -0.001978092, -0.000023325,
Cor (1),    1.000000000, -0.732780225,  0.637324219,
Cor (2),   -0.732780225,  1.000000000, -0.409385008,
Cor (3),    0.637324219, -0.409385008,  1.000000000,
VCV (1),    0.000039308, -0.000028528,  0.000001596,
VCV (2),   -0.000028528,  0.000038559, -0.000001015,
VCV (3),    0.000001596, -0.000001015,  0.000000160,
St.dev,     0.006269588,  0.006209565,  0.000399432,
AutoCor,   -0.244865723,  0.100676270, -0.333657227,

No.; 18; Score; 13.967692100952;
Markow Autoregressive (lag 1) bivariate joint 3 asset model uncond. params
uMean,     -0.001101608, -0.001795088, -0.000021579,
VCV (1),    0.000016929,  0.000000830,  0.000000192,
VCV (2),    0.000000830,  0.000037335,  0.000000222,
VCV (3),    0.000000192,  0.000000222,  0.000000114,
Cor (1),    1.000000000,  0.033021022,  0.138315496,
Cor (2),    0.033021022,  1.000000000,  0.107644895,
Cor (3),    0.138315496,  0.107644895,  1.000000000,
St.dev,     0.004114459,  0.006110214,  0.000338230,
Skewness,   0.032621423,  0.370447717, -0.261430790,
Kurtosis,   0.011854938,  0.429456341,  0.040667509,
AutoCor,    0.265541228,  0.408373148, -0.222657877,
Markow Autoregressive (lag 1) bivariate joint 3 asset model cond. params
uProb.,   0.529311582,  0.470688418,
Prob (1),   0.528098370,  0.471901630,
Prob (2),   0.530675897,  0.469324103,
Mean,     -0.001754261, -0.003706565, -0.000157960,
Cor (1),    1.000000000, -0.223981934,  0.180131836,
Cor (2),   -0.223981934,  1.000000000, -0.601508789,
Cor (3),    0.180131836, -0.601508789,  1.000000000,
VCV (1),    0.000014206, -0.000003074,  0.000000224,
VCV (2),   -0.000003074,  0.000013260, -0.000000724,
VCV (3),    0.000000224, -0.000000724,  0.000000109,
St.dev,     0.003769109,  0.003641413,  0.000330657,
Mean,     -0.000367670,  0.000354460,  0.000131787,
Cor (1),    1.000000000,  0.092622070, -0.041630859,
Cor (2),    0.092622070,  1.000000000,  0.409291992,
Cor (3),   -0.041630859,  0.409291992,  1.000000000,
VCV (1),    0.000016361,  0.000002393, -0.000000042,
VCV (2),    0.000002393,  0.000040794,  0.000000646,
VCV (3),   -0.000000042,  0.000000646,  0.000000061,
St.dev,     0.004044930,  0.006387033,  0.000246931,
AutoCor,    0.273348677,  0.459192484, -0.271899414,

No.; 19; Score; 13.981674425761;
Markow Autoregressive (lag 1) bivariate joint 3 asset model uncond. params
uMean,      0.000580470,  0.001828590,  0.000116914,
VCV (1),    0.000019139, -0.000000284,  0.000000199,
VCV (2),   -0.000000284,  0.000027897, -0.000000899,
VCV (3),    0.000000199, -0.000000899,  0.000000158,
Cor (1),    1.000000000, -0.012282107,  0.114654851,
Cor (2),   -0.012282107,  1.000000000, -0.428842829,
Cor (3),    0.114654851, -0.428842829,  1.000000000,
St.dev,     0.004374793,  0.005281720,  0.000397071,
Skewness,   0.002979326, -0.163983728,  0.111801655,
Kurtosis,  -0.102131255,  0.106979077,  0.488171782,
AutoCor,   -0.143163122, -0.253703806, -0.047358113,
Markow Autoregressive (lag 1) bivariate joint 3 asset model cond. params
uProb.,   0.335016620,  0.664983380,
Prob (1),   0.258147327,  0.741852673,
Prob (2),   0.373743137,  0.626256863,
Mean,      0.003410826, -0.000610762,  0.000065737,
Cor (1),    1.000000000, -0.850877966, -0.567466218,
Cor (2),   -0.850877966,  1.000000000, -0.670926006,
Cor (3),   -0.567466218, -0.670926006,  1.000000000,
VCV (1),    0.000013491, -0.000016741, -0.000000532,
VCV (2),   -0.000016741,  0.000028696, -0.000000917,
VCV (3),   -0.000000532, -0.000000917,  0.000000065,
St.dev,     0.003672968,  0.005356821,  0.000255063,
Mean,     -0.000845455,  0.003057528,  0.000142696,
Cor (1),    1.000000000,  0.738569067,  0.382412109,
Cor (2),    0.738569067,  1.000000000, -0.478299203,
Cor (3),    0.382412109, -0.478299203,  1.000000000,
VCV (1),    0.000015401,  0.000013043,  0.000000674,
VCV (2),    0.000013043,  0.000020250, -0.000000967,
VCV (3),    0.000000674, -0.000000967,  0.000000202,
St.dev,     0.003924353,  0.004499961,  0.000449247,
AutoCor,   -0.150529785, -0.270332031, -0.046782227,

No.; 20; Score; 14.177896720982;
Markow Autoregressive (lag 1) bivariate joint 3 asset model uncond. params
uMean,      0.000614639,  0.000351344,  0.000063673,
VCV (1),    0.000015563,  0.000004539,  0.000000563,
VCV (2),    0.000004539,  0.000033618, -0.000000539,
VCV (3),    0.000000563, -0.000000539,  0.000000158,
Cor (1),    1.000000000,  0.198433983,  0.358557961,
Cor (2),    0.198433983,  1.000000000, -0.233314934,
Cor (3),    0.358557961, -0.233314934,  1.000000000,
St.dev,     0.003944938,  0.005798104,  0.000398119,
Skewness,  -0.263237669,  0.021541681,  0.085618612,
Kurtosis,  -0.149101160,  0.000255034,  0.008011233,
AutoCor,    0.191834609,  0.222766931,  0.028763046,
Markow Autoregressive (lag 1) bivariate joint 3 asset model cond. params
uProb.,   0.667721200,  0.332278800,
Prob (1),   0.723332785,  0.276667215,
Prob (2),   0.555968556,  0.444031444,
Mean,     -0.000730132,  0.001036754, -0.000037941,
Cor (1),    1.000000000,  0.260814062,  0.284121094,
Cor (2),    0.260814062,  1.000000000, -0.425273438,
Cor (3),    0.284121094, -0.425273438,  1.000000000,
VCV (1),    0.000014039,  0.000005545,  0.000000387,
VCV (2),    0.000005545,  0.000032194, -0.000000878,
VCV (3),    0.000000387, -0.000000878,  0.000000132,
St.dev,     0.003746924,  0.005673933,  0.000363863,
Mean,      0.003316985, -0.001026001,  0.000267868,
Cor (1),    1.000000000,  0.539572647,  0.091882324,
Cor (2),    0.539572647,  1.000000000,  0.274637564,
Cor (3),    0.091882324,  0.274637564,  1.000000000,
VCV (1),    0.000006261,  0.000007231,  0.000000089,
VCV (2),    0.000007231,  0.000028689,  0.000000567,
VCV (3),    0.000000089,  0.000000567,  0.000000148,
St.dev,     0.002502145,  0.005356238,  0.000385333,
AutoCor,    0.199289551,  0.224367676,  0.007885742,

No.; 21; Score; 14.303444893679;
Markow Autoregressive (lag 1) bivariate joint 3 asset model uncond. params
uMean,     -0.000694293,  0.000729739, -0.000081110,
VCV (1),    0.000031794, -0.000000227,  0.000000079,
VCV (2),   -0.000000227,  0.000040382, -0.000000243,
VCV (3),    0.000000079, -0.000000243,  0.000000094,
Cor (1),    1.000000000, -0.006332091,  0.045676395,
Cor (2),   -0.006332091,  1.000000000, -0.124989717,
Cor (3),    0.045676395, -0.124989717,  1.000000000,
St.dev,     0.005638638,  0.006354697,  0.000306339,
Skewness,  -0.010428189, -0.072571715, -0.087119805,
Kurtosis,  -0.006355213, -0.020639926,  0.558455389,
AutoCor,   -0.122007829,  0.139021243,  0.090687482,
Markow Autoregressive (lag 1) bivariate joint 3 asset model cond. params
uProb.,   0.466064298,  0.533935702,
Prob (1),   0.264113386,  0.735886614,
Prob (2),   0.642344156,  0.357655844,
Mean,      0.000746683, -0.001796255, -0.000059062,
Cor (1),    1.000000000, -0.089143066,  0.175056152,
Cor (2),   -0.089143066,  1.000000000,  0.083020020,
Cor (3),    0.175056152,  0.083020020,  1.000000000,
VCV (1),    0.000029056, -0.000002871,  0.000000209,
VCV (2),   -0.000002871,  0.000035693,  0.000000110,
VCV (3),    0.000000209,  0.000000110,  0.000000049,
St.dev,     0.005390330,  0.005974343,  0.000221526,
Mean,     -0.001952099,  0.002934641, -0.000100356,
Cor (1),    1.000000000,  0.267663574, -0.043176270,
Cor (2),    0.267663574,  1.000000000, -0.225739746,
Cor (3),   -0.043176270, -0.225739746,  1.000000000,
VCV (1),    0.000030153,  0.000008162, -0.000000086,
VCV (2),    0.000008162,  0.000030838, -0.000000453,
VCV (3),   -0.000000086, -0.000000453,  0.000000131,
St.dev,     0.005491179,  0.005553153,  0.000361414,
AutoCor,   -0.106518555,  0.221774902,  0.092817383,

No.; 22; Score; 14.936866683484;
Markow Autoregressive (lag 1) bivariate joint 3 asset model uncond. params
uMean,      0.001760733, -0.001450537, -0.000136525,
VCV (1),    0.000027619,  0.000007464, -0.000000251,
VCV (2),    0.000007464,  0.000039157,  0.000001067,
VCV (3),   -0.000000251,  0.000001067,  0.000000133,
Cor (1),    1.000000000,  0.226963909, -0.130943176,
Cor (2),    0.226963909,  1.000000000,  0.467089032,
Cor (3),   -0.130943176,  0.467089032,  1.000000000,
St.dev,     0.005255417,  0.006257532,  0.000364915,
Skewness,   0.120019230,  0.238731029, -0.289630864,
Kurtosis,   0.177334980,  0.701917970,  0.420805178,
AutoCor,   -0.419023083, -0.029388069, -0.049085811,
Markow Autoregressive (lag 1) bivariate joint 3 asset model cond. params
uProb.,   0.696480084,  0.303519916,
Prob (1),   0.663700028,  0.336299972,
Prob (2),   0.771699716,  0.228300284,
Mean,      0.002307282, -0.000791734, -0.000193155,
Cor (1),    1.000000000,  0.311916504, -0.121867676,
Cor (2),    0.311916504,  1.000000000,  0.596916935,
Cor (3),   -0.121867676,  0.596916935,  1.000000000,
VCV (1),    0.000026877,  0.000011573, -0.000000255,
VCV (2),    0.000011573,  0.000051219,  0.000001725,
