Round No; 1; best result RLS; 9.3977997201422

;;;
Statistical description of data for: Meginajums1
Calib/Tail/Per/Cur, 784, 9999, 23, 0,
Title,    INDEX WITH EQUAL WEIGHTS based on market value,EQUITY LM SNP,REX BOND     ,
Mean,       0.000158634,  0.000175148,  0.000011824,
VCV (1),    0.000022943, -0.000000281, -0.000000006,
VCV (2),   -0.000000281,  0.000027803, -0.000000034,
VCV (3),   -0.000000006, -0.000000034,  0.000000099,
St.dev,     0.004789897,  0.005272874,  0.000315163,
Skewness,  -1.581739356, -0.533728382, -0.333150084,
Kurtosis,  24.552038003,  6.345066446, 26.810331499,
AutoCor,   -0.072787598,  0.126724186, -0.366572783,
No.; 1; Score; 9.3977997201422;
Markow Autoregressive (lag 1) bivariate joint 3 asset model uncond. params
uMean,     -0.003529442,  0.001091681, -0.000339085,
VCV (1),    0.000022515,  0.000017837, -0.000000305,
VCV (2),    0.000017837,  0.000040394, -0.000000493,
VCV (3),   -0.000000305, -0.000000493,  0.000000119,
Cor (1),    1.000000000,  0.591451388, -0.186883663,
Cor (2),    0.591451388,  1.000000000, -0.225372463,
Cor (3),   -0.186883663, -0.225372463,  1.000000000,
St.dev,     0.004744960,  0.006355638,  0.000344511,
Skewness,  -0.111765211, -0.297488118,  0.023525083,
Kurtosis,  -0.029075304, -0.234486446, -0.252875432,
AutoCor,   -0.289518189, -0.159205906,  0.055606403,
Markow Autoregressive (lag 1) bivariate joint 3 asset model cond. params
uProb.,   0.648476230,  0.351523770,
Prob (1),   0.755298989,  0.244701011,
Prob (2),   0.451414109,  0.548585891,
Mean,     -0.001961896,  0.004246427, -0.000487524,
Cor (1),    1.000000000,  0.739488840,  0.431654498,
Cor (2),    0.739488840,  1.000000000,  0.752402470,
Cor (3),    0.431654498,  0.752402470,  1.000000000,
VCV (1),    0.000013870,  0.000010326,  0.000000462,
VCV (2),    0.000010326,  0.000014058,  0.000000811,
VCV (3),    0.000000462,  0.000000811,  0.000000083,
St.dev,     0.003724278,  0.003749380,  0.000287473,
Mean,     -0.006421186, -0.004728061, -0.000065250,
Cor (1),    1.000000000, -0.011458301, -0.494116715,
Cor (2),   -0.011458301,  1.000000000, -0.435451821,
Cor (3),   -0.494116715, -0.435451821,  1.000000000,
VCV (1),    0.000015703, -0.000000193, -0.000000512,
VCV (2),   -0.000000193,  0.000018126, -0.000000485,
VCV (3),   -0.000000512, -0.000000485,  0.000000068,
St.dev,     0.003962722,  0.004257463,  0.000261429,
AutoCor,   -0.439107019, -0.545070049, -0.073712610,

No.; 2; Score; 23.312621693541;
Markow Autoregressive (lag 1) bivariate joint 3 asset model uncond. params
uMean,      0.000143295,  0.000066288, -0.000005480,
VCV (1),    0.000032899, -0.000011622, -0.000000508,
VCV (2),   -0.000011622,  0.000031380,  0.000000720,
VCV (3),   -0.000000508,  0.000000720,  0.000000122,
Cor (1),    1.000000000, -0.361704516, -0.253605436,
Cor (2),   -0.361704516,  1.000000000,  0.367947101,
Cor (3),   -0.253605436,  0.367947101,  1.000000000,
St.dev,     0.005735728,  0.005601789,  0.000349167,
Skewness,   0.339619758,  0.179756491,  0.211277071,
Kurtosis,  -0.021726303, -0.059595229,  0.145908404,
AutoCor,   -0.234175883, -0.082092875,  0.280306128,
Markow Autoregressive (lag 1) bivariate joint 3 asset model cond. params
uProb.,   0.553841211,  0.446158789,
Prob (1),   0.564534020,  0.435465980,
Prob (2),   0.540567644,  0.459432356,
Mean,      0.002721538, -0.002455066,  0.000085520,
Cor (1),    1.000000000,  0.017613840, -0.727379035,
Cor (2),    0.017613840,  1.000000000,  0.559453251,
Cor (3),   -0.727379035,  0.559453251,  1.000000000,
VCV (1),    0.000029305,  0.000000430, -0.000001411,
VCV (2),    0.000000430,  0.000020310,  0.000000904,
VCV (3),   -0.000001411,  0.000000904,  0.000000128,
St.dev,     0.005413414,  0.004506673,  0.000358431,
Mean,     -0.003057218,  0.003196183, -0.000118442,
Cor (1),    1.000000000, -0.436679456, -0.226286569,
Cor (2),   -0.436679456,  1.000000000,  0.900526004,
Cor (3),   -0.226286569,  0.900526004,  1.000000000,
VCV (1),    0.000013186, -0.000008194, -0.000000214,
VCV (2),   -0.000008194,  0.000026704,  0.000001210,
VCV (3),   -0.000000214,  0.000001210,  0.000000068,
St.dev,     0.003631298,  0.005167620,  0.000260057,
AutoCor,   -0.320601160, -0.117726299,  0.303909471,

No.; 3; Score; 28.886850764186;
Markow Autoregressive (lag 1) bivariate joint 3 asset model uncond. params
uMean,      0.000104168,  0.000235780,  0.000014934,
VCV (1),    0.000058684,  0.000004591, -0.000000365,
VCV (2),    0.000004591,  0.000069570,  0.000000038,
VCV (3),   -0.000000365,  0.000000038,  0.000000112,
Cor (1),    1.000000000,  0.071846551, -0.142680749,
Cor (2),    0.071846551,  1.000000000,  0.013781218,
Cor (3),   -0.142680749,  0.013781218,  1.000000000,
St.dev,     0.007660523,  0.008340858,  0.000334092,
Skewness,  -0.395929850,  0.013802358, -0.125790885,
Kurtosis,  -0.268237660, -0.065042401,  0.088568282,
AutoCor,    0.148902737,  0.397816867, -0.122327433,
Markow Autoregressive (lag 1) bivariate joint 3 asset model cond. params
uProb.,   0.423173511,  0.576826489,
Prob (1),   0.226009756,  0.773990244,
Prob (2),   0.567817490,  0.432182510,
Mean,      0.005667107,  0.004382035, -0.000083002,
Cor (1),    1.000000000, -0.197400431,  0.234694757,
Cor (2),   -0.197400431,  1.000000000, -0.392900264,
Cor (3),    0.234694757, -0.392900264,  1.000000000,
VCV (1),    0.000009888, -0.000003840,  0.000000260,
VCV (2),   -0.000003840,  0.000038276, -0.000000857,
VCV (3),    0.000000260, -0.000000857,  0.000000124,
St.dev,     0.003144539,  0.006186726,  0.000352654,
Mean,     -0.003976935, -0.002806011,  0.000086781,
Cor (1),    1.000000000, -0.320393848, -0.066656932,
Cor (2),   -0.320393848,  1.000000000,  0.668841623,
Cor (3),   -0.066656932,  0.668841623,  1.000000000,
VCV (1),    0.000042008, -0.000013055, -0.000000128,
VCV (2),   -0.000013055,  0.000039522,  0.000001247,
VCV (3),   -0.000000128,  0.000001247,  0.000000088,
St.dev,     0.006481368,  0.006286619,  0.000296596,
AutoCor,    0.458528929,  0.561590107, -0.107560266,

No.; 4; Score; 48.163723565729;
Markow Autoregressive (lag 1) bivariate joint 3 asset model uncond. params
uMean,      0.005058653, -0.004123307, -0.000201219,
VCV (1),    0.000066227, -0.000009564, -0.000002795,
VCV (2),   -0.000009564,  0.000095694,  0.000000693,
VCV (3),   -0.000002795,  0.000000693,  0.000000310,
Cor (1),    1.000000000, -0.120142276, -0.616999952,
Cor (2),   -0.120142276,  1.000000000,  0.127224911,
Cor (3),   -0.616999952,  0.127224911,  1.000000000,
St.dev,     0.008137994,  0.009782355,  0.000556683,
Skewness,   0.150096589, -0.037043894,  0.239845562,
Kurtosis,  -0.509588699,  0.025960956, -0.598579475,
AutoCor,   -0.009968254,  0.801038895,  0.010828128,
Markow Autoregressive (lag 1) bivariate joint 3 asset model cond. params
uProb.,   0.607957488,  0.392042512,
Prob (1),   0.670668879,  0.329331121,
Prob (2),   0.510708189,  0.489291811,
Mean,      0.009525906, -0.005430121, -0.000544370,
Cor (1),    1.000000000,  0.281676340, -0.173863080,
Cor (2),    0.281676340,  1.000000000,  0.419980595,
Cor (3),   -0.173863080,  0.419980595,  1.000000000,
VCV (1),    0.000041913,  0.000010936, -0.000000386,
VCV (2),    0.000010936,  0.000035962,  0.000000864,
VCV (3),   -0.000000386,  0.000000864,  0.000000118,
St.dev,     0.006474025,  0.005996852,  0.000343173,
Mean,     -0.001868912, -0.002096773,  0.000330920,
Cor (1),    1.000000000, -0.819661426, -0.253101090,
Cor (2),   -0.819661426,  1.000000000, -0.796486978,
Cor (3),   -0.253101090, -0.796486978,  1.000000000,
VCV (1),    0.000022717, -0.000018433, -0.000000433,
VCV (2),   -0.000018433,  0.000022261, -0.000001348,
VCV (3),   -0.000000433, -0.000001348,  0.000000129,
St.dev,     0.004766281,  0.004718196,  0.000358702,
AutoCor,   -0.159028894,  0.819285420, -0.203107141,

No.; 5; Score; 56.745388172496;
Markow Autoregressive (lag 1) bivariate joint 3 asset model uncond. params
uMean,      0.000131135,  0.000139583, -0.000048621,
VCV (1),    0.000092545, -0.000007722,  0.000001926,
VCV (2),   -0.000007722,  0.000066631, -0.000002079,
VCV (3),    0.000001926, -0.000002079,  0.000000244,
Cor (1),    1.000000000, -0.098337128,  0.405086677,
Cor (2),   -0.098337128,  1.000000000, -0.515365435,
Cor (3),    0.405086677, -0.515365435,  1.000000000,
St.dev,     0.009620034,  0.008162781,  0.000494147,
Skewness,  -0.108411712,  0.377689568, -0.257862610,
Kurtosis,  -0.060249918, -0.585638972, -0.868515598,
AutoCor,    0.614635577,  0.234963652, -0.060422619,
Markow Autoregressive (lag 1) bivariate joint 3 asset model cond. params
uProb.,   0.530026415,  0.469973585,
Prob (1),   0.594326718,  0.405673282,
Prob (2),   0.457509874,  0.542490126,
Mean,     -0.003933238,  0.005884849, -0.000426127,
Cor (1),    1.000000000,  0.727508286,  0.369662311,
Cor (2),    0.727508286,  1.000000000,  0.336513798,
Cor (3),    0.369662311,  0.336513798,  1.000000000,
VCV (1),    0.000041129,  0.000028523,  0.000000738,
VCV (2),    0.000028523,  0.000037373,  0.000000640,
VCV (3),    0.000000738,  0.000000640,  0.000000097,
St.dev,     0.006413157,  0.006113380,  0.000311301,
Mean,      0.004714851, -0.006339810,  0.000377122,
Cor (1),    1.000000000, -0.168907354, -0.301323746,
Cor (2),   -0.168907354,  1.000000000,  0.282492271,
Cor (3),   -0.301323746,  0.282492271,  1.000000000,
VCV (1),    0.000025912, -0.000003021, -0.000000282,
VCV (2),   -0.000003021,  0.000012345,  0.000000183,
VCV (3),   -0.000000282,  0.000000183,  0.000000034,
St.dev,     0.005090344,  0.003513589,  0.000184054,
AutoCor,    0.735067372,  0.359213899, -0.440246690,

No.; 6; Score; 75.245280513891;
Markow Autoregressive (lag 1) bivariate joint 3 asset model uncond. params
uMean,      0.000167854,  0.000210593, -0.000135713,
VCV (1),    0.000106413, -0.000007599,  0.000000343,
VCV (2),   -0.000007599,  0.000055145,  0.000001500,
VCV (3),    0.000000343,  0.000001500,  0.000000109,
Cor (1),    1.000000000, -0.099204840,  0.100459025,
Cor (2),   -0.099204840,  1.000000000,  0.610919636,
Cor (3),    0.100459025,  0.610919636,  1.000000000,
St.dev,     0.010315648,  0.007425984,  0.000330608,
Skewness,  -0.028708673,  0.248983133,  0.862744803,
Kurtosis,   0.179588731,  0.407793078,  1.628317498,
AutoCor,   -0.842292587,  0.655191725,  0.033265836,
Markow Autoregressive (lag 1) bivariate joint 3 asset model cond. params
uProb.,   0.730631914,  0.269368086,
Prob (1),   0.674243159,  0.325756841,
Prob (2),   0.883580336,  0.116419664,
Mean,      0.000514256, -0.001089371, -0.000226964,
Cor (1),    1.000000000,  0.039081510,  0.983094236,
Cor (2),    0.039081510,  1.000000000,  0.910429988,
Cor (3),    0.983094236,  0.910429988,  1.000000000,
VCV (1),    0.000017706,  0.000000609,  0.000000912,
VCV (2),    0.000000609,  0.000013702,  0.000000743,
VCV (3),    0.000000912,  0.000000743,  0.000000049,
St.dev,     0.004207840,  0.003701616,  0.000220461,
Mean,     -0.000771726,  0.003736607,  0.000111796,
Cor (1),    1.000000000, -0.704221482, -0.216021012,
Cor (2),   -0.704221482,  1.000000000,  0.673054038,
Cor (3),   -0.216021012,  0.673054038,  1.000000000,
VCV (1),    0.000065111, -0.000039993, -0.000000754,
VCV (2),   -0.000039993,  0.000049532,  0.000002049,
VCV (3),   -0.000000754,  0.000002049,  0.000000187,
St.dev,     0.008069165,  0.007037887,  0.000432549,
AutoCor,   -0.844234481,  0.733566224,  0.096452315,

No.; 7; Score; 86.033850574964;
Markow Autoregressive (lag 1) bivariate joint 3 asset model uncond. params
uMean,      0.000175289,  0.000205798,  0.000026000,
VCV (1),    0.000077959, -0.000023468,  0.000000316,
VCV (2),   -0.000023468,  0.000139617, -0.000000407,
VCV (3),    0.000000316, -0.000000407,  0.000000341,
Cor (1),    1.000000000, -0.224939818,  0.061242733,
Cor (2),   -0.224939818,  1.000000000, -0.059011348,
Cor (3),    0.061242733, -0.059011348,  1.000000000,
St.dev,     0.008829425,  0.011815975,  0.000583780,
Skewness,   0.773487338, -0.137096189,  0.231846239,
Kurtosis,   0.815232796,  0.024996825, -0.167096445,
AutoCor,   -0.450070902,  0.542868927,  0.177429804,
Markow Autoregressive (lag 1) bivariate joint 3 asset model cond. params
uProb.,   0.569234897,  0.430765103,
Prob (1),   0.492849815,  0.507150185,
Prob (2),   0.670174024,  0.329825976,
Mean,     -0.003793305,  0.004160331, -0.000279610,
Cor (1),    1.000000000,  0.888994606, -0.315317703,
Cor (2),    0.888994606,  1.000000000,  0.164658329,
Cor (3),   -0.315317703,  0.164658329,  1.000000000,
VCV (1),    0.000006023,  0.000015750, -0.000000307,
VCV (2),    0.000015750,  0.000052115,  0.000000472,
VCV (3),   -0.000000307,  0.000000472,  0.000000157,
St.dev,     0.002454108,  0.007219068,  0.000396738,
Mean,      0.005419590, -0.005019923,  0.000429848,
Cor (1),    1.000000000, -0.349368457, -0.735398531,
Cor (2),   -0.349368457,  1.000000000,  0.331745444,
Cor (3),   -0.735398531,  0.331745444,  1.000000000,
VCV (1),    0.000084660, -0.000029472, -0.000003204,
VCV (2),   -0.000029472,  0.000084058,  0.000001440,
VCV (3),   -0.000003204,  0.000001440,  0.000000224,
St.dev,     0.009201093,  0.009168313,  0.000473508,
AutoCor,   -0.549404489,  0.667986592,  0.378845984,

No.; 8; Score; 86.53592920442;
Markow Autoregressive (lag 1) bivariate joint 3 asset model uncond. params
uMean,      0.000142271,  0.000216314,  0.000075011,
VCV (1),    0.000100810,  0.000043524,  0.000001197,
VCV (2),    0.000043524,  0.000121468,  0.000001118,
VCV (3),    0.000001197,  0.000001118,  0.000000338,
Cor (1),    1.000000000,  0.393321987,  0.205056177,
Cor (2),    0.393321987,  1.000000000,  0.174442764,
Cor (3),    0.205056177,  0.174442764,  1.000000000,
St.dev,     0.010040429,  0.011021237,  0.000581545,
Skewness,  -0.566872104, -0.669422907,  0.018441233,
Kurtosis,  -0.175628630,  0.180526254,  0.010916328,
AutoCor,    0.350552287, -0.290403711, -0.889307509,
Markow Autoregressive (lag 1) bivariate joint 3 asset model cond. params
uProb.,   0.569680891,  0.430319109,
Prob (1),   0.609299886,  0.390700114,
Prob (2),   0.517231015,  0.482768985,
Mean,      0.006449277,  0.006450273,  0.000165693,
Cor (1),    1.000000000, -0.134782614,  0.531713092,
Cor (2),   -0.134782614,  1.000000000, -0.198544796,
Cor (3),    0.531713092, -0.198544796,  1.000000000,
VCV (1),    0.000010916, -0.000001788,  0.000000427,
VCV (2),   -0.000001788,  0.000016117, -0.000000194,
VCV (3),    0.000000427, -0.000000194,  0.000000059,
St.dev,     0.003303924,  0.004014568,  0.000243312,
Mean,     -0.008207302, -0.008036556, -0.000045039,
Cor (1),    1.000000000, -0.361438770,  0.769193831,
Cor (2),   -0.361438770,  1.000000000,  0.373517973,
Cor (3),    0.769193831,  0.373517973,  1.000000000,
VCV (1),    0.000052571, -0.000024618,  0.000001054,
VCV (2),   -0.000024618,  0.000088247,  0.000000663,
VCV (3),    0.000001054,  0.000000663,  0.000000036,
St.dev,     0.007250596,  0.009393992,  0.000189018,
AutoCor,    0.633254468, -0.571431708, -0.921948559,

No.; 9; Score; 86.929647411315;
Markow Autoregressive (lag 1) bivariate joint 3 asset model uncond. params
uMean,      0.002637975, -0.003805565,  0.000140827,
VCV (1),    0.000016239, -0.000002997,  0.000000201,
VCV (2),   -0.000002997,  0.000091204, -0.000002851,
VCV (3),    0.000000201, -0.000002851,  0.000000349,
Cor (1),    1.000000000, -0.077869398,  0.084293265,
Cor (2),   -0.077869398,  1.000000000, -0.505036564,
Cor (3),    0.084293265, -0.505036564,  1.000000000,
St.dev,     0.004029806,  0.009550073,  0.000591104,
Skewness,  -0.005579235, -0.125843330,  0.130084720,
Kurtosis,  -0.001838643, -0.765130331,  0.016030056,
AutoCor,    0.183797486, -0.043601334, -0.736089557,
Markow Autoregressive (lag 1) bivariate joint 3 asset model cond. params
uProb.,   0.430575110,  0.569424890,
Prob (1),   0.356292273,  0.643707727,
Prob (2),   0.486744661,  0.513255339,
Mean,      0.003438433,  0.004697505, -0.000127457,
Cor (1),    1.000000000,  0.561217355, -0.019175580,
Cor (2),    0.561217355,  1.000000000,  0.005088017,
Cor (3),   -0.019175580,  0.005088017,  1.000000000,
VCV (1),    0.000014911,  0.000010768, -0.000000012,
VCV (2),    0.000010768,  0.000024689,  0.000000004,
VCV (3),   -0.000000012,  0.000000004,  0.000000028,
St.dev,     0.003861449,  0.004968796,  0.000168099,
Mean,      0.002032703, -0.010235228,  0.000343692,
Cor (1),    1.000000000, -0.844563770,  0.544164535,
Cor (2),   -0.844563770,  1.000000000, -0.898635415,
Cor (3),    0.544164535, -0.898635415,  1.000000000,
VCV (1),    0.000015358, -0.000022205,  0.000000752,
VCV (2),   -0.000022205,  0.000045009, -0.000002125,
VCV (3),    0.000000752, -0.000002125,  0.000000124,
St.dev,     0.003918869,  0.006708848,  0.000352550,
AutoCor,    0.193461340,  0.086375264, -0.847833704,

No.; 10; Score; 125.6955712569;
Markow Autoregressive (lag 1) bivariate joint 3 asset model uncond. params
uMean,     -0.005951765, -0.005345062,  0.000320130,
VCV (1),    0.000041025,  0.000002642,  0.000000427,
VCV (2),    0.000002642,  0.000048813,  0.000000829,
VCV (3),    0.000000427,  0.000000829,  0.000000164,
Cor (1),    1.000000000,  0.059028223,  0.164949689,
Cor (2),    0.059028223,  1.000000000,  0.293280637,
Cor (3),    0.164949689,  0.293280637,  1.000000000,
St.dev,     0.006405104,  0.006986608,  0.000404458,
Skewness,   0.007826258, -0.018165523, -0.003487705,
Kurtosis,  -0.069841896,  0.431768869,  0.010758985,
AutoCor,    0.164393454, -0.528158443, -0.731104615,
Markow Autoregressive (lag 1) bivariate joint 3 asset model cond. params
uProb.,   0.577706006,  0.422293994,
Prob (1),   0.604607205,  0.395392795,
Prob (2),   0.540904667,  0.459095333,
Mean,     -0.003614504, -0.005245776,  0.000328082,
Cor (1),    1.000000000,  0.444762277,  0.422914264,
Cor (2),    0.444762277,  1.000000000,  0.471298954,
Cor (3),    0.422914264,  0.471298954,  1.000000000,
VCV (1),    0.000033264,  0.000011542,  0.000000642,
VCV (2),    0.000011542,  0.000020246,  0.000000558,
VCV (3),    0.000000642,  0.000000558,  0.000000069,
St.dev,     0.005767468,  0.004499567,  0.000263028,
Mean,     -0.009149182, -0.005480887,  0.000309252,
Cor (1),    1.000000000, -0.234016895,  0.125121566,
Cor (2),   -0.234016895,  1.000000000,  0.201706382,
Cor (3),    0.125121566,  0.201706382,  1.000000000,
VCV (1),    0.000031174, -0.000009743,  0.000000204,
VCV (2),   -0.000009743,  0.000055606,  0.000000439,
VCV (3),    0.000000204,  0.000000439,  0.000000085,
St.dev,     0.005583347,  0.007456911,  0.000292130,
AutoCor,    0.186820715, -0.528322002, -0.731525110,

No.; 11; Score; 203.22741894808;
Markow Autoregressive (lag 1) bivariate joint 3 asset model uncond. params
uMean,     -0.004546473, -0.000051126,  0.000055354,
VCV (1),    0.000014278,  0.000001019,  0.000000207,
VCV (2),    0.000001019,  0.000032022,  0.000001012,
VCV (3),    0.000000207,  0.000001012,  0.000000165,
Cor (1),    1.000000000,  0.047636807,  0.134501874,
Cor (2),    0.047636807,  1.000000000,  0.440079855,
Cor (3),    0.134501874,  0.440079855,  1.000000000,
St.dev,     0.003778613,  0.005658761,  0.000406317,
Skewness,   0.179748498, -0.273382972,  1.076852274,
Kurtosis,   1.451878748, -0.370331612,  0.790661583,
AutoCor,    0.237887260, -0.093228767, -0.269088321,
Markow Autoregressive (lag 1) bivariate joint 3 asset model cond. params
uProb.,   0.731272300,  0.268727700,
Prob (1),   0.669081792,  0.330918208,
Prob (2),   0.900507537,  0.099492463,
Mean,     -0.004745556, -0.001929633, -0.000137060,
Cor (1),    1.000000000,  0.100670480,  0.565687701,
Cor (2),    0.100670480,  1.000000000, -0.001406124,
Cor (3),    0.565687701, -0.001406124,  1.000000000,
VCV (1),    0.000007320,  0.000001432,  0.000000274,
VCV (2),    0.000001432,  0.000027649, -0.000000001,
VCV (3),    0.000000274, -0.000000001,  0.000000032,
St.dev,     0.002705489,  0.005258251,  0.000179052,
Mean,     -0.004004720,  0.005060741,  0.000578956,
Cor (1),    1.000000000, -0.251057910, -0.172778824,
Cor (2),   -0.251057910,  1.000000000,  0.106393882,
Cor (3),   -0.172778824,  0.106393882,  1.000000000,
VCV (1),    0.000029737, -0.000003894, -0.000000335,
VCV (2),   -0.000003894,  0.000008089,  0.000000108,
VCV (3),   -0.000000335,  0.000000108,  0.000000126,
St.dev,     0.005453192,  0.002844176,  0.000355574,
AutoCor,    0.241459387, -0.034034893, -0.328058313,

No.; 12; Score; 241.99334279366;
Markow Autoregressive (lag 1) bivariate joint 3 asset model uncond. params
uMean,     -0.002427772, -0.000732990,  0.000300476,
VCV (1),    0.000033515, -0.000002007,  0.000000635,
VCV (2),   -0.000002007,  0.000031510,  0.000000362,
VCV (3),    0.000000635,  0.000000362,  0.000000165,
Cor (1),    1.000000000, -0.061773596,  0.270333541,
Cor (2),   -0.061773596,  1.000000000,  0.158746547,
Cor (3),    0.270333541,  0.158746547,  1.000000000,
St.dev,     0.005789250,  0.005613361,  0.000405729,
Skewness,   0.529631636,  0.011801456, -0.092357429,
Kurtosis,   0.139193297,  0.136378993,  0.056907547,
AutoCor,   -0.046926956,  0.361101685, -0.564969522,
Markow Autoregressive (lag 1) bivariate joint 3 asset model cond. params
uProb.,   0.754145764,  0.245854236,
Prob (1),   0.822057184,  0.177942816,
Prob (2),   0.545830825,  0.454169175,
Mean,     -0.004679134, -0.000792669,  0.000368432,
Cor (1),    1.000000000, -0.028479910,  0.642006061,
Cor (2),   -0.028479910,  1.000000000,  0.294687626,
Cor (3),    0.642006061,  0.294687626,  1.000000000,
VCV (1),    0.000014628, -0.000000531,  0.000000704,
VCV (2),   -0.000000531,  0.000023729,  0.000000411,
VCV (3),    0.000000704,  0.000000411,  0.000000082,
St.dev,     0.003824613,  0.004871282,  0.000286538,
Mean,      0.004478170, -0.000549926,  0.000092024,
Cor (1),    1.000000000, -0.333821582,  0.943090316,
Cor (2),   -0.333821582,  1.000000000,  0.302878257,
Cor (3),    0.943090316,  0.302878257,  1.000000000,
VCV (1),    0.000020419, -0.000009375,  0.000001389,
VCV (2),   -0.000009375,  0.000038623,  0.000000613,
VCV (3),    0.000001389,  0.000000613,  0.000000106,
St.dev,     0.004518776,  0.006214709,  0.000325831,
AutoCor,   -0.326558191,  0.361131123, -0.644171594,

No.; 13; Score; 280.75926663925;
Markow Autoregressive (lag 1) bivariate joint 3 asset model uncond. params
uMean,     -0.000328740, -0.007541298,  0.000376967,
VCV (1),    0.000057145, -0.000004511, -0.000000672,
VCV (2),   -0.000004511,  0.000029148,  0.000000281,
VCV (3),   -0.000000672,  0.000000281,  0.000000129,
Cor (1),    1.000000000, -0.110535000, -0.247496839,
Cor (2),   -0.110535000,  1.000000000,  0.145030633,
Cor (3),   -0.247496839,  0.145030633,  1.000000000,
St.dev,     0.007559443,  0.005398922,  0.000359294,
Skewness,  -0.243197456,  0.394591571,  0.111188120,
Kurtosis,   0.114773414,  0.404260953,  0.010400103,
AutoCor,   -0.360025470,  0.338406797, -0.083383156,
Markow Autoregressive (lag 1) bivariate joint 3 asset model cond. params
uProb.,   0.522189845,  0.477810155,
Prob (1),   0.496434862,  0.503565138,
Prob (2),   0.550336987,  0.449663013,
Mean,      0.002385965, -0.005763280,  0.000258155,
Cor (1),    1.000000000, -0.037464285, -0.331284955,
Cor (2),   -0.037464285,  1.000000000,  0.174228642,
Cor (3),   -0.331284955,  0.174228642,  1.000000000,
VCV (1),    0.000029148, -0.000001155, -0.000000566,
VCV (2),   -0.000001155,  0.000032601,  0.000000315,
VCV (3),   -0.000000566,  0.000000315,  0.000000100,
St.dev,     0.005398929,  0.005709715,  0.000316212,
Mean,     -0.003295591, -0.009484461,  0.000506814,
Cor (1),    1.000000000, -0.976253223, -0.010376481,
Cor (2),   -0.976253223,  1.000000000,  0.682077476,
Cor (3),   -0.010376481,  0.682077476,  1.000000000,
VCV (1),    0.000053594, -0.000022506, -0.000000027,
VCV (2),   -0.000022506,  0.000009917,  0.000000765,
VCV (3),   -0.000000027,  0.000000765,  0.000000127,
St.dev,     0.007320796,  0.003149078,  0.000356082,
AutoCor,   -0.410249597,  0.391160420, -0.087384485,

No.; 14; Score; 358.29111433042;
Markow Autoregressive (lag 1) bivariate joint 3 asset model uncond. params
uMean,      0.004378366,  0.005597149,  0.000285888,
VCV (1),    0.000051343,  0.000028310, -0.000000627,
VCV (2),    0.000028310,  0.000065759,  0.000001119,
VCV (3),   -0.000000627,  0.000001119,  0.000001694,
Cor (1),    1.000000000,  0.487214371, -0.067222137,
Cor (2),    0.487214371,  1.000000000,  0.106015981,
Cor (3),   -0.067222137,  0.106015981,  1.000000000,
St.dev,     0.007165400,  0.008109203,  0.001301542,
Skewness,  -1.327250963,  0.284784374,  0.000723630,
Kurtosis,   2.462138313, -0.296102358,  0.000334310,
AutoCor,   -0.236922261,  0.315049538, -0.953510751,
Markow Autoregressive (lag 1) bivariate joint 3 asset model cond. params
uProb.,   0.727844235,  0.272155765,
Prob (1),   0.730007653,  0.269992347,
Prob (2),   0.722058463,  0.277941537,
Mean,      0.006955546,  0.008185634,  0.000379081,
Cor (1),    1.000000000,  0.692516184, -0.740659955,
Cor (2),    0.692516184,  1.000000000,  0.339072392,
Cor (3),   -0.740659955,  0.339072392,  1.000000000,
VCV (1),    0.000009184,  0.000014844, -0.000000764,
VCV (2),    0.000014844,  0.000050027,  0.000000816,
VCV (3),   -0.000000764,  0.000000816,  0.000000116,
St.dev,     0.003030526,  0.007072990,  0.000340265,
Mean,     -0.002513958, -0.001325409,  0.000036655,
Cor (1),    1.000000000,  0.173063184, -0.355396012,
Cor (2),    0.173063184,  1.000000000,  0.305319663,
Cor (3),   -0.355396012,  0.305319663,  1.000000000,
VCV (1),    0.000082255,  0.000004832, -0.000000969,
VCV (2),    0.000004832,  0.000009478,  0.000000282,
VCV (3),   -0.000000969,  0.000000282,  0.000000090,
St.dev,     0.009069471,  0.003078597,  0.000300532,
AutoCor,   -0.366450769,  0.430076435, -0.966876672,

No.; 15; Score; 435.82296202159;
Markow Autoregressive (lag 1) bivariate joint 3 asset model uncond. params
uMean,      0.002063707,  0.005391314,  0.000224633,
VCV (1),    0.000114706,  0.000019125,  0.000000970,
VCV (2),    0.000019125,  0.000036777,  0.000000937,
VCV (3),    0.000000970,  0.000000937,  0.000000143,
Cor (1),    1.000000000,  0.294455588,  0.239315985,
Cor (2),    0.294455588,  1.000000000,  0.408080739,
Cor (3),    0.239315985,  0.408080739,  1.000000000,
St.dev,     0.010710077,  0.006064435,  0.000378503,
Skewness,   0.007509704,  0.234368737,  0.169782710,
Kurtosis,  -0.000985050,  0.294882024, -0.414566746,
AutoCor,    0.880694842, -0.090997408,  0.200127247,
Markow Autoregressive (lag 1) bivariate joint 3 asset model cond. params
uProb.,   0.589605487,  0.410394513,
Prob (1),   0.549685277,  0.450314723,
Prob (2),   0.646958042,  0.353041958,
Mean,      0.003807966,  0.006586265,  0.000431526,
Cor (1),    1.000000000,  0.987145090,  0.382240436,
Cor (2),    0.987145090,  1.000000000,  0.709189579,
Cor (3),    0.382240436,  0.709189579,  1.000000000,
VCV (1),    0.000018869,  0.000028703,  0.000000481,
VCV (2),    0.000028703,  0.000044806,  0.000001375,
VCV (3),    0.000000481,  0.000001375,  0.000000084,
St.dev,     0.004343830,  0.006693745,  0.000289701,
Mean,     -0.000442234,  0.003674552, -0.000072605,
Cor (1),    1.000000000,  0.079899121, -0.024536637,
Cor (2),    0.079899121,  1.000000000, -0.550881509,
Cor (3),   -0.024536637, -0.550881509,  1.000000000,
VCV (1),    0.000014465,  0.000001344, -0.000000019,
VCV (2),    0.000001344,  0.000019549, -0.000000504,
VCV (3),   -0.000000019, -0.000000504,  0.000000043,
St.dev,     0.003803273,  0.004421404,  0.000207080,
AutoCor,    0.919437903, -0.090626690,  0.423797156,

No.; 16; Score; 474.58888586718;
Markow Autoregressive (lag 1) bivariate joint 3 asset model uncond. params
uMean,      0.002394713,  0.001472738,  0.000150672,
VCV (1),    0.000062572, -0.000003843,  0.000000797,
VCV (2),   -0.000003843,  0.000040703,  0.000000395,
VCV (3),    0.000000797,  0.000000395,  0.000000074,
Cor (1),    1.000000000, -0.076142925,  0.370629281,
Cor (2),   -0.076142925,  1.000000000,  0.227745437,
Cor (3),    0.370629281,  0.227745437,  1.000000000,
St.dev,     0.007910219,  0.006379879,  0.000271970,
Skewness,  -0.816372361, -0.148629547,  0.339763902,
Kurtosis,   1.191349002,  0.105320377,  0.568231596,
AutoCor,    0.132178048, -0.290260613,  0.161831418,
Markow Autoregressive (lag 1) bivariate joint 3 asset model cond. params
uProb.,   0.809994255,  0.190005745,
Prob (1),   0.783387585,  0.216612415,
Prob (2),   0.923418455,  0.076581545,
Mean,      0.004676135,  0.000838111,  0.000108607,
Cor (1),    1.000000000,  0.106969309,  0.607533405,
Cor (2),    0.106969309,  1.000000000,  0.202353642,
Cor (3),    0.607533405,  0.202353642,  1.000000000,
VCV (1),    0.000028899,  0.000003673,  0.000000752,
VCV (2),    0.000003673,  0.000040807,  0.000000298,
VCV (3),    0.000000752,  0.000000298,  0.000000053,
St.dev,     0.005375775,  0.006388070,  0.000230285,
Mean,     -0.007330986,  0.004178153,  0.000329996,
Cor (1),    1.000000000, -0.076936816,  0.988744613,
Cor (2),   -0.076936816,  1.000000000,  0.247848960,
Cor (3),    0.988744613,  0.247848960,  1.000000000,
VCV (1),    0.000072469, -0.000002374,  0.000002793,
VCV (2),   -0.000002374,  0.000013137,  0.000000298,
VCV (3),    0.000002793,  0.000000298,  0.000000110,
St.dev,     0.008512891,  0.003624487,  0.000331775,
AutoCor,    0.281742590, -0.296876690,  0.196111609,

No.; 17; Score; 552.12073355835;
Markow Autoregressive (lag 1) bivariate joint 3 asset model uncond. params
uMean,      0.001845199,  0.006671539,  0.000071313,
VCV (1),    0.000020868, -0.000005990, -0.000000265,
VCV (2),   -0.000005990,  0.000050065,  0.000001024,
VCV (3),   -0.000000265,  0.000001024,  0.000000076,
Cor (1),    1.000000000, -0.185317997, -0.209912582,
Cor (2),   -0.185317997,  1.000000000,  0.523470999,
Cor (3),   -0.209912582,  0.523470999,  1.000000000,
St.dev,     0.004568128,  0.007075689,  0.000276465,
Skewness,   0.175267934, -0.554372127,  0.231260802,
Kurtosis,  -0.020198043,  0.334460696, -0.404348563,
AutoCor,   -0.153467500,  0.279773944, -0.184200633,
Markow Autoregressive (lag 1) bivariate joint 3 asset model cond. params
uProb.,   0.613278062,  0.386721938,
Prob (1),   0.459295373,  0.540704627,
Prob (2),   0.857469550,  0.142530450,
Mean,      0.000093456,  0.009821564,  0.000211497,
Cor (1),    1.000000000,  0.241246652, -0.055357220,
Cor (2),    0.241246652,  1.000000000,  0.701328251,
Cor (3),   -0.055357220,  0.701328251,  1.000000000,
VCV (1),    0.000014492,  0.000002852, -0.000000050,
VCV (2),    0.000002852,  0.000009641,  0.000000517,
VCV (3),   -0.000000050,  0.000000517,  0.000000056,
St.dev,     0.003806896,  0.003105011,  0.000237441,
Mean,      0.004623176,  0.001676112, -0.000150996,
Cor (1),    1.000000000,  0.106217480,  0.566332504,
Cor (2),    0.106217480,  1.000000000,  0.032712241,
Cor (3),    0.566332504,  0.032712241,  1.000000000,
VCV (1),    0.000018136,  0.000002950,  0.000000400,
VCV (2),    0.000002950,  0.000042525,  0.000000035,
VCV (3),    0.000000400,  0.000000035,  0.000000027,
St.dev,     0.004258641,  0.006521156,  0.000165807,
AutoCor,   -0.079048426,  0.590525654, -0.036896204,

No.; 18; Score; 590.88665740394;
Markow Autoregressive (lag 1) bivariate joint 3 asset model uncond. params
uMean,      0.007400368,  0.005399137,  0.000005992,
VCV (1),    0.000098280,  0.000000439,  0.000000094,
VCV (2),    0.000000439,  0.000038711, -0.000000000,
VCV (3),    0.000000094, -0.000000000,  0.000000091,
Cor (1),    1.000000000,  0.007114833,  0.031249836,
Cor (2),    0.007114833,  1.000000000, -0.000090058,
Cor (3),    0.031249836, -0.000090058,  1.000000000,
St.dev,     0.009913608,  0.006221819,  0.000301966,
Skewness,  -0.116565804, -0.074582922, -0.049382760,
Kurtosis,   0.096996279, -0.372896045,  0.013683138,
AutoCor,    0.587592279, -0.312855240, -0.074949540,
Markow Autoregressive (lag 1) bivariate joint 3 asset model cond. params
uProb.,   0.624417881,  0.375582119,
Prob (1),   0.532036770,  0.467963230,
Prob (2),   0.778004578,  0.221995422,
Mean,      0.009313074,  0.008580070, -0.000038202,
Cor (1),    1.000000000, -0.127454520,  0.560658405,
Cor (2),   -0.127454520,  1.000000000,  0.157480595,
Cor (3),    0.560658405,  0.157480595,  1.000000000,
VCV (1),    0.000041904, -0.000003701,  0.000001113,
VCV (2),   -0.000003701,  0.000020123,  0.000000217,
VCV (3),    0.000001113,  0.000000217,  0.000000094,
St.dev,     0.006473323,  0.004485857,  0.000306806,
Mean,      0.004220432,  0.000110728,  0.000079467,
Cor (1),    1.000000000, -0.718782520, -0.502905778,
Cor (2),   -0.718782520,  1.000000000,  0.215036460,
Cor (3),   -0.502905778,  0.215036460,  1.000000000,
VCV (1),    0.000074451, -0.000025641, -0.000001200,
VCV (2),   -0.000025641,  0.000017092,  0.000000246,
VCV (3),   -0.000001200,  0.000000246,  0.000000077,
St.dev,     0.008628487,  0.004134267,  0.000276652,
AutoCor,    0.642582434, -0.364259502, -0.068634485,

No.; 19; Score; 605.76396277795;
Markow Autoregressive (lag 1) bivariate joint 3 asset model uncond. params
uMean,      0.000122601,  0.000173973,  0.000045892,
VCV (1),    0.000071277, -0.000003082, -0.000000248,
VCV (2),   -0.000003082,  0.000821970, -0.000000092,
VCV (3),   -0.000000248, -0.000000092,  0.000000129,
Cor (1),    1.000000000, -0.012733999, -0.081679017,
Cor (2),   -0.012733999,  1.000000000, -0.008888810,
Cor (3),   -0.081679017, -0.008888810,  1.000000000,
St.dev,     0.008442544,  0.028670012,  0.000359541,
Skewness,  -0.028352942,  0.003543819, -0.001993611,
Kurtosis,   0.025743937,  0.000865905,  0.217611475,
AutoCor,    0.591227088,  0.933914488, -0.673683875,
Markow Autoregressive (lag 1) bivariate joint 3 asset model cond. params
uProb.,   0.603284587,  0.396715413,
Prob (1),   0.490058407,  0.509941593,
Prob (2),   0.775467484,  0.224532516,
Mean,     -0.000597430,  0.004493902,  0.000045091,
Cor (1),    1.000000000,  0.038916702, -0.304720216,
Cor (2),    0.038916702,  1.000000000, -0.120527217,
Cor (3),   -0.304720216, -0.120527217,  1.000000000,
VCV (1),    0.000050854,  0.000001857, -0.000000685,
VCV (2),    0.000001857,  0.000044798, -0.000000254,
VCV (3),   -0.000000685, -0.000000254,  0.000000099,
St.dev,     0.007131186,  0.006693127,  0.000315052,
Mean,      0.001217551, -0.006395336,  0.000047109,
Cor (1),    1.000000000, -0.040510260,  0.161841885,
Cor (2),   -0.040510260,  1.000000000,  0.033894458,
Cor (3),    0.161841885,  0.033894458,  1.000000000,
VCV (1),    0.000036161, -0.000001111,  0.000000160,
VCV (2),   -0.000001111,  0.000020812,  0.000000025,
VCV (3),    0.000000160,  0.000000025,  0.000000027,
St.dev,     0.006013420,  0.004562011,  0.000164375,
AutoCor,    0.601032119,  0.977517723, -0.673686802,

No.; 20; Score; 629.65258124953;
Markow Autoregressive (lag 1) bivariate joint 3 asset model uncond. params
uMean,      0.004725541, -0.000345777, -0.000052792,
VCV (1),    0.000059897,  0.000026707,  0.000000225,
VCV (2),    0.000026707,  0.000058841,  0.000000512,
VCV (3),    0.000000225,  0.000000512,  0.000000463,
Cor (1),    1.000000000,  0.449861898,  0.042756988,
Cor (2),    0.449861898,  1.000000000,  0.098114417,
Cor (3),    0.042756988,  0.098114417,  1.000000000,
St.dev,     0.007739286,  0.007670812,  0.000680384,
Skewness,  -0.686208917,  0.169030615, -0.023645472,
Kurtosis,  -0.117997500,  0.297783174,  0.026026343,
AutoCor,   -0.040880676,  0.024053863, -0.880578004,
Markow Autoregressive (lag 1) bivariate joint 3 asset model cond. params
uProb.,   0.743769360,  0.256230640,
Prob (1),   0.695189991,  0.304810009,
Prob (2),   0.884782342,  0.115217658,
Mean,      0.008377079,  0.000405571, -0.000106774,
Cor (1),    1.000000000,  0.884898996,  0.717982623,
Cor (2),    0.884898996,  1.000000000,  0.286728642,
Cor (3),    0.717982623,  0.286728642,  1.000000000,
VCV (1),    0.000018502,  0.000031657,  0.000001034,
VCV (2),    0.000031657,  0.000069171,  0.000000798,
VCV (3),    0.000001034,  0.000000798,  0.000000112,
St.dev,     0.004301381,  0.008316930,  0.000334759,
Mean,     -0.005873903, -0.002526739,  0.000103904,
Cor (1),    1.000000000, -0.822737598,  0.840355941,
Cor (2),   -0.822737598,  1.000000000,  0.243063804,
Cor (3),    0.840355941,  0.243063804,  1.000000000,
VCV (1),    0.000024599, -0.000019251,  0.000000752,
VCV (2),   -0.000019251,  0.000022258,  0.000000207,
VCV (3),    0.000000752,  0.000000207,  0.000000033,
St.dev,     0.004959760,  0.004717810,  0.000180476,
AutoCor,    0.230717200,  0.030174092, -0.893439172,

No.; 21; Score; 668.41850509511;
Markow Autoregressive (lag 1) bivariate joint 3 asset model uncond. params
uMean,      0.005433757,  0.005523198, -0.000169202,
VCV (1),    0.000501084,  0.000011164,  0.000001445,
VCV (2),    0.000011164,  0.000064151, -0.000000107,
VCV (3),    0.000001445, -0.000000107,  0.000000112,
Cor (1),    1.000000000,  0.062268694,  0.193023399,
Cor (2),    0.062268694,  1.000000000, -0.039854567,
Cor (3),    0.193023399, -0.039854567,  1.000000000,
St.dev,     0.022384908,  0.008009446,  0.000334472,
Skewness,   0.003051985, -0.197442665,  0.075237901,
Kurtosis,   0.001858914,  0.020330817,  0.023146633,
AutoCor,    0.951681473, -0.404202504,  0.188292568,
Markow Autoregressive (lag 1) bivariate joint 3 asset model cond. params
uProb.,   0.550395461,  0.449604539,
Prob (1),   0.286725774,  0.713274226,
Prob (2),   0.873173783,  0.126826217,
Mean,      0.007304497,  0.008669153, -0.000098064,
Cor (1),    1.000000000,  0.433141184,  0.335316608,
Cor (2),    0.433141184,  1.000000000, -0.118837764,
Cor (3),    0.335316608, -0.118837764,  1.000000000,
VCV (1),    0.000042327,  0.000017041,  0.000000728,
VCV (2),    0.000017041,  0.000036567, -0.000000240,
VCV (3),    0.000000728, -0.000000240,  0.000000111,
St.dev,     0.006505950,  0.006047058,  0.000333790,
Mean,      0.003143641,  0.001671993, -0.000256286,
Cor (1),    1.000000000, -0.243831348,  0.912426254,
Cor (2),   -0.243831348,  1.000000000, -0.285451821,
Cor (3),    0.912426254, -0.285451821,  1.000000000,
VCV (1),    0.000024294, -0.000008979,  0.000001317,
VCV (2),   -0.000008979,  0.000055825, -0.000000625,
VCV (3),    0.000001317, -0.000000625,  0.000000086,
St.dev,     0.004928887,  0.007471586,  0.000292938,
AutoCor,    0.964945715, -0.361769268,  0.233709265,

No.; 22; Score; 707.1844289407;
Markow Autoregressive (lag 1) bivariate joint 3 asset model uncond. params
uMean,      0.004911536,  0.002725710,  0.000061257,
VCV (1),    0.000124827, -0.000005092, -0.000000067,
VCV (2),   -0.000005092,  0.000051411, -0.000000698,
VCV (3),   -0.000000067, -0.000000698,  0.000000077,
Cor (1),    1.000000000, -0.063558127, -0.021635441,
Cor (2),   -0.063558127,  1.000000000, -0.351074381,
Cor (3),   -0.021635441, -0.351074381,  1.000000000,
St.dev,     0.011172595,  0.007170120,  0.000277350,
Skewness,  -0.114304959,  0.241298222, -0.206289931,
Kurtosis,   0.184568410,  0.173813336, -0.539572309,
AutoCor,    0.692551335,  0.489741758, -0.108664955,
Markow Autoregressive (lag 1) bivariate joint 3 asset model cond. params
uProb.,   0.442080446,  0.557919554,
Prob (1),   0.406647886,  0.593352114,
Prob (2),   0.470156253,  0.529843747,
Mean,      0.007115521,  0.005525511, -0.000169530,
Cor (1),    1.000000000,  0.011803293,  0.230873248,
Cor (2),    0.011803293,  1.000000000,  0.159189579,
Cor (3),    0.230873248,  0.159189579,  1.000000000,
VCV (1),    0.000027086,  0.000000407,  0.000000235,
VCV (2),    0.000000407,  0.000043814,  0.000000206,
