Round No; 4; best result RLS; 8.0116133380864

;;;
No.; 1; Score; 8.0116133380864;
Markow Autoregressive (lag 1) bivariate joint 3 asset model uncond. params
uMean,      0.000300677,  0.000159251, -0.000177949,
VCV (1),    0.000014611,  0.000009511, -0.000000483,
VCV (2),    0.000009511,  0.000023894, -0.000005627,
VCV (3),   -0.000000483, -0.000005627,  0.000002112,
Cor (1),    1.000000000,  0.509020215, -0.086921618,
Cor (2),    0.509020215,  1.000000000, -0.792054111,
Cor (3),   -0.086921618, -0.792054111,  1.000000000,
St.dev,     0.003822411,  0.004888118,  0.001453287,
Skewness,  -0.745733698, -0.058528205,  3.335935327,
Kurtosis,   4.295721058, -0.022387730, 26.596798265,
AutoCor,    0.576234850,  0.066453907,  0.184896447,
Markow Autoregressive (lag 1) bivariate joint 3 asset model cond. params
uProb.,   0.984590133,  0.015409867,
Prob (1),   0.986482678,  0.013517322,
Prob (2),   0.863668886,  0.136331114,
Mean,      0.000442004,  0.000318528, -0.000282605,
Cor (1),    1.000000000,  0.632914740,  0.196196761,
Cor (2),    0.632914740,  1.000000000, -0.926819100,
Cor (3),    0.196196761, -0.926819100,  1.000000000,
VCV (1),    0.000007149,  0.000008026,  0.000000542,
VCV (2),    0.000008026,  0.000022494, -0.000004541,
VCV (3),    0.000000542, -0.000004541,  0.000001067,
St.dev,     0.002673764,  0.004742782,  0.001033124,
Mean,     -0.008729177, -0.010017510,  0.006508906,
Cor (1),    1.000000000, -0.663375587, -0.225878314,
Cor (2),   -0.663375587,  1.000000000, -0.269736496,
Cor (3),   -0.225878314, -0.269736496,  1.000000000,
VCV (1),    0.000076322, -0.000009199, -0.000008643,
VCV (2),   -0.000009199,  0.000002520, -0.000001875,
VCV (3),   -0.000008643, -0.000001875,  0.000019185,
St.dev,     0.008736244,  0.001587342,  0.004380097,
AutoCor,    0.619628336,  0.062352259,  0.215661270,

No.; 2; Score; 13.359764556192;
Markow Autoregressive (lag 1) bivariate joint 3 asset model uncond. params
uMean,      0.000644019,  0.000065133, -0.000041495,
VCV (1),    0.000010864, -0.000003398,  0.000004898,
VCV (2),   -0.000003398,  0.000028259, -0.000006704,
VCV (3),    0.000004898, -0.000006704,  0.000003609,
Cor (1),    1.000000000, -0.193906148,  0.782276740,
Cor (2),   -0.193906148,  1.000000000, -0.663869901,
Cor (3),    0.782276740, -0.663869901,  1.000000000,
St.dev,     0.003296114,  0.005315923,  0.001899750,
Skewness,   0.220531073,  0.055739752, -1.022871831,
Kurtosis,   6.216224542,  0.175650929, 16.412454114,
AutoCor,    0.052686545,  0.030904851,  0.253406523,
Markow Autoregressive (lag 1) bivariate joint 3 asset model cond. params
uProb.,   0.006717364,  0.993282636,
Prob (1),   0.095162035,  0.904837965,
Prob (2),   0.006119231,  0.993880769,
Mean,      0.002721748,  0.006875210, -0.003713610,
Cor (1),    1.000000000,  0.098963056,  0.893855307,
Cor (2),    0.098963056,  1.000000000,  0.874990756,
Cor (3),    0.893855307,  0.874990756,  1.000000000,
VCV (1),    0.000196674,  0.000011871,  0.000120513,
VCV (2),    0.000011871,  0.000073166,  0.000071953,
VCV (3),    0.000120513,  0.000071953,  0.000092424,
St.dev,     0.014024062,  0.008553694,  0.009613735,
Mean,      0.000629968,  0.000019078, -0.000016662,
Cor (1),    1.000000000, -0.221189310,  0.810479899,
Cor (2),   -0.221189310,  1.000000000, -0.815199028,
Cor (3),    0.810479899, -0.815199028,  1.000000000,
VCV (1),    0.000009548, -0.000003592,  0.000004101,
VCV (2),   -0.000003592,  0.000027614, -0.000007015,
VCV (3),    0.000004101, -0.000007015,  0.000002681,
St.dev,     0.003090018,  0.005254886,  0.001637518,
AutoCor,    0.052588585,  0.030252352,  0.257667275,

No.; 3; Score; 14.860264653078;
Markow Autoregressive (lag 1) bivariate joint 3 asset model uncond. params
uMean,     -0.000245615,  0.000150167, -0.000296077,
VCV (1),    0.000014777,  0.000013359,  0.000001833,
VCV (2),    0.000013359,  0.000037921, -0.000003071,
VCV (3),    0.000001833, -0.000003071,  0.000002555,
Cor (1),    1.000000000,  0.564340037,  0.298343504,
Cor (2),    0.564340037,  1.000000000, -0.311984573,
Cor (3),    0.298343504, -0.311984573,  1.000000000,
St.dev,     0.003844070,  0.006157986,  0.001598471,
Skewness,   0.112055993, -0.000371798, -0.172019977,
Kurtosis,   0.739101195, -0.000690550, 11.063768607,
AutoCor,    0.243997088,  0.661509662,  0.007542800,
Markow Autoregressive (lag 1) bivariate joint 3 asset model cond. params
uProb.,   0.003449352,  0.996550648,
Prob (1),   0.216197880,  0.783802120,
Prob (2),   0.002712967,  0.997287033,
Mean,      0.005595097,  0.004315203, -0.001111627,
Cor (1),    1.000000000,  0.227150251,  0.091463683,
Cor (2),    0.227150251,  1.000000000, -0.245902433,
Cor (3),    0.091463683, -0.245902433,  1.000000000,
VCV (1),    0.000106210,  0.000008826,  0.000008705,
VCV (2),    0.000008826,  0.000014215, -0.000008562,
VCV (3),    0.000008705, -0.000008562,  0.000085294,
St.dev,     0.010305846,  0.003770271,  0.009235455,
Mean,     -0.000265831,  0.000135750, -0.000293254,
Cor (1),    1.000000000,  0.657831481,  0.329950720,
Cor (2),    0.657831481,  1.000000000, -0.435607271,
Cor (3),    0.329950720, -0.435607271,  1.000000000,
VCV (1),    0.000013464,  0.000011136,  0.000001823,
VCV (2),    0.000011136,  0.000021282, -0.000003025,
VCV (3),    0.000001823, -0.000003025,  0.000002266,
St.dev,     0.003669389,  0.004613224,  0.001505417,
AutoCor,    0.244242867,  0.662220202,  0.007357077,

No.; 4; Score; 16.680456166102;
Markow Autoregressive (lag 1) bivariate joint 3 asset model uncond. params
uMean,      0.000497616,  0.000498557,  0.000268188,
VCV (1),    0.000009596, -0.000000165,  0.000000797,
VCV (2),   -0.000000165,  0.000025775,  0.000005393,
VCV (3),    0.000000797,  0.000005393,  0.000003971,
Cor (1),    1.000000000, -0.010475584,  0.129179787,
Cor (2),   -0.010475584,  1.000000000,  0.533046092,
Cor (3),    0.129179787,  0.533046092,  1.000000000,
St.dev,     0.003097684,  0.005076936,  0.001992736,
Skewness,   0.040499618, -0.177262873, -1.911852751,
Kurtosis,   0.038511728,  0.316200156, 15.983642806,
AutoCor,    0.166777212,  0.220956900,  0.271011868,
Markow Autoregressive (lag 1) bivariate joint 3 asset model cond. params
uProb.,   0.940520401,  0.059479599,
Prob (1),   0.942949014,  0.057050986,
Prob (2),   0.902117979,  0.097882021,
Mean,      0.000349049,  0.000849904,  0.000421040,
Cor (1),    1.000000000,  0.038843495,  0.537746513,
Cor (2),    0.038843495,  1.000000000,  0.596610635,
Cor (3),    0.537746513,  0.596610635,  1.000000000,
VCV (1),    0.000008913,  0.000000540,  0.000001848,
VCV (2),    0.000000540,  0.000021719,  0.000003200,
VCV (3),    0.000001848,  0.000003200,  0.000001325,
St.dev,     0.002985433,  0.004660382,  0.001151006,
Mean,      0.002846836, -0.005057127, -0.002148787,
Cor (1),    1.000000000,  0.113444047, -0.581904402,
Cor (2),    0.113444047,  1.000000000,  0.592029323,
Cor (3),   -0.581904402,  0.592029323,  1.000000000,
VCV (1),    0.000009951,  0.000002112, -0.000010758,
VCV (2),    0.000002112,  0.000034841,  0.000020480,
VCV (3),   -0.000010758,  0.000020480,  0.000034346,
St.dev,     0.003154533,  0.005902615,  0.005860588,
AutoCor,    0.171531096,  0.235715629,  0.294623331,

No.; 5; Score; 17.961026535159;
Markow Autoregressive (lag 1) bivariate joint 3 asset model uncond. params
uMean,      0.000366064,  0.000334855,  0.000341095,
VCV (1),    0.000013193, -0.000008407, -0.000001015,
VCV (2),   -0.000008407,  0.000017832,  0.000001051,
VCV (3),   -0.000001015,  0.000001051,  0.000001339,
Cor (1),    1.000000000, -0.548099556, -0.241506670,
Cor (2),   -0.548099556,  1.000000000,  0.215103436,
Cor (3),   -0.241506670,  0.215103436,  1.000000000,
St.dev,     0.003632168,  0.004222793,  0.001157316,
Skewness,   0.477059794, -0.794656709, -0.327909988,
Kurtosis,  -0.191431208,  1.105476702,  1.298596788,
AutoCor,    0.404786625,  0.498789650,  0.185018588,
Markow Autoregressive (lag 1) bivariate joint 3 asset model cond. params
uProb.,   0.843458151,  0.156541849,
Prob (1),   0.909852400,  0.090147600,
Prob (2),   0.485721410,  0.514278590,
Mean,     -0.000767704,  0.001482460,  0.000428870,
Cor (1),    1.000000000, -0.360072513, -0.401339319,
Cor (2),   -0.360072513,  1.000000000,  0.080844228,
Cor (3),   -0.401339319,  0.080844228,  1.000000000,
VCV (1),    0.000005939, -0.000002216, -0.000000935,
VCV (2),   -0.000002216,  0.000006376,  0.000000195,
VCV (3),   -0.000000935,  0.000000195,  0.000000915,
St.dev,     0.002436970,  0.002525163,  0.000956393,
Mean,      0.006474885, -0.005848522, -0.000131845,
Cor (1),    1.000000000,  0.904831205,  0.847734632,
Cor (2),    0.904831205,  1.000000000,  0.289327494,
Cor (3),    0.847734632,  0.289327494,  1.000000000,
VCV (1),    0.000002148,  0.000004894,  0.000002188,
VCV (2),    0.000004894,  0.000013619,  0.000001880,
VCV (3),    0.000002188,  0.000001880,  0.000003102,
St.dev,     0.001465719,  0.003690439,  0.001761146,
AutoCor,    0.383406989,  0.548136539,  0.177370568,

No.; 6; Score; 21.008479595185;
Markow Autoregressive (lag 1) bivariate joint 3 asset model uncond. params
uMean,      0.000011567,  0.000022093, -0.000114341,
VCV (1),    0.000023106,  0.000004761,  0.000000432,
VCV (2),    0.000004761,  0.000025602, -0.000001635,
VCV (3),    0.000000432, -0.000001635,  0.000002186,
Cor (1),    1.000000000,  0.195770406,  0.060717086,
Cor (2),    0.195770406,  1.000000000, -0.218557554,
Cor (3),    0.060717086, -0.218557554,  1.000000000,
St.dev,     0.004806822,  0.005059846,  0.001478667,
Skewness,  -0.585618821,  0.487323390,  0.311564872,
Kurtosis,   1.210097236, -0.149155839,  0.496472445,
AutoCor,    0.053474908, -0.256344476, -0.042576555,
Markow Autoregressive (lag 1) bivariate joint 3 asset model cond. params
uProb.,   0.457246357,  0.542753643,
Prob (1),   0.020319865,  0.979680135,
Prob (2),   0.825337939,  0.174662061,
Mean,      0.001584867,  0.003702571, -0.000515443,
Cor (1),    1.000000000,  0.193314873,  0.149315158,
Cor (2),    0.193314873,  1.000000000,  0.745267282,
Cor (3),    0.149315158,  0.745267282,  1.000000000,
VCV (1),    0.000003874,  0.000001699,  0.000000301,
VCV (2),    0.000001699,  0.000019948,  0.000003409,
VCV (3),    0.000000301,  0.000003409,  0.000001049,
St.dev,     0.001968219,  0.004466270,  0.001024031,
Mean,     -0.001313870, -0.003078550,  0.000223570,
Cor (1),    1.000000000, -0.095840583,  0.151525771,
Cor (2),   -0.095840583,  1.000000000, -0.726390365,
Cor (3),    0.151525771, -0.726390365,  1.000000000,
VCV (1),    0.000034721, -0.000001641,  0.000001519,
VCV (2),   -0.000001641,  0.000008446, -0.000003592,
VCV (3),    0.000001519, -0.000003592,  0.000002895,
St.dev,     0.005892440,  0.002906201,  0.001701489,
AutoCor,    0.138641595,  0.184902273,  0.007810081,

No.; 7; Score; 21.017611248818;
Markow Autoregressive (lag 1) bivariate joint 3 asset model uncond. params
uMean,     -0.000097581,  0.000290587, -0.000002032,
VCV (1),    0.000017212, -0.000006114, -0.000000911,
VCV (2),   -0.000006114,  0.000036242, -0.000010012,
VCV (3),   -0.000000911, -0.000010012,  0.000003380,
Cor (1),    1.000000000, -0.244802934, -0.119397917,
Cor (2),   -0.244802934,  1.000000000, -0.904667946,
Cor (3),   -0.119397917, -0.904667946,  1.000000000,
St.dev,     0.004148686,  0.006020120,  0.001838419,
Skewness,   0.047222556,  0.818372907, -1.796753103,
Kurtosis,   0.029461026,  1.896445596,  4.456146195,
AutoCor,    0.770407544,  0.311506574,  0.291646196,
Markow Autoregressive (lag 1) bivariate joint 3 asset model cond. params
uProb.,   0.860736810,  0.139263190,
Prob (1),   0.925263071,  0.074736929,
Prob (2),   0.461922680,  0.538077320,
Mean,     -0.000496192, -0.000816463,  0.000521090,
Cor (1),    1.000000000, -0.754040418, -0.139399171,
Cor (2),   -0.754040418,  1.000000000, -0.954683341,
Cor (3),   -0.139399171, -0.954683341,  1.000000000,
VCV (1),    0.000005997, -0.000008299, -0.000000340,
VCV (2),   -0.000008299,  0.000020198, -0.000004270,
VCV (3),   -0.000000340, -0.000004270,  0.000000990,
St.dev,     0.002448924,  0.004494246,  0.000995159,
Mean,      0.002366094,  0.007132876, -0.003235264,
Cor (1),    1.000000000,  0.065537152,  0.717438042,
Cor (2),    0.065537152,  1.000000000, -0.934213810,
Cor (3),    0.717438042, -0.934213810,  1.000000000,
VCV (1),    0.000006926,  0.000001400,  0.000004559,
VCV (2),    0.000001400,  0.000065849, -0.000018303,
VCV (3),    0.000004559, -0.000018303,  0.000005829,
St.dev,     0.002631792,  0.008114743,  0.002414407,
AutoCor,    0.788988146,  0.271387236,  0.119650687,

No.; 8; Score; 21.584434216632;
Markow Autoregressive (lag 1) bivariate joint 3 asset model uncond. params
uMean,      0.000485893,  0.000618046, -0.000171684,
VCV (1),    0.000020209,  0.000002601,  0.000004066,
VCV (2),    0.000002601,  0.000030872,  0.000006102,
VCV (3),    0.000004066,  0.000006102,  0.000002673,
Cor (1),    1.000000000,  0.104122029,  0.553227504,
Cor (2),    0.104122029,  1.000000000,  0.671662792,
Cor (3),    0.553227504,  0.671662792,  1.000000000,
St.dev,     0.004495399,  0.005556280,  0.001635021,
Skewness,  -0.036200614, -0.122670685,  0.161752013,
Kurtosis,   0.181209453, -1.402739081, -0.338212522,
AutoCor,    0.494530979, -0.020279921,  0.041088876,
Markow Autoregressive (lag 1) bivariate joint 3 asset model cond. params
uProb.,   0.501126317,  0.498873683,
Prob (1),   0.472281891,  0.527718109,
Prob (2),   0.530100988,  0.469899012,
Mean,      0.000258732, -0.004460062, -0.001233839,
Cor (1),    1.000000000,  0.671093554,  0.709750664,
Cor (2),    0.671093554,  1.000000000,  0.477994132,
Cor (3),    0.709750664,  0.477994132,  1.000000000,
VCV (1),    0.000020071,  0.000007506,  0.000003626,
VCV (2),    0.000007506,  0.000006232,  0.000001361,
VCV (3),    0.000003626,  0.000001361,  0.000001301,
St.dev,     0.004480103,  0.002496412,  0.001140488,
Mean,      0.000714080,  0.005719084,  0.000895267,
Cor (1),    1.000000000, -0.828790924,  0.847572505,
Cor (2),   -0.828790924,  1.000000000, -0.009838376,
Cor (3),    0.847572505, -0.009838376,  1.000000000,
VCV (1),    0.000010304, -0.000004901,  0.000003589,
VCV (2),   -0.000004901,  0.000003393, -0.000000024,
VCV (3),    0.000003589, -0.000000024,  0.000001740,
St.dev,     0.003210045,  0.001841997,  0.001319240,
AutoCor,    0.495951403,  0.175428397,  0.113872737,

No.; 9; Score; 22.452603269755;
Markow Autoregressive (lag 1) bivariate joint 3 asset model uncond. params
uMean,      0.000330386,  0.000573405,  0.000067299,
VCV (1),    0.000020564,  0.000001827,  0.000002775,
VCV (2),    0.000001827,  0.000017306,  0.000003677,
VCV (3),    0.000002775,  0.000003677,  0.000001632,
Cor (1),    1.000000000,  0.096854941,  0.479057370,
Cor (2),    0.096854941,  1.000000000,  0.691789314,
Cor (3),    0.479057370,  0.691789314,  1.000000000,
St.dev,     0.004534755,  0.004160039,  0.001277609,
Skewness,  -0.211505494, -0.324402302,  0.126161220,
Kurtosis,   0.413651988,  0.101353819,  0.103332246,
AutoCor,    0.269180649,  0.150735764,  0.114040772,
Markow Autoregressive (lag 1) bivariate joint 3 asset model cond. params
uProb.,   0.633237371,  0.366762629,
Prob (1),   0.476229387,  0.523770613,
Prob (2),   0.904320942,  0.095679058,
Mean,      0.001010577, -0.000638657, -0.000170836,
Cor (1),    1.000000000,  0.655608843,  0.869031976,
Cor (2),    0.655608843,  1.000000000,  0.754035542,
Cor (3),    0.869031976,  0.754035542,  1.000000000,
VCV (1),    0.000012324,  0.000009773,  0.000003477,
VCV (2),    0.000009773,  0.000018030,  0.000003649,
VCV (3),    0.000003477,  0.000003649,  0.000001299,
St.dev,     0.003510506,  0.004246213,  0.001139747,
Mean,     -0.000844005,  0.002666102,  0.000478452,
Cor (1),    1.000000000, -0.638530768,  0.272985596,
Cor (2),   -0.638530768,  1.000000000,  0.584185843,
Cor (3),    0.272985596,  0.584185843,  1.000000000,
VCV (1),    0.000027848, -0.000008670,  0.000001959,
VCV (2),   -0.000008670,  0.000006620,  0.000002043,
VCV (3),    0.000001959,  0.000002043,  0.000001848,
St.dev,     0.005277141,  0.002572862,  0.001359523,
AutoCor,    0.297360924,  0.250142546,  0.148634741,

No.; 10; Score; 22.679315209629;
Markow Autoregressive (lag 1) bivariate joint 3 asset model uncond. params
uMean,      0.000406868,  0.000413967,  0.000225791,
VCV (1),    0.000014247,  0.000009443, -0.000004741,
VCV (2),    0.000009443,  0.000015132,  0.000002992,
VCV (3),   -0.000004741,  0.000002992,  0.000002081,
Cor (1),    1.000000000,  0.643137970, -0.870594507,
Cor (2),    0.643137970,  1.000000000,  0.533197793,
Cor (3),   -0.870594507,  0.533197793,  1.000000000,
St.dev,     0.003774496,  0.003889995,  0.001442680,
Skewness,  -2.145921564, -0.062693620,  0.450334045,
Kurtosis,   7.643187238, -0.044212507,  0.898376360,
AutoCor,    0.209377579,  0.362222924,  0.121489287,
Markow Autoregressive (lag 1) bivariate joint 3 asset model cond. params
uProb.,   0.926356866,  0.073643134,
Prob (1),   0.950928009,  0.049071991,
Prob (2),   0.617276497,  0.382723503,
Mean,      0.001137839,  0.000808787,  0.000051058,
Cor (1),    1.000000000,  0.917029663, -0.911422334,
Cor (2),    0.917029663,  1.000000000,  0.859952257,
Cor (3),   -0.911422334,  0.859952257,  1.000000000,
VCV (1),    0.000005339,  0.000007260, -0.000002665,
VCV (2),    0.000007260,  0.000011740,  0.000003728,
VCV (3),   -0.000002665,  0.000003728,  0.000001601,
St.dev,     0.002310538,  0.003426421,  0.001265320,
Mean,     -0.008788003, -0.004552475,  0.002423758,
Cor (1),    1.000000000, -0.976731613, -0.896977261,
Cor (2),   -0.976731613,  1.000000000,  0.920517348,
Cor (3),   -0.896977261,  0.920517348,  1.000000000,
VCV (1),    0.000034047, -0.000015239, -0.000008732,
VCV (2),   -0.000015239,  0.000007149,  0.000004106,
VCV (3),   -0.000008732,  0.000004106,  0.000002783,
St.dev,     0.005835017,  0.002673799,  0.001668344,
AutoCor,    0.098388123,  0.366476467,  0.073481252,

No.; 11; Score; 23.612377842264;
Markow Autoregressive (lag 1) bivariate joint 3 asset model uncond. params
uMean,      0.000207864,  0.000655850, -0.000033867,
VCV (1),    0.000019437, -0.000008166,  0.000001995,
VCV (2),   -0.000008166,  0.000029563,  0.000000897,
VCV (3),    0.000001995,  0.000000897,  0.000003661,
Cor (1),    1.000000000, -0.340663488,  0.236439799,
Cor (2),   -0.340663488,  1.000000000,  0.086193018,
Cor (3),    0.236439799,  0.086193018,  1.000000000,
St.dev,     0.004408718,  0.005437177,  0.001913429,
Skewness,   0.331847839,  0.038184938,  0.317980030,
Kurtosis,   0.736847565, -0.942949621,  0.510221402,
AutoCor,    0.599443853, -0.033879783,  0.478213028,
Markow Autoregressive (lag 1) bivariate joint 3 asset model cond. params
uProb.,   0.636166592,  0.363833408,
Prob (1),   0.516258957,  0.483741043,
Prob (2),   0.845826371,  0.154173629,
Mean,     -0.000640183,  0.003961013, -0.000442772,
Cor (1),    1.000000000,  0.037468518, -0.038130250,
Cor (2),    0.037468518,  1.000000000,  0.815960082,
Cor (3),   -0.038130250,  0.815960082,  1.000000000,
VCV (1),    0.000003056,  0.000000218, -0.000000075,
VCV (2),    0.000000218,  0.000011123,  0.000003055,
VCV (3),   -0.000000075,  0.000003055,  0.000001260,
St.dev,     0.001748212,  0.003335134,  0.001122683,
Mean,      0.001690682, -0.005123261,  0.000681108,
Cor (1),    1.000000000, -0.956478242,  0.260259768,
Cor (2),   -0.956478242,  1.000000000,  0.392746760,
Cor (3),    0.260259768,  0.392746760,  1.000000000,
VCV (1),    0.000022612, -0.000006342,  0.000002558,
VCV (2),   -0.000006342,  0.000001945,  0.000001132,
VCV (3),    0.000002558,  0.000001132,  0.000004272,
St.dev,     0.004755192,  0.001394486,  0.002066802,
AutoCor,    0.663705441,  0.505969815,  0.548314168,

No.; 12; Score; 23.629663151848;
Markow Autoregressive (lag 1) bivariate joint 3 asset model uncond. params
uMean,      0.000584082,  0.000345325,  0.000116764,
VCV (1),    0.000020975, -0.000002448, -0.000001824,
VCV (2),   -0.000002448,  0.000027079, -0.000005259,
VCV (3),   -0.000001824, -0.000005259,  0.000003773,
Cor (1),    1.000000000, -0.102717704, -0.205006609,
Cor (2),   -0.102717704,  1.000000000, -0.520297276,
Cor (3),   -0.205006609, -0.520297276,  1.000000000,
St.dev,     0.004579846,  0.005203709,  0.001942315,
Skewness,   0.094165696,  0.458845526, -0.916690487,
Kurtosis,  -0.004357979,  0.337178102,  2.139175354,
AutoCor,    0.084060141,  0.379313570,  0.459125144,
Markow Autoregressive (lag 1) bivariate joint 3 asset model cond. params
uProb.,   0.868160512,  0.131839488,
Prob (1),   0.868669529,  0.131330471,
Prob (2),   0.864808646,  0.135191354,
Mean,      0.000965370, -0.000865006,  0.000508236,
Cor (1),    1.000000000, -0.017170995, -0.507359662,
Cor (2),   -0.017170995,  1.000000000, -0.403900307,
Cor (3),   -0.507359662, -0.403900307,  1.000000000,
VCV (1),    0.000021335, -0.000000268, -0.000002458,
VCV (2),   -0.000000268,  0.000011447, -0.000001433,
VCV (3),   -0.000002458, -0.000001433,  0.000001100,
St.dev,     0.004618933,  0.003383356,  0.001048938,
Mean,     -0.001926693,  0.008315331, -0.002461075,
Cor (1),    1.000000000,  0.561931857, -0.524627730,
Cor (2),    0.561931857,  1.000000000, -0.104904033,
Cor (3),   -0.524627730, -0.104904033,  1.000000000,
VCV (1),    0.000010173,  0.000006018, -0.000003931,
VCV (2),    0.000006018,  0.000011273, -0.000000827,
VCV (3),   -0.000003931, -0.000000827,  0.000005518,
St.dev,     0.003189514,  0.003357475,  0.002348973,
AutoCor,    0.087895607,  0.587074961,  0.625378787,

No.; 13; Score; 23.828053888166;
Markow Autoregressive (lag 1) bivariate joint 3 asset model uncond. params
uMean,      0.000203682,  0.000242184,  0.000136478,
VCV (1),    0.000015985, -0.000011153, -0.000001785,
VCV (2),   -0.000011153,  0.000022147, -0.000002029,
VCV (3),   -0.000001785, -0.000002029,  0.000004060,
Cor (1),    1.000000000, -0.592733742, -0.221534033,
Cor (2),   -0.592733742,  1.000000000, -0.213948144,
Cor (3),   -0.221534033, -0.213948144,  1.000000000,
St.dev,     0.003998126,  0.004706076,  0.002014930,
Skewness,   0.737643858, -2.178654407,  0.213216152,
Kurtosis,   1.663307466,  8.318941377,  0.497627899,
AutoCor,    0.241667827,  0.260078426,  0.128275177,
Markow Autoregressive (lag 1) bivariate joint 3 asset model cond. params
uProb.,   0.120255492,  0.879744508,
Prob (1),   0.370178811,  0.629821189,
Prob (2),   0.086092560,  0.913907440,
Mean,      0.005175162, -0.006871251,  0.001234843,
Cor (1),    1.000000000, -0.560591168,  0.845019978,
Cor (2),   -0.560591168,  1.000000000, -0.610524893,
Cor (3),    0.845019978, -0.610524893,  1.000000000,
VCV (1),    0.000027708, -0.000025801,  0.000012057,
VCV (2),   -0.000025801,  0.000076450, -0.000014470,
VCV (3),    0.000012057, -0.000014470,  0.000007348,
St.dev,     0.005263855,  0.008743543,  0.002710685,
Mean,     -0.000475888,  0.001214545, -0.000013661,
Cor (1),    1.000000000, -0.431045132, -0.775541011,
Cor (2),   -0.431045132,  1.000000000,  0.208486582,
Cor (3),   -0.775541011,  0.208486582,  1.000000000,
VCV (1),    0.000009782, -0.000003243, -0.000004445,
VCV (2),   -0.000003243,  0.000005787,  0.000000919,
VCV (3),   -0.000004445,  0.000000919,  0.000003358,
St.dev,     0.003127654,  0.002405651,  0.001832352,
AutoCor,    0.230299978,  0.249175307,  0.121678457,

No.; 14; Score; 24.192758385534;
Markow Autoregressive (lag 1) bivariate joint 3 asset model uncond. params
uMean,     -0.000054161,  0.000098450,  0.000145490,
VCV (1),    0.000023749, -0.000008176, -0.000007005,
VCV (2),   -0.000008176,  0.000024088,  0.000002907,
VCV (3),   -0.000007005,  0.000002907,  0.000003045,
Cor (1),    1.000000000, -0.341828694, -0.823771065,
Cor (2),   -0.341828694,  1.000000000,  0.339478372,
Cor (3),   -0.823771065,  0.339478372,  1.000000000,
St.dev,     0.004873301,  0.004907948,  0.001744945,
Skewness,   1.117247169, -0.752623345, -1.032822272,
Kurtosis,   0.507820746,  1.588701529,  1.936916148,
AutoCor,    0.075345384,  0.584167539,  0.318484712,
Markow Autoregressive (lag 1) bivariate joint 3 asset model cond. params
uProb.,   0.798502841,  0.201497159,
Prob (1),   0.791983170,  0.208016830,
Prob (2),   0.824339315,  0.175660685,
Mean,     -0.002177733,  0.001305483,  0.000643895,
Cor (1),    1.000000000, -0.233478347, -0.869223832,
Cor (2),   -0.233478347,  1.000000000, -0.944275682,
Cor (3),   -0.869223832, -0.944275682,  1.000000000,
VCV (1),    0.000004253, -0.000000740, -0.000001689,
VCV (2),   -0.000000740,  0.000002359, -0.000001366,
VCV (3),   -0.000001689, -0.000001366,  0.000000888,
St.dev,     0.002062321,  0.001535883,  0.000942115,
Mean,      0.008361234, -0.004684841, -0.001829614,
Cor (1),    1.000000000,  0.683464202, -0.793126745,
Cor (2),    0.683464202,  1.000000000,  0.659649064,
Cor (3),   -0.793126745,  0.659649064,  1.000000000,
VCV (1),    0.000007586,  0.000009682, -0.000004526,
VCV (2),    0.000009682,  0.000026454,  0.000007029,
VCV (3),   -0.000004526,  0.000007029,  0.000004292,
St.dev,     0.002754309,  0.005143319,  0.002071710,
AutoCor,    0.402766671,  0.778526265,  0.486104221,

No.; 15; Score; 24.541884130198;
Markow Autoregressive (lag 1) bivariate joint 3 asset model uncond. params
uMean,     -0.000102083,  0.000551258, -0.000001936,
VCV (1),    0.000021032, -0.000008895, -0.000000449,
VCV (2),   -0.000008895,  0.000018486,  0.000002641,
VCV (3),   -0.000000449,  0.000002641,  0.000002434,
Cor (1),    1.000000000, -0.451128522, -0.062794291,
Cor (2),   -0.451128522,  1.000000000,  0.393710910,
Cor (3),   -0.062794291,  0.393710910,  1.000000000,
St.dev,     0.004586113,  0.004299504,  0.001560002,
Skewness,  -0.262063548,  1.837284651,  0.290750571,
Kurtosis,  -0.455314549,  3.762132038,  0.015012464,
AutoCor,    0.356998764,  0.395025339,  0.270061024,
Markow Autoregressive (lag 1) bivariate joint 3 asset model cond. params
uProb.,   0.749920978,  0.250079022,
Prob (1),   0.901925476,  0.098074524,
Prob (2),   0.294099612,  0.705900388,
Mean,      0.001813664, -0.001130411, -0.000525051,
Cor (1),    1.000000000, -0.403147707,  0.833133729,
Cor (2),   -0.403147707,  1.000000000, -0.574763477,
Cor (3),    0.833133729, -0.574763477,  1.000000000,
VCV (1),    0.000010934, -0.000001882,  0.000003425,
VCV (2),   -0.000001882,  0.000001994, -0.000001009,
VCV (3),    0.000003425, -0.000001009,  0.000001546,
St.dev,     0.003306722,  0.001411970,  0.001243187,
Mean,     -0.005846902,  0.005594139,  0.001566747,
Cor (1),    1.000000000,  0.574862834, -0.037534623,
Cor (2),    0.574862834,  1.000000000,  0.404165389,
Cor (3),   -0.037534623,  0.404165389,  1.000000000,
VCV (1),    0.000007038,  0.000008652, -0.000000132,
VCV (2),    0.000008652,  0.000032187,  0.000003036,
VCV (3),   -0.000000132,  0.000003036,  0.000001753,
St.dev,     0.002652854,  0.005673318,  0.001324071,
AutoCor,    0.081686217,  0.214655992,  0.098226398,

No.; 16; Score; 24.676470461792;
Markow Autoregressive (lag 1) bivariate joint 3 asset model uncond. params
uMean,      0.000171121, -0.000200341,  0.000407645,
VCV (1),    0.000011103,  0.000014149,  0.000002839,
VCV (2),    0.000014149,  0.000023907,  0.000007994,
VCV (3),    0.000002839,  0.000007994,  0.000004342,
Cor (1),    1.000000000,  0.868475782,  0.408828654,
Cor (2),    0.868475782,  1.000000000,  0.784620947,
Cor (3),    0.408828654,  0.784620947,  1.000000000,
St.dev,     0.003332131,  0.004889443,  0.002083840,
Skewness,  -1.931254739, -0.353818459, -0.090861585,
Kurtosis,   3.860891956, -0.139345834,  0.016251669,
AutoCor,    0.336294078,  0.168438807,  0.486425738,
Markow Autoregressive (lag 1) bivariate joint 3 asset model cond. params
uProb.,   0.873846337,  0.126153663,
Prob (1),   0.919339746,  0.080660254,
Prob (2),   0.558720733,  0.441279267,
Mean,      0.001245136,  0.000995541,  0.000704003,
Cor (1),    1.000000000,  0.901600764,  0.527898524,
Cor (2),    0.901600764,  1.000000000,  0.922077687,
Cor (3),    0.527898524,  0.922077687,  1.000000000,
VCV (1),    0.000001982,  0.000004940,  0.000001246,
VCV (2),    0.000004940,  0.000015146,  0.000006016,
VCV (3),    0.000001246,  0.000006016,  0.000002811,
St.dev,     0.001407804,  0.003891827,  0.001676539,
Mean,     -0.007268409, -0.008484021, -0.001645182,
Cor (1),    1.000000000,  0.958566914, -0.898138748,
Cor (2),    0.958566914,  1.000000000,  0.390694599,
Cor (3),   -0.898138748,  0.390694599,  1.000000000,
VCV (1),    0.000009097,  0.000007050, -0.000004303,
VCV (2),    0.000007050,  0.000005946,  0.000001513,
VCV (3),   -0.000004303,  0.000001513,  0.000002523,
St.dev,     0.003016076,  0.002438342,  0.001588405,
AutoCor,    0.273857703,  0.032456888,  0.506923053,

No.; 17; Score; 24.760741713682;
Markow Autoregressive (lag 1) bivariate joint 3 asset model uncond. params
uMean,      0.000173594, -0.000480740, -0.000173793,
VCV (1),    0.000018251,  0.000013101,  0.000004282,
VCV (2),    0.000013101,  0.000020341,  0.000003176,
VCV (3),    0.000004282,  0.000003176,  0.000003472,
Cor (1),    1.000000000,  0.679945541,  0.537877749,
Cor (2),    0.679945541,  1.000000000,  0.377971634,
Cor (3),    0.537877749,  0.377971634,  1.000000000,
St.dev,     0.004272126,  0.004510109,  0.001863301,
Skewness,   0.564891879,  0.799256675, -0.012476062,
Kurtosis,   0.250289428,  1.133499445,  0.032673972,
AutoCor,    0.512884152,  0.365984437,  0.423676032,
Markow Autoregressive (lag 1) bivariate joint 3 asset model cond. params
uProb.,   0.154919412,  0.845080588,
Prob (1),   0.782268999,  0.217731001,
Prob (2),   0.039914251,  0.960085749,
Mean,      0.006980146,  0.006120532, -0.000002342,
Cor (1),    1.000000000,  0.515735171,  0.121193086,
Cor (2),    0.515735171,  1.000000000, -0.268712322,
Cor (3),    0.121193086, -0.268712322,  1.000000000,
VCV (1),    0.000008017,  0.000006597,  0.000000497,
VCV (2),    0.000006597,  0.000020408, -0.000001758,
VCV (3),    0.000000497, -0.000001758,  0.000002097,
St.dev,     0.002831419,  0.004517570,  0.001447965,
Mean,     -0.001074177, -0.001690879, -0.000205223,
Cor (1),    1.000000000,  0.443052245,  0.790707327,
Cor (2),    0.443052245,  1.000000000,  0.647935594,
Cor (3),    0.790707327,  0.647935594,  1.000000000,
VCV (1),    0.000008945,  0.000004326,  0.000004084,
VCV (2),    0.000004326,  0.000010656,  0.000003653,
VCV (3),    0.000004084,  0.000003653,  0.000002983,
St.dev,     0.002990789,  0.003264382,  0.001727148,
AutoCor,    0.313161942,  0.122585328,  0.423180640,

No.; 18; Score; 24.810950772104;
Markow Autoregressive (lag 1) bivariate joint 3 asset model uncond. params
uMean,      0.000211596,  0.000530145, -0.000055455,
VCV (1),    0.000014660, -0.000000015,  0.000001547,
VCV (2),   -0.000000015,  0.000039204, -0.000002193,
VCV (3),    0.000001547, -0.000002193,  0.000003394,
Cor (1),    1.000000000, -0.000613768,  0.219341904,
Cor (2),   -0.000613768,  1.000000000, -0.190080818,
Cor (3),    0.219341904, -0.190080818,  1.000000000,
St.dev,     0.003828837,  0.006261342,  0.001842373,
Skewness,   1.223194080,  0.258507395,  0.111603772,
Kurtosis,   2.708557880,  0.271281106,  0.145550116,
AutoCor,    0.365602351,  0.819616615,  0.598929020,
Markow Autoregressive (lag 1) bivariate joint 3 asset model cond. params
uProb.,   0.882519330,  0.117480670,
Prob (1),   0.934658018,  0.065341982,
Prob (2),   0.490851491,  0.509148509,
Mean,     -0.000688107, -0.000472395, -0.000213564,
Cor (1),    1.000000000, -0.733780996, -0.142642206,
Cor (2),   -0.733780996,  1.000000000, -0.486612670,
Cor (3),   -0.142642206, -0.486612670,  1.000000000,
VCV (1),    0.000006194, -0.000004119, -0.000000490,
VCV (2),   -0.000004119,  0.000005087, -0.000001514,
VCV (3),   -0.000000490, -0.000001514,  0.000001903,
St.dev,     0.002488832,  0.002255505,  0.001379410,
Mean,      0.006970193,  0.008061268,  0.001132266,
Cor (1),    1.000000000, -0.822254378,  0.927894234,
Cor (2),   -0.822254378,  1.000000000, -0.303236553,
Cor (3),    0.927894234, -0.303236553,  1.000000000,
VCV (1),    0.000019470, -0.000010556,  0.000006985,
VCV (2),   -0.000010556,  0.000008466, -0.000001505,
VCV (3),    0.000006985, -0.000001505,  0.000002910,
St.dev,     0.004412440,  0.002909570,  0.001705989,
AutoCor,    0.310173621,  0.909256118,  0.608013671,

No.; 19; Score; 26.119001162683;
Markow Autoregressive (lag 1) bivariate joint 3 asset model uncond. params
uMean,     -0.000109449,  0.000188850, -0.000319370,
VCV (1),    0.000020181, -0.000002996, -0.000001235,
VCV (2),   -0.000002996,  0.000036341,  0.000003473,
VCV (3),   -0.000001235,  0.000003473,  0.000005472,
Cor (1),    1.000000000, -0.110621368, -0.117514647,
Cor (2),   -0.110621368,  1.000000000,  0.246280769,
Cor (3),   -0.117514647,  0.246280769,  1.000000000,
St.dev,     0.004492329,  0.006028359,  0.002339299,
Skewness,  -1.325981534, -0.111985529,  2.764287648,
Kurtosis,  18.852977866, -0.191584087, 13.862563463,
AutoCor,    0.494526595,  0.516875427,  0.298163711,
Markow Autoregressive (lag 1) bivariate joint 3 asset model cond. params
uProb.,   0.896506783,  0.103493217,
Prob (1),   0.984044437,  0.015955563,
Prob (2),   0.138214569,  0.861785431,
Mean,      0.000167972, -0.000520546, -0.000734532,
Cor (1),    1.000000000, -0.185209544,  0.388838035,
Cor (2),   -0.185209544,  1.000000000,  0.173748692,
Cor (3),    0.388838035,  0.173748692,  1.000000000,
VCV (1),    0.000001738, -0.000001268,  0.000000544,
VCV (2),   -0.000001268,  0.000026979,  0.000000958,
VCV (3),    0.000000544,  0.000000958,  0.000001126,
St.dev,     0.001318354,  0.005194105,  0.001061157,
Mean,     -0.002512601,  0.006333977,  0.003276962,
Cor (1),    1.000000000,  0.046754379, -0.113838798,
Cor (2),    0.046754379,  1.000000000,  0.016399469,
Cor (3),   -0.113838798,  0.016399469,  1.000000000,
VCV (1),    0.000129599,  0.000001353, -0.000006902,
VCV (2),    0.000001353,  0.000006464,  0.000000222,
VCV (3),   -0.000006902,  0.000000222,  0.000028365,
St.dev,     0.011384161,  0.002542527,  0.005325866,
AutoCor,    0.482524716,  0.472036712,  0.092673376,

No.; 20; Score; 26.347241261794;
Markow Autoregressive (lag 1) bivariate joint 3 asset model uncond. params
uMean,      0.000538824, -0.000041361, -0.000256052,
VCV (1),    0.000009607,  0.000003557, -0.000001336,
VCV (2),    0.000003557,  0.000036146, -0.000000812,
VCV (3),   -0.000001336, -0.000000812,  0.000004190,
Cor (1),    1.000000000,  0.190885824, -0.210505781,
Cor (2),    0.190885824,  1.000000000, -0.065978348,
Cor (3),   -0.210505781, -0.065978348,  1.000000000,
St.dev,     0.003099515,  0.006012181,  0.002046886,
Skewness,   1.630222461,  1.145938442, -0.209161173,
Kurtosis,   5.609772490,  9.227218042,  0.671128389,
AutoCor,    0.108969004,  0.395612845,  0.556681082,
Markow Autoregressive (lag 1) bivariate joint 3 asset model cond. params
uProb.,   0.905261181,  0.094738819,
Prob (1),   0.936227141,  0.063772859,
Prob (2),   0.609371050,  0.390628950,
Mean,     -0.000010226, -0.000493869, -0.000143153,
Cor (1),    1.000000000,  0.799721263, -0.437296915,
Cor (2),    0.799721263,  1.000000000, -0.364042778,
Cor (3),   -0.437296915, -0.364042778,  1.000000000,
VCV (1),    0.000004500,  0.000005649, -0.000001411,
VCV (2),    0.000005649,  0.000011089, -0.000001843,
VCV (3),   -0.000001411, -0.000001843,  0.000002312,
St.dev,     0.002121426,  0.003329956,  0.001520469,
Mean,      0.005785186,  0.004282504, -0.001334847,
Cor (1),    1.000000000, -0.559500939,  0.401466010,
Cor (2),   -0.559500939,  1.000000000,  0.396710609,
Cor (3),    0.401466010,  0.396710609,  1.000000000,
VCV (1),    0.000027979, -0.000041572,  0.000005702,
VCV (2),   -0.000041572,  0.000197318,  0.000014964,
VCV (3),    0.000005702,  0.000014964,  0.000007211,
St.dev,     0.005289565,  0.014046987,  0.002685312,
AutoCor,    0.015661946,  0.399547602,  0.563562115,

No.; 21; Score; 26.720628847729;
Markow Autoregressive (lag 1) bivariate joint 3 asset model uncond. params
uMean,     -0.000229584,  0.000295901,  0.000251012,
VCV (1),    0.000009417,  0.000010931, -0.000000662,
VCV (2),    0.000010931,  0.000026032,  0.000005791,
VCV (3),   -0.000000662,  0.000005791,  0.000004770,
Cor (1),    1.000000000,  0.698183301, -0.098847424,
Cor (2),    0.698183301,  1.000000000,  0.519702433,
Cor (3),   -0.098847424,  0.519702433,  1.000000000,
St.dev,     0.003068687,  0.005102189,  0.002183955,
Skewness,  -0.486336645,  0.438465133, -0.052155277,
Kurtosis,   0.638902608, -0.349341481,  0.853708577,
AutoCor,    0.132955355,  0.420609821,  0.276647845,
Markow Autoregressive (lag 1) bivariate joint 3 asset model cond. params
uProb.,   0.419185764,  0.580814236,
Prob (1),   0.528721328,  0.471278672,
Prob (2),   0.340131660,  0.659868340,
Mean,     -0.001541520, -0.003685043,  0.000334993,
Cor (1),    1.000000000,  0.996983594,  0.264645129,
Cor (2),    0.996983594,  1.000000000, -0.469273996,
Cor (3),    0.264645129, -0.469273996,  1.000000000,
VCV (1),    0.000012822,  0.000004563,  0.000001143,
VCV (2),    0.000004563,  0.000001634, -0.000000723,
VCV (3),    0.000001143, -0.000000723,  0.000001454,
St.dev,     0.003580760,  0.001278305,  0.001205969,
Mean,      0.000717267,  0.003169032,  0.000190400,
Cor (1),    1.000000000,  0.982016320, -0.327336747,
Cor (2),    0.982016320,  1.000000000,  0.932879142,
Cor (3),   -0.327336747,  0.932879142,  1.000000000,
VCV (1),    0.000004602,  0.000008113, -0.000001794,
VCV (2),    0.000008113,  0.000014829,  0.000009177,
VCV (3),   -0.000001794,  0.000009177,  0.000006525,
St.dev,     0.002145341,  0.003850789,  0.002554478,
AutoCor,    0.124501234,  0.602444273,  0.276741922,

No.; 22; Score; 26.896812843579;
Markow Autoregressive (lag 1) bivariate joint 3 asset model uncond. params
uMean,     -0.000212335,  0.000602012, -0.000058435,
VCV (1),    0.000012329,  0.000004043, -0.000000430,
VCV (2),    0.000004043,  0.000032088, -0.000000513,
VCV (3),   -0.000000430, -0.000000513,  0.000004862,
Cor (1),    1.000000000,  0.203285771, -0.055526310,
Cor (2),    0.203285771,  1.000000000, -0.041055040,
Cor (3),   -0.055526310, -0.041055040,  1.000000000,
St.dev,     0.003511226,  0.005664670,  0.002204975,
Skewness,   0.000390387, -0.095497481,  0.552696751,
Kurtosis,   0.001961095,  0.000543480, -0.300951915,
AutoCor,    0.590009662,  0.497728895, -0.158472175,
Markow Autoregressive (lag 1) bivariate joint 3 asset model cond. params
uProb.,   0.511641767,  0.488358233,
Prob (1),   0.279723459,  0.720276541,
Prob (2),   0.754617281,  0.245382719,
Mean,     -0.000230704,  0.002537280, -0.001599777,
Cor (1),    1.000000000,  0.794125502, -0.091268403,
Cor (2),    0.794125502,  1.000000000,  0.593323476,
Cor (3),   -0.091268403,  0.593323476,  1.000000000,
VCV (1),    0.000007695,  0.000008107, -0.000000265,
VCV (2),    0.000008107,  0.000013545,  0.000002289,
VCV (3),   -0.000000265,  0.000002289,  0.000001099,
St.dev,     0.002774017,  0.003680314,  0.001048473,
Mean,     -0.000193090, -0.001425524,  0.001556394,
Cor (1),    1.000000000, -0.249415891, -0.103639215,
Cor (2),   -0.249415891,  1.000000000,  0.277554990,
Cor (3),   -0.103639215,  0.277554990,  1.000000000,
VCV (1),    0.000008394, -0.000003260, -0.000000567,
VCV (2),   -0.000003260,  0.000020356,  0.000002363,
VCV (3),   -0.000000567,  0.000002363,  0.000003561,
St.dev,     0.002897177,  0.004511773,  0.001887087,
AutoCor,    0.590040196,  0.633232145,  0.173430556,

No.; 23; Score; 27.222587554759;
