Round No; 2; best result RLS; 7.3165301194662

;;;
Statistical description of data for: Meginajums1
Calib/Tail/Per/Cur, 784, 9999, 23, 0,
Title,    INDEX WITH EQUAL WEIGHTS based on market value,EQUITY LM SNP,REX BOND     ,
Mean,       0.000158634,  0.000175148,  0.000011824,
VCV (1),    0.000022943, -0.000000281, -0.000000006,
VCV (2),   -0.000000281,  0.000027803, -0.000000034,
VCV (3),   -0.000000006, -0.000000034,  0.000000099,
St.dev,     0.004789897,  0.005272874,  0.000315163,
Skewness,  -1.581739356, -0.533728382, -0.333150084,
Kurtosis,  24.552038003,  6.345066446, 26.810331499,
AutoCor,   -0.072787598,  0.126724186, -0.366572783,
No.; 1; Score; 7.3165301194662;
Markow Autoregressive (lag 1) bivariate joint 3 asset model uncond. params
uMean,     -0.005531521, -0.001413060, -0.000025317,
VCV (1),    0.000059544, -0.000031355,  0.000000404,
VCV (2),   -0.000031355,  0.000135564, -0.000001646,
VCV (3),    0.000000404, -0.000001646,  0.000000266,
Cor (1),    1.000000000, -0.348993520,  0.101574487,
Cor (2),   -0.348993520,  1.000000000, -0.273996457,
Cor (3),    0.101574487, -0.273996457,  1.000000000,
St.dev,     0.007716471,  0.011643211,  0.000515869,
Skewness,   0.061996126, -0.104978367,  0.117156333,
Kurtosis,  -0.016281686, -0.119579059, -0.536406563,
AutoCor,   -0.115663322, -0.561776670,  0.299388414,
Markow Autoregressive (lag 1) bivariate joint 3 asset model cond. params
uProb.,   0.743752680,  0.256247320,
Prob (1),   0.843969070,  0.156030930,
Prob (2),   0.452876629,  0.547123371,
Mean,     -0.004371448, -0.004430228,  0.000164685,
Cor (1),    1.000000000, -0.382043457, -0.119929200,
Cor (2),   -0.382043457,  1.000000000,  0.005012207,
Cor (3),   -0.119929200,  0.005012207,  1.000000000,
VCV (1),    0.000058006, -0.000020516, -0.000000392,
VCV (2),   -0.000020516,  0.000049716,  0.000000015,
VCV (3),   -0.000000392,  0.000000015,  0.000000184,
St.dev,     0.007616151,  0.007050924,  0.000428883,
Mean,     -0.008898610,  0.007344210, -0.000576793,
Cor (1),    1.000000000, -0.532450463,  0.114571101,
Cor (2),   -0.532450463,  1.000000000,  0.044016113,
Cor (3),    0.114571101,  0.044016113,  1.000000000,
VCV (1),    0.000043799, -0.000013256,  0.000000185,
VCV (2),   -0.000013256,  0.000014152,  0.000000040,
VCV (3),    0.000000185,  0.000000040,  0.000000060,
St.dev,     0.006618052,  0.003761860,  0.000243976,
AutoCor,   -0.151240234, -0.792456055,  0.239831542,

No.; 2; Score; 34.661634533995;
Markow Autoregressive (lag 1) bivariate joint 3 asset model uncond. params
uMean,      0.000290155,  0.000165844,  0.000022557,
VCV (1),    0.000019806, -0.000005121, -0.000000361,
VCV (2),   -0.000005121,  0.000046641, -0.000001979,
VCV (3),   -0.000000361, -0.000001979,  0.000000281,
Cor (1),    1.000000000, -0.168502153, -0.152784836,
Cor (2),   -0.168502153,  1.000000000, -0.546361088,
Cor (3),   -0.152784836, -0.546361088,  1.000000000,
St.dev,     0.004450388,  0.006829398,  0.000530358,
Skewness,   0.060388588,  0.467274311,  0.568572843,
Kurtosis,   0.098963676, -0.264983456,  0.468457207,
AutoCor,   -0.316442316, -0.094902905,  0.455011532,
Markow Autoregressive (lag 1) bivariate joint 3 asset model cond. params
uProb.,   0.615683458,  0.384316542,
Prob (1),   0.589444362,  0.410555638,
Prob (2),   0.657719060,  0.342280940,
Mean,      0.000673350,  0.003423500, -0.000200444,
Cor (1),    1.000000000, -0.156519397, -0.553454873,
Cor (2),   -0.156519397,  1.000000000, -0.864408785,
Cor (3),   -0.553454873, -0.864408785,  1.000000000,
VCV (1),    0.000020514, -0.000004535, -0.000000514,
VCV (2),   -0.000004535,  0.000040926, -0.000001134,
VCV (3),   -0.000000514, -0.000001134,  0.000000042,
St.dev,     0.004529232,  0.006397308,  0.000205144,
Mean,     -0.000323732, -0.005052994,  0.000379810,
Cor (1),    1.000000000, -0.907806958,  0.069363507,
Cor (2),   -0.907806958,  1.000000000, -0.294832455,
Cor (3),    0.069363507, -0.294832455,  1.000000000,
VCV (1),    0.000012864, -0.000010612,  0.000000119,
VCV (2),   -0.000010612,  0.000010623, -0.000000458,
VCV (3),    0.000000119, -0.000000458,  0.000000227,
St.dev,     0.003586613,  0.003259267,  0.000476889,
AutoCor,   -0.319425271, -0.110176813,  0.661789631,

No.; 3; Score; 47.55744577653;
Markow Autoregressive (lag 1) bivariate joint 3 asset model uncond. params
uMean,     -0.004994643,  0.000858080,  0.000202539,
VCV (1),    0.000077270,  0.000007938,  0.000001686,
VCV (2),    0.000007938,  0.000032921,  0.000000437,
VCV (3),    0.000001686,  0.000000437,  0.000000127,
Cor (1),    1.000000000,  0.157378379,  0.537354671,
Cor (2),    0.157378379,  1.000000000,  0.213515375,
Cor (3),    0.537354671,  0.213515375,  1.000000000,
St.dev,     0.008790309,  0.005737673,  0.000356919,
Skewness,  -0.179341640,  0.374949591, -0.236435951,
Kurtosis,  -0.294568343,  0.725046517, -0.099582233,
AutoCor,   -0.514667826,  0.089223737, -0.263779030,
Markow Autoregressive (lag 1) bivariate joint 3 asset model cond. params
uProb.,   0.594926258,  0.405073742,
Prob (1),   0.523336490,  0.476663510,
Prob (2),   0.700069170,  0.299930830,
Mean,     -0.009412184,  0.002018615,  0.000058810,
Cor (1),    1.000000000,  0.757727051,  0.691594238,
Cor (2),    0.757727051,  1.000000000,  0.514106445,
Cor (3),    0.691594238,  0.514106445,  1.000000000,
VCV (1),    0.000033979,  0.000029525,  0.000001333,
VCV (2),    0.000029525,  0.000044683,  0.000001136,
VCV (3),    0.000001333,  0.000001136,  0.000000109,
St.dev,     0.005829149,  0.006684520,  0.000330664,
Mean,      0.001493339, -0.000846381,  0.000413630,
Cor (1),    1.000000000, -0.242838647, -0.668693059,
Cor (2),   -0.242838647,  1.000000000,  0.088327637,
Cor (3),   -0.668693059,  0.088327637,  1.000000000,
VCV (1),    0.000008933, -0.000002284, -0.000000484,
VCV (2),   -0.000002284,  0.000009901,  0.000000067,
VCV (3),   -0.000000484,  0.000000067,  0.000000059,
St.dev,     0.002988792,  0.003146600,  0.000242316,
AutoCor,   -0.713923339,  0.106225585, -0.290991211,

No.; 4; Score; 51.071902833916;
Markow Autoregressive (lag 1) bivariate joint 3 asset model uncond. params
uMean,      0.000123445,  0.000091559, -0.000031784,
VCV (1),    0.000025359,  0.000019447, -0.000000494,
VCV (2),    0.000019447,  0.000097992, -0.000002506,
VCV (3),   -0.000000494, -0.000002506,  0.000000290,
Cor (1),    1.000000000,  0.390118090, -0.181943560,
Cor (2),    0.390118090,  1.000000000, -0.469851133,
Cor (3),   -0.181943560, -0.469851133,  1.000000000,
St.dev,     0.005035782,  0.009899104,  0.000538896,
Skewness,  -0.143059769, -0.232979668,  0.047259961,
Kurtosis,  -0.058807268, -0.566857353,  0.496843902,
AutoCor,   -0.395749695,  0.311132295,  0.401728934,
Markow Autoregressive (lag 1) bivariate joint 3 asset model cond. params
uProb.,   0.486768907,  0.513231093,
Prob (1),   0.481602510,  0.518397490,
Prob (2),   0.491668924,  0.508331076,
Mean,     -0.002299989, -0.007494415, -0.000053487,
Cor (1),    1.000000000,  0.612338218,  0.100452702,
Cor (2),    0.612338218,  1.000000000, -0.991800576,
Cor (3),    0.100452702, -0.991800576,  1.000000000,
VCV (1),    0.000017311,  0.000014128,  0.000000147,
VCV (2),    0.000014128,  0.000030752, -0.000001929,
VCV (3),    0.000000147, -0.000001929,  0.000000123,
St.dev,     0.004160648,  0.005545423,  0.000350778,
Mean,      0.002421926,  0.007286400, -0.000011199,
Cor (1),    1.000000000, -0.658249084, -0.673704141,
Cor (2),   -0.658249084,  1.000000000, -0.894866772,
Cor (3),   -0.673704141, -0.894866772,  1.000000000,
VCV (1),    0.000012333, -0.000008068, -0.000001413,
VCV (2),   -0.000008068,  0.000012183, -0.000001866,
VCV (3),   -0.000001413, -0.000001866,  0.000000357,
St.dev,     0.003511788,  0.003490386,  0.000597332,
AutoCor,   -0.504312649,  0.714956823,  0.402363405,

No.; 5; Score; 62.961357654432;
Markow Autoregressive (lag 1) bivariate joint 3 asset model uncond. params
uMean,      0.000146999,  0.000165813,  0.000011823,
VCV (1),    0.000062115, -0.000008354,  0.000000062,
VCV (2),   -0.000008354,  0.000108387,  0.000002764,
VCV (3),    0.000000062,  0.000002764,  0.000000307,
Cor (1),    1.000000000, -0.101819194,  0.014243081,
Cor (2),   -0.101819194,  1.000000000,  0.479120097,
Cor (3),    0.014243081,  0.479120097,  1.000000000,
St.dev,     0.007881309,  0.010410915,  0.000554077,
Skewness,  -0.190526239, -0.028272550,  0.068255106,
Kurtosis,  -0.307057513,  0.002289299,  0.086636745,
AutoCor,    0.395871241, -0.322395282,  0.109146618,
Markow Autoregressive (lag 1) bivariate joint 3 asset model cond. params
uProb.,   0.679075152,  0.320924848,
Prob (1),   0.766263754,  0.233736246,
Prob (2),   0.494584568,  0.505415432,
Mean,     -0.002902698,  0.001949588,  0.000060238,
Cor (1),    1.000000000,  0.225546367,  0.327923542,
Cor (2),    0.225546367,  1.000000000,  0.917966606,
Cor (3),    0.327923542,  0.917966606,  1.000000000,
VCV (1),    0.000041524,  0.000013539,  0.000001227,
VCV (2),    0.000013539,  0.000086776,  0.000004965,
VCV (3),    0.000001227,  0.000004965,  0.000000337,
St.dev,     0.006443924,  0.009315386,  0.000580644,
Mean,      0.006600140, -0.003608645, -0.000090621,
Cor (1),    1.000000000, -0.433462576, -0.769291808,
Cor (2),   -0.433462576,  1.000000000, -0.482827683,
Cor (3),   -0.769291808, -0.482827683,  1.000000000,
VCV (1),    0.000017172, -0.000017199, -0.000001485,
VCV (2),   -0.000017199,  0.000091686, -0.000002154,
VCV (3),   -0.000001485, -0.000002154,  0.000000217,
St.dev,     0.004143887,  0.009575299,  0.000465925,
AutoCor,    0.453468052, -0.361742095,  0.106477713,

No.; 6; Score; 67.679838400351;
Markow Autoregressive (lag 1) bivariate joint 3 asset model uncond. params
uMean,      0.000133267,  0.000127029,  0.000037690,
VCV (1),    0.000070584, -0.000040198,  0.000000924,
VCV (2),   -0.000040198,  0.000071302, -0.000001930,
VCV (3),    0.000000924, -0.000001930,  0.000000177,
Cor (1),    1.000000000, -0.566638638,  0.261431406,
Cor (2),   -0.566638638,  1.000000000, -0.543506001,
Cor (3),    0.261431406, -0.543506001,  1.000000000,
St.dev,     0.008401425,  0.008444026,  0.000420642,
Skewness,   0.058815128,  0.631091313, -0.719500847,
Kurtosis,   0.002445309,  0.981862057, -0.789851859,
AutoCor,   -0.584929517, -0.467251604,  0.367962127,
Markow Autoregressive (lag 1) bivariate joint 3 asset model cond. params
uProb.,   0.711866180,  0.288133820,
Prob (1),   0.849276774,  0.150723226,
Prob (2),   0.372378248,  0.627621752,
Mean,      0.001365901, -0.002397876,  0.000282783,
Cor (1),    1.000000000, -0.628828379, -0.016026520,
Cor (2),   -0.628828379,  1.000000000, -0.853513498,
Cor (3),   -0.016026520, -0.853513498,  1.000000000,
VCV (1),    0.000042722, -0.000014700, -0.000000017,
VCV (2),   -0.000014700,  0.000012792, -0.000000505,
VCV (3),   -0.000000017, -0.000000505,  0.000000027,
St.dev,     0.006536239,  0.003576583,  0.000165441,
Mean,     -0.002912092,  0.006365084, -0.000567838,
Cor (1),    1.000000000, -0.557118958,  0.638446376,
Cor (2),   -0.557118958,  1.000000000,  0.045976494,
Cor (3),    0.638446376,  0.045976494,  1.000000000,
VCV (1),    0.000030026, -0.000023059,  0.000000580,
VCV (2),   -0.000023059,  0.000057054,  0.000000058,
VCV (3),    0.000000580,  0.000000058,  0.000000027,
St.dev,     0.005479555,  0.007553384,  0.000165774,
AutoCor,   -0.644571873, -0.734948224, -0.198731512,

No.; 7; Score; 87.798361433594;
Markow Autoregressive (lag 1) bivariate joint 3 asset model uncond. params
uMean,     -0.003926601, -0.003193386, -0.000143499,
VCV (1),    0.000026027,  0.000000299, -0.000000252,
VCV (2),    0.000000299,  0.000767086,  0.000000626,
VCV (3),   -0.000000252,  0.000000626,  0.000000196,
Cor (1),    1.000000000,  0.002118123, -0.111464463,
Cor (2),    0.002118123,  1.000000000,  0.050979392,
Cor (3),   -0.111464463,  0.050979392,  1.000000000,
St.dev,     0.005101648,  0.027696321,  0.000443107,
Skewness,   0.108790954,  0.000909335, -0.065960008,
Kurtosis,  -0.253700010,  0.003130530,  0.959184201,
AutoCor,   -0.512668813, -0.966505290,  0.393309391,
Markow Autoregressive (lag 1) bivariate joint 3 asset model cond. params
uProb.,   0.453296443,  0.546703557,
Prob (1),   0.379441816,  0.620558184,
Prob (2),   0.514532628,  0.485467372,
Mean,     -0.000501875, -0.002395615, -0.000124355,
Cor (1),    1.000000000,  0.559729004,  0.535222167,
Cor (2),    0.559729004,  1.000000000,  0.456428223,
Cor (3),    0.535222167,  0.456428223,  1.000000000,
VCV (1),    0.000008529,  0.000012722,  0.000000322,
VCV (2),    0.000012722,  0.000060568,  0.000000733,
VCV (3),    0.000000322,  0.000000733,  0.000000043,
St.dev,     0.002920391,  0.007782525,  0.000206217,
Mean,     -0.006766194, -0.003854854, -0.000159371,
Cor (1),    1.000000000, -0.712260034, -0.750419133,
Cor (2),   -0.712260034,  1.000000000,  0.285593262,
Cor (3),   -0.750419133,  0.285593262,  1.000000000,
VCV (1),    0.000006511, -0.000011578, -0.000000991,
VCV (2),   -0.000011578,  0.000040585,  0.000000941,
VCV (3),   -0.000000991,  0.000000941,  0.000000268,
St.dev,     0.002551579,  0.006370620,  0.000517324,
AutoCor,   -0.737910156, -0.967077637,  0.394128417,

No.; 8; Score; 128.03927709066;
Markow Autoregressive (lag 1) bivariate joint 3 asset model uncond. params
uMean,     -0.003666822,  0.006554726, -0.000425002,
VCV (1),    0.000094704,  0.000003744,  0.000001168,
VCV (2),    0.000003744,  0.000316781, -0.000000943,
VCV (3),    0.000001168, -0.000000943,  0.000000657,
Cor (1),    1.000000000,  0.021614733,  0.148038726,
Cor (2),    0.021614733,  1.000000000, -0.065355076,
Cor (3),    0.148038726, -0.065355076,  1.000000000,
St.dev,     0.009731588,  0.017798344,  0.000810488,
Skewness,  -0.447715182, -0.001718337, -0.116626449,
Kurtosis,  -0.257354334, -0.002372400,  0.122535797,
AutoCor,   -0.189165577, -0.916633235, -0.767982474,
Markow Autoregressive (lag 1) bivariate joint 3 asset model cond. params
uProb.,   0.552136487,  0.447863513,
Prob (1),   0.580486208,  0.419513792,
Prob (2),   0.517186295,  0.482813705,
Mean,     -0.009287642,  0.009556533, -0.000606640,
Cor (1),    1.000000000,  0.651525879,  0.047124023,
Cor (2),    0.651525879,  1.000000000, -0.211113281,
Cor (3),    0.047124023, -0.211113281,  1.000000000,
VCV (1),    0.000070417,  0.000029102,  0.000000213,
VCV (2),    0.000029102,  0.000028334, -0.000000605,
VCV (3),    0.000000213, -0.000000605,  0.000000290,
St.dev,     0.008391469,  0.005322934,  0.000538427,
Mean,      0.003262654,  0.002854028, -0.000201075,
Cor (1),    1.000000000, -0.006083276, -0.299186223,
Cor (2),   -0.006083276,  1.000000000,  0.389536133,
Cor (3),   -0.299186223,  0.389536133,  1.000000000,
VCV (1),    0.000021045, -0.000000149, -0.000000405,
VCV (2),   -0.000000149,  0.000028698,  0.000000615,
VCV (3),   -0.000000405,  0.000000615,  0.000000087,
St.dev,     0.004587447,  0.005357094,  0.000294787,
AutoCor,   -0.365534668, -0.952246094, -0.822851563,

No.; 9; Score; 168.28019274772;
Markow Autoregressive (lag 1) bivariate joint 3 asset model uncond. params
uMean,      0.000305590, -0.006072141,  0.000373711,
VCV (1),    0.000130462, -0.000006806, -0.000000042,
VCV (2),   -0.000006806,  0.000017083, -0.000001214,
VCV (3),   -0.000000042, -0.000001214,  0.000000473,
Cor (1),    1.000000000, -0.144176421, -0.005334125,
Cor (2),   -0.144176421,  1.000000000, -0.427050503,
Cor (3),   -0.005334125, -0.427050503,  1.000000000,
St.dev,     0.011421998,  0.004133127,  0.000687780,
Skewness,  -0.032684648,  0.005441623, -0.054429189,
Kurtosis,   0.227703005,  0.006349840,  0.038538073,
AutoCor,   -0.896730334,  0.191182719,  0.697184513,
Markow Autoregressive (lag 1) bivariate joint 3 asset model cond. params
uProb.,   0.186933856,  0.813066144,
Prob (1),   0.016147350,  0.983852650,
Prob (2),   0.226199763,  0.773800237,
Mean,     -0.001277193, -0.005718838,  0.000044460,
Cor (1),    1.000000000,  0.199194336, -0.098994141,
Cor (2),    0.199194336,  1.000000000, -0.106560058,
Cor (3),   -0.098994141, -0.106560058,  1.000000000,
VCV (1),    0.000076179,  0.000007373, -0.000000435,
VCV (2),    0.000007373,  0.000017983, -0.000000228,
VCV (3),   -0.000000435, -0.000000228,  0.000000254,
St.dev,     0.008728039,  0.004240618,  0.000503658,
Mean,      0.000669491, -0.006153369,  0.000449409,
Cor (1),    1.000000000, -0.786600854, -0.150687688,
Cor (2),   -0.786600854,  1.000000000, -0.695546875,
Cor (3),   -0.150687688, -0.695546875,  1.000000000,
VCV (1),    0.000012902, -0.000011326, -0.000000233,
VCV (2),   -0.000011326,  0.000016068, -0.000001198,
VCV (3),   -0.000000233, -0.000001198,  0.000000185,
St.dev,     0.003591988,  0.004008543,  0.000429824,
AutoCor,   -0.899775390,  0.191857910,  0.747644043,

No.; 10; Score; 208.52110840479;
Markow Autoregressive (lag 1) bivariate joint 3 asset model uncond. params
uMean,      0.001227075,  0.004518057,  0.000098921,
VCV (1),    0.000159651, -0.000000091, -0.000003903,
VCV (2),   -0.000000091,  0.000026233,  0.000000279,
VCV (3),   -0.000003903,  0.000000279,  0.000000976,
Cor (1),    1.000000000, -0.001410187, -0.312738622,
Cor (2),   -0.001410187,  1.000000000,  0.055178401,
Cor (3),   -0.312738622,  0.055178401,  1.000000000,
St.dev,     0.012635310,  0.005121864,  0.000987816,
Skewness,  -0.011552746,  0.048314280,  0.009079265,
Kurtosis,   0.104378148, -0.280815807,  0.031750493,
AutoCor,   -0.931563410, -0.298313882, -0.828792298,
Markow Autoregressive (lag 1) bivariate joint 3 asset model cond. params
uProb.,   0.224517380,  0.775482620,
Prob (1),   0.182179386,  0.817820614,
Prob (2),   0.236775058,  0.763224942,
Mean,      0.000244792, -0.000481366,  0.000024878,
Cor (1),    1.000000000, -0.041650390,  0.190556640,
Cor (2),   -0.041650390,  1.000000000,  0.714667969,
Cor (3),    0.190556640,  0.714667969,  1.000000000,
VCV (1),    0.000048985, -0.000000856,  0.000000534,
VCV (2),   -0.000000856,  0.000008614,  0.000000840,
VCV (3),    0.000000534,  0.000000840,  0.000000160,
St.dev,     0.006998923,  0.002935031,  0.000400549,
Mean,      0.001511465,  0.005965487,  0.000120358,
Cor (1),    1.000000000, -0.065897729, -0.627250188,
Cor (2),   -0.065897729,  1.000000000, -0.037282715,
Cor (3),   -0.627250188, -0.037282715,  1.000000000,
VCV (1),    0.000012396, -0.000000991, -0.000001296,
VCV (2),   -0.000000991,  0.000018255, -0.000000093,
VCV (3),   -0.000001296, -0.000000093,  0.000000344,
St.dev,     0.003520727,  0.004272605,  0.000586732,
AutoCor,   -0.933100586, -0.391149903, -0.830053711,

No.; 11; Score; 248.76202406185;
Markow Autoregressive (lag 1) bivariate joint 3 asset model uncond. params
uMean,      0.001185074,  0.004125282, -0.000110346,
VCV (1),    0.000067334, -0.000008227,  0.000002008,
VCV (2),   -0.000008227,  0.000066639, -0.000003852,
VCV (3),    0.000002008, -0.000003852,  0.000000486,
Cor (1),    1.000000000, -0.122819547,  0.351111171,
Cor (2),   -0.122819547,  1.000000000, -0.676915557,
Cor (3),    0.351111171, -0.676915557,  1.000000000,
St.dev,     0.008205723,  0.008163298,  0.000697100,
Skewness,   0.063792886,  0.212382795,  0.100127116,
Kurtosis,   0.293452153, -0.647112977, -0.077563157,
AutoCor,   -0.502392546, -0.432751491,  0.067750798,
Markow Autoregressive (lag 1) bivariate joint 3 asset model cond. params
uProb.,   0.524932824,  0.475067176,
Prob (1),   0.343710322,  0.656289678,
Prob (2),   0.725177430,  0.274822570,
Mean,      0.001730525,  0.009993580, -0.000422821,
Cor (1),    1.000000000, -0.067529297,  0.456303710,
Cor (2),   -0.067529297,  1.000000000, -0.725639648,
Cor (3),    0.456303710, -0.725639648,  1.000000000,
VCV (1),    0.000071440, -0.000003086,  0.000002228,
VCV (2),   -0.000003086,  0.000029240, -0.000002267,
VCV (3),    0.000002228, -0.000002267,  0.000000334,
St.dev,     0.008452205,  0.005407415,  0.000577741,
Mean,      0.000582370, -0.002358985,  0.000234928,
Cor (1),    1.000000000, -0.822977807,  0.808846004,
Cor (2),   -0.822977807,  1.000000000, -0.762868652,
Cor (3),    0.808846004, -0.762868652,  1.000000000,
VCV (1),    0.000026422, -0.000015112,  0.000002618,
VCV (2),   -0.000015112,  0.000012762, -0.000001716,
VCV (3),    0.000002618, -0.000001716,  0.000000396,
St.dev,     0.005140211,  0.003572382,  0.000629624,
AutoCor,   -0.502985839, -0.501013184,  0.195947265,

