Round No; 6; best result RLS; 8.0116133380864

;;;
No.; 1; Score; 8.0116133380864;
Markow Autoregressive (lag 1) bivariate joint 3 asset model uncond. params
uMean,      0.000300677,  0.000159251, -0.000177949,
VCV (1),    0.000014611,  0.000009511, -0.000000483,
VCV (2),    0.000009511,  0.000023894, -0.000005627,
VCV (3),   -0.000000483, -0.000005627,  0.000002112,
Cor (1),    1.000000000,  0.509020215, -0.086921618,
Cor (2),    0.509020215,  1.000000000, -0.792054111,
Cor (3),   -0.086921618, -0.792054111,  1.000000000,
St.dev,     0.003822411,  0.004888118,  0.001453287,
Skewness,  -0.745733698, -0.058528205,  3.335935327,
Kurtosis,   4.295721058, -0.022387730, 26.596798265,
AutoCor,    0.576234850,  0.066453907,  0.184896447,
Markow Autoregressive (lag 1) bivariate joint 3 asset model cond. params
uProb.,   0.984590133,  0.015409867,
Prob (1),   0.986482678,  0.013517322,
Prob (2),   0.863668886,  0.136331114,
Mean,      0.000442004,  0.000318528, -0.000282605,
Cor (1),    1.000000000,  0.632914740,  0.196196761,
Cor (2),    0.632914740,  1.000000000, -0.926819100,
Cor (3),    0.196196761, -0.926819100,  1.000000000,
VCV (1),    0.000007149,  0.000008026,  0.000000542,
VCV (2),    0.000008026,  0.000022494, -0.000004541,
VCV (3),    0.000000542, -0.000004541,  0.000001067,
St.dev,     0.002673764,  0.004742782,  0.001033124,
Mean,     -0.008729177, -0.010017510,  0.006508906,
Cor (1),    1.000000000, -0.663375587, -0.225878314,
Cor (2),   -0.663375587,  1.000000000, -0.269736496,
Cor (3),   -0.225878314, -0.269736496,  1.000000000,
VCV (1),    0.000076322, -0.000009199, -0.000008643,
VCV (2),   -0.000009199,  0.000002520, -0.000001875,
VCV (3),   -0.000008643, -0.000001875,  0.000019185,
St.dev,     0.008736244,  0.001587342,  0.004380097,
AutoCor,    0.619628336,  0.062352259,  0.215661270,

No.; 2; Score; 8.3792185759652;
Markow Autoregressive (lag 1) bivariate joint 3 asset model uncond. params
uMean,      0.000095092,  0.000129231, -0.000155768,
VCV (1),    0.000009210,  0.000000421,  0.000001258,
VCV (2),    0.000000421,  0.000029311,  0.000003794,
VCV (3),    0.000001258,  0.000003794,  0.000001654,
Cor (1),    1.000000000,  0.025612930,  0.322331835,
Cor (2),    0.025612930,  1.000000000,  0.544949927,
Cor (3),    0.322331835,  0.544949927,  1.000000000,
St.dev,     0.003034751,  0.005413963,  0.001286075,
Skewness,   0.025406897, -0.009567727, -1.191780817,
Kurtosis,   0.053853033,  0.009673250, 33.183540285,
AutoCor,    0.206365102,  0.222525438,  0.299964503,
Markow Autoregressive (lag 1) bivariate joint 3 asset model cond. params
uProb.,   0.988248643,  0.011751357,
Prob (1),   0.988850217,  0.011149783,
Prob (2),   0.937658318,  0.062341682,
Mean,      0.000067508,  0.000185583, -0.000138482,
Cor (1),    1.000000000,  0.030183066,  0.529572252,
Cor (2),    0.030183066,  1.000000000,  0.626031396,
Cor (3),    0.529572252,  0.626031396,  1.000000000,
VCV (1),    0.000008671,  0.000000467,  0.000001486,
VCV (2),    0.000000467,  0.000027567,  0.000003132,
VCV (3),    0.000001486,  0.000003132,  0.000000908,
St.dev,     0.002944716,  0.005250384,  0.000953000,
Mean,      0.002414814, -0.004609774, -0.001609472,
Cor (1),    1.000000000,  0.258680255, -0.774624695,
Cor (2),    0.258680255,  1.000000000,  0.815887080,
Cor (3),   -0.774624695,  0.815887080,  1.000000000,
VCV (1),    0.000015546,  0.000005508, -0.000021475,
VCV (2),    0.000005508,  0.000029165,  0.000030981,
VCV (3),   -0.000021475,  0.000030981,  0.000049440,
St.dev,     0.003942821,  0.005400481,  0.007031347,
AutoCor,    0.207450758,  0.224100809,  0.303802394,

No.; 3; Score; 9.2145842707688;
Markow Autoregressive (lag 1) bivariate joint 3 asset model uncond. params
uMean,      0.000453847,  0.000112824,  0.000068838,
VCV (1),    0.000010816, -0.000001499,  0.000003958,
VCV (2),   -0.000001499,  0.000025631, -0.000005660,
VCV (3),    0.000003958, -0.000005660,  0.000002669,
Cor (1),    1.000000000, -0.090050358,  0.736619670,
Cor (2),   -0.090050358,  1.000000000, -0.684314428,
Cor (3),    0.736619670, -0.684314428,  1.000000000,
St.dev,     0.003288759,  0.005062675,  0.001633679,
Skewness,   0.215112267,  0.073694221, -1.614768686,
Kurtosis,   5.066244086,  0.259388479, 27.511742245,
AutoCor,    0.101392951,  0.066483587,  0.283404874,
Markow Autoregressive (lag 1) bivariate joint 3 asset model cond. params
uProb.,   0.006408563,  0.993591437,
Prob (1),   0.088021630,  0.911978370,
Prob (2),   0.005882167,  0.994117833,
Mean,      0.002759149,  0.007330624, -0.003950248,
Cor (1),    1.000000000, -0.167611339,  0.925090574,
Cor (2),   -0.167611339,  1.000000000,  0.942875616,
Cor (3),    0.925090574,  0.942875616,  1.000000000,
VCV (1),    0.000180305, -0.000019670,  0.000115821,
VCV (2),   -0.000019670,  0.000076381,  0.000076833,
VCV (3),    0.000115821,  0.000076833,  0.000086936,
St.dev,     0.013427758,  0.008739603,  0.009323927,
Mean,      0.000438978,  0.000066270,  0.000094761,
Cor (1),    1.000000000, -0.095885208,  0.764905399,
Cor (2),   -0.095885208,  1.000000000, -0.881418140,
Cor (3),    0.764905399, -0.881418140,  1.000000000,
VCV (1),    0.000009577, -0.000001479,  0.000003177,
VCV (2),   -0.000001479,  0.000024853, -0.000005897,
VCV (3),    0.000003177, -0.000005897,  0.000001801,
St.dev,     0.003094602,  0.004985313,  0.001342043,
AutoCor,    0.101454163,  0.066275612,  0.291580790,

No.; 4; Score; 9.9147252735874;
Markow Autoregressive (lag 1) bivariate joint 3 asset model uncond. params
uMean,      0.000221119,  0.000200688,  0.000239593,
VCV (1),    0.000016362,  0.000000205,  0.000001555,
VCV (2),    0.000000205,  0.000029048, -0.000002807,
VCV (3),    0.000001555, -0.000002807,  0.000002649,
Cor (1),    1.000000000,  0.009395897,  0.236185440,
Cor (2),    0.009395897,  1.000000000, -0.319994902,
Cor (3),    0.236185440, -0.319994902,  1.000000000,
St.dev,     0.004045040,  0.005389639,  0.001627626,
Skewness,  -0.022874590, -0.021944755, -2.119851406,
Kurtosis,   0.035886799, -0.023145033, 28.679086386,
AutoCor,    0.879401861,  0.158463919,  0.526541331,
Markow Autoregressive (lag 1) bivariate joint 3 asset model cond. params
uProb.,   0.979118000,  0.020882000,
Prob (1),   0.990527634,  0.009472366,
Prob (2),   0.444141566,  0.555858434,
Mean,      0.000288654,  0.000100860,  0.000300544,
Cor (1),    1.000000000,  0.036174640,  0.247672056,
Cor (2),    0.036174640,  1.000000000, -0.502220398,
Cor (3),    0.247672056, -0.502220398,  1.000000000,
VCV (1),    0.000003483,  0.000000359,  0.000000447,
VCV (2),    0.000000359,  0.000028312, -0.000002584,
VCV (3),    0.000000447, -0.000002584,  0.000000935,
St.dev,     0.001866323,  0.005320867,  0.000967069,
Mean,     -0.002945476,  0.004881442, -0.002618273,
Cor (1),    1.000000000,  0.630977889,  0.885774450,
Cor (2),    0.630977889,  1.000000000,  0.502450696,
Cor (3),    0.885774450,  0.502450696,  1.000000000,
VCV (1),    0.000005943,  0.000004750,  0.000013992,
VCV (2),    0.000004750,  0.000009536,  0.000010054,
VCV (3),    0.000013992,  0.000010054,  0.000041986,
St.dev,     0.002437787,  0.003087987,  0.006479630,
AutoCor,    0.883812027,  0.152121765,  0.525144657,

No.; 5; Score; 10.025172163187;
Markow Autoregressive (lag 1) bivariate joint 3 asset model uncond. params
uMean,      0.000178962,  0.000380243, -0.000144643,
VCV (1),    0.000020873,  0.000016699,  0.000003439,
VCV (2),    0.000016699,  0.000030104, -0.000003246,
VCV (3),    0.000003439, -0.000003246,  0.000001831,
Cor (1),    1.000000000,  0.666152775,  0.556409808,
Cor (2),    0.666152775,  1.000000000, -0.437307386,
Cor (3),    0.556409808, -0.437307386,  1.000000000,
St.dev,     0.004568749,  0.005486711,  0.001352971,
Skewness,   0.010449869,  0.007916129, -1.417886266,
Kurtosis,   0.023961711,  0.018901856, 20.016293039,
AutoCor,    0.670270929,  0.128761709,  0.207974146,
Markow Autoregressive (lag 1) bivariate joint 3 asset model cond. params
uProb.,   0.998049869,  0.001950131,
Prob (1),   0.999265635,  0.000734365,
Prob (2),   0.375837729,  0.624162271,
Mean,      0.000166271,  0.000368774, -0.000129649,
Cor (1),    1.000000000,  0.831053274,  0.743164006,
Cor (2),    0.831053274,  1.000000000, -0.472232112,
Cor (3),    0.743164006, -0.472232112,  1.000000000,
VCV (1),    0.000011428,  0.000015258,  0.000003126,
VCV (2),    0.000015258,  0.000029496, -0.000003191,
VCV (3),    0.000003126, -0.000003191,  0.000001548,
St.dev,     0.003380553,  0.005431012,  0.001244136,
Mean,      0.006674269,  0.006249813, -0.007818331,
Cor (1),    1.000000000, -0.409574363, -0.146631490,
Cor (2),   -0.409574363,  1.000000000,  0.884425199,
Cor (3),   -0.146631490,  0.884425199,  1.000000000,
VCV (1),    0.000020182, -0.000013747, -0.000005058,
VCV (2),   -0.000013747,  0.000055818,  0.000050735,
VCV (3),   -0.000005058,  0.000050735,  0.000058955,
St.dev,     0.004492441,  0.007471172,  0.007678188,
AutoCor,    0.670456658,  0.127653085,  0.180109173,

No.; 6; Score; 12.55120159069;
Markow Autoregressive (lag 1) bivariate joint 3 asset model uncond. params
uMean,     -0.000039176,  0.000194734, -0.000117242,
VCV (1),    0.000011190,  0.000017417,  0.000001701,
VCV (2),    0.000017417,  0.000031225, -0.000001892,
VCV (3),    0.000001701, -0.000001892,  0.000001866,
Cor (1),    1.000000000,  0.931751090,  0.372352420,
Cor (2),    0.931751090,  1.000000000, -0.247894064,
Cor (3),    0.372352420, -0.247894064,  1.000000000,
St.dev,     0.003345122,  0.005587921,  0.001365928,
Skewness,   0.073926714, -0.002178547, -0.280005810,
Kurtosis,   0.151371246,  0.001410159,  7.436138495,
AutoCor,    0.106977388,  0.024606044,  0.604415414,
Markow Autoregressive (lag 1) bivariate joint 3 asset model cond. params
uProb.,   0.993920857,  0.006079143,
Prob (1),   0.994834214,  0.005165786,
Prob (2),   0.844589833,  0.155410167,
Mean,     -0.000088201,  0.000183525, -0.000110310,
Cor (1),    1.000000000,  0.954733079,  0.529243591,
Cor (2),    0.954733079,  1.000000000, -0.313828520,
Cor (3),    0.529243591, -0.313828520,  1.000000000,
VCV (1),    0.000010692,  0.000017455,  0.000001712,
VCV (2),    0.000017455,  0.000031261, -0.000001736,
VCV (3),    0.000001712, -0.000001736,  0.000000979,
St.dev,     0.003269865,  0.005591197,  0.000989468,
Mean,      0.007976265,  0.002027465, -0.001250678,
Cor (1),    1.000000000, -0.885689435, -0.570818566,
Cor (2),   -0.885689435,  1.000000000, -0.829143205,
Cor (3),   -0.570818566, -0.829143205,  1.000000000,
VCV (1),    0.000008211, -0.000010996, -0.000009423,
VCV (2),   -0.000010996,  0.000018771, -0.000020695,
VCV (3),   -0.000009423, -0.000020695,  0.000033189,
St.dev,     0.002865487,  0.004332498,  0.005761002,
AutoCor,    0.105402667,  0.024523327,  0.606336210,

No.; 7; Score; 13.12812774897;
Markow Autoregressive (lag 1) bivariate joint 3 asset model uncond. params
uMean,      0.000289588, -0.000137717,  0.000186930,
VCV (1),    0.000016926,  0.000002211,  0.000000402,
VCV (2),    0.000002211,  0.000029054, -0.000005147,
VCV (3),    0.000000402, -0.000005147,  0.000001314,
Cor (1),    1.000000000,  0.099711995,  0.085299707,
Cor (2),    0.099711995,  1.000000000, -0.833091920,
Cor (3),    0.085299707, -0.833091920,  1.000000000,
St.dev,     0.004114144,  0.005390192,  0.001146176,
Skewness,   0.318258297,  0.114840980,  0.528750918,
Kurtosis,   9.666461601,  0.032865191,  1.181529311,
AutoCor,    0.627219992,  0.078483625,  0.116195736,
Markow Autoregressive (lag 1) bivariate joint 3 asset model cond. params
uProb.,   0.909397094,  0.090602906,
Prob (1),   0.918321881,  0.081678119,
Prob (2),   0.819817455,  0.180182545,
Mean,      0.000205758,  0.000182256,  0.000040227,
Cor (1),    1.000000000,  0.508659919,  0.828106614,
Cor (2),    0.508659919,  1.000000000, -0.910010621,
Cor (3),    0.828106614, -0.910010621,  1.000000000,
VCV (1),    0.000001761,  0.000003699,  0.000001080,
VCV (2),    0.000003699,  0.000030031, -0.000004903,
VCV (3),    0.000001080, -0.000004903,  0.000000967,
St.dev,     0.001326982,  0.005480044,  0.000983231,
Mean,      0.001131008, -0.003349345,  0.001659416,
Cor (1),    1.000000000, -0.463835665, -0.549522290,
Cor (2),   -0.463835665,  1.000000000, -0.520081607,
Cor (3),   -0.549522290, -0.520081607,  1.000000000,
VCV (1),    0.000094659, -0.000011089, -0.000007999,
VCV (2),   -0.000011089,  0.000006039, -0.000001912,
VCV (3),   -0.000007999, -0.000001912,  0.000002239,
St.dev,     0.009729267,  0.002457351,  0.001496208,
AutoCor,    0.629432532,  0.077749532,  0.119677235,

No.; 8; Score; 13.2895087093;
Markow Autoregressive (lag 1) bivariate joint 3 asset model uncond. params
uMean,      0.000314288,  0.000188773,  0.000222216,
VCV (1),    0.000014522,  0.000005220,  0.000002498,
VCV (2),    0.000005220,  0.000027564, -0.000003836,
VCV (3),    0.000002498, -0.000003836,  0.000002635,
Cor (1),    1.000000000,  0.260931452,  0.403808931,
Cor (2),    0.260931452,  1.000000000, -0.450044256,
Cor (3),    0.403808931, -0.450044256,  1.000000000,
St.dev,     0.003810785,  0.005250142,  0.001623356,
Skewness,   0.783968427, -0.228682715, -1.069134219,
Kurtosis,   7.352206574,  1.114809091,  6.787384563,
AutoCor,    0.386745147,  0.648974935,  0.362734047,
Markow Autoregressive (lag 1) bivariate joint 3 asset model cond. params
uProb.,   0.984379370,  0.015620630,
Prob (1),   0.984279785,  0.015720215,
Prob (2),   0.990654958,  0.009345042,
Mean,      0.000223517,  0.000297928,  0.000288909,
Cor (1),    1.000000000,  0.295644197,  0.596505950,
Cor (2),    0.295644197,  1.000000000, -0.713486338,
Cor (3),    0.596505950, -0.713486338,  1.000000000,
VCV (1),    0.000009387,  0.000003330,  0.000002379,
VCV (2),    0.000003330,  0.000013511, -0.000003414,
VCV (3),    0.000002379, -0.000003414,  0.000001694,
St.dev,     0.003063867,  0.003675781,  0.001301705,
Mean,      0.006034472, -0.006689985, -0.003980660,
Cor (1),    1.000000000,  0.504694233,  0.078448553,
Cor (2),    0.504694233,  1.000000000,  0.338525354,
Cor (3),    0.078448553,  0.338525354,  1.000000000,
VCV (1),    0.000160488,  0.000064145,  0.000004337,
VCV (2),    0.000064145,  0.000100653,  0.000014823,
VCV (3),    0.000004337,  0.000014823,  0.000019049,
St.dev,     0.012668385,  0.010032609,  0.004364464,
AutoCor,    0.401322040,  0.667326869,  0.406667627,

No.; 9; Score; 13.407726175201;
Markow Autoregressive (lag 1) bivariate joint 3 asset model uncond. params
uMean,      0.000437513,  0.000356422,  0.000093167,
VCV (1),    0.000014575, -0.000006322, -0.000000642,
VCV (2),   -0.000006322,  0.000026605, -0.000006691,
VCV (3),   -0.000000642, -0.000006691,  0.000001812,
Cor (1),    1.000000000, -0.321042917, -0.124949931,
Cor (2),   -0.321042917,  1.000000000, -0.963691248,
Cor (3),   -0.124949931, -0.963691248,  1.000000000,
St.dev,     0.003817657,  0.005158024,  0.001346003,
Skewness,  -0.013629907,  1.143767910, -1.274968039,
Kurtosis,  -0.048886729,  3.831116953,  3.659304839,
AutoCor,    0.710134999,  0.266362223,  0.251015679,
Markow Autoregressive (lag 1) bivariate joint 3 asset model cond. params
uProb.,   0.890763834,  0.109236166,
Prob (1),   0.938430384,  0.061569616,
Prob (2),   0.502068034,  0.497931966,
Mean,      0.000049631, -0.000412947,  0.000345802,
Cor (1),    1.000000000, -0.883837400, -0.054392557,
Cor (2),   -0.883837400,  1.000000000, -0.985363034,
Cor (3),   -0.054392557, -0.985363034,  1.000000000,
VCV (1),    0.000006466, -0.000008370, -0.000000132,
VCV (2),   -0.000008370,  0.000013870, -0.000003491,
VCV (3),   -0.000000132, -0.000003491,  0.000000905,
St.dev,     0.002542885,  0.003724209,  0.000951331,
Mean,      0.003600485,  0.006630226, -0.001966934,
Cor (1),    1.000000000,  0.098496331,  0.624707008,
Cor (2),    0.098496331,  1.000000000, -0.932319077,
Cor (3),    0.624707008, -0.932319077,  1.000000000,
VCV (1),    0.000003398,  0.000001581,  0.000002324,
VCV (2),    0.000001581,  0.000075843, -0.000016387,
VCV (3),    0.000002324, -0.000016387,  0.000004073,
St.dev,     0.001843236,  0.008708766,  0.002018266,
AutoCor,    0.735299018,  0.228684016,  0.176310889,

No.; 10; Score; 13.756099229324;
Markow Autoregressive (lag 1) bivariate joint 3 asset model uncond. params
uMean,      0.000368920,  0.000001402, -0.000070846,
VCV (1),    0.000010908,  0.000001229,  0.000001329,
VCV (2),    0.000001229,  0.000028804, -0.000004675,
VCV (3),    0.000001329, -0.000004675,  0.000003046,
Cor (1),    1.000000000,  0.069317303,  0.230530822,
Cor (2),    0.069317303,  1.000000000, -0.499109836,
Cor (3),    0.230530822, -0.499109836,  1.000000000,
St.dev,     0.003302711,  0.005366918,  0.001745152,
Skewness,   0.016277333,  0.001419810,  0.893180786,
Kurtosis,   0.033470383, -0.005127271, 13.405251427,
AutoCor,    0.800309332,  0.207870408,  0.545909829,
Markow Autoregressive (lag 1) bivariate joint 3 asset model cond. params
uProb.,   0.997387351,  0.002612649,
Prob (1),   0.997609575,  0.002390425,
Prob (2),   0.912552859,  0.087447141,
Mean,      0.000354009,  0.000017670, -0.000086321,
Cor (1),    1.000000000,  0.107781492,  0.244606350,
Cor (2),    0.107781492,  1.000000000, -0.575597870,
Cor (3),    0.244606350, -0.575597870,  1.000000000,
VCV (1),    0.000003788,  0.000001100,  0.000000638,
VCV (2),    0.000001100,  0.000027503, -0.000004045,
VCV (3),    0.000000638, -0.000004045,  0.000001796,
St.dev,     0.001946186,  0.005244289,  0.001340157,
Mean,      0.006061054, -0.006208967,  0.005836621,
Cor (1),    1.000000000,  0.111687154,  0.727398669,
Cor (2),    0.111687154,  1.000000000, -0.120051680,
Cor (3),    0.727398669, -0.120051680,  1.000000000,
VCV (1),    0.000006002,  0.000000874,  0.000016931,
VCV (2),    0.000000874,  0.000010201, -0.000003643,
VCV (3),    0.000016931, -0.000003643,  0.000090264,
St.dev,     0.002449859,  0.003193973,  0.009500728,
AutoCor,    0.805918238,  0.208302698,  0.560170866,

No.; 11; Score; 14.195598525124;
Markow Autoregressive (lag 1) bivariate joint 3 asset model uncond. params
uMean,      0.000390123,  0.000443956, -0.000075978,
VCV (1),    0.000015102,  0.000011972, -0.000004131,
VCV (2),    0.000011972,  0.000023279,  0.000003820,
VCV (3),   -0.000004131,  0.000003820,  0.000001677,
Cor (1),    1.000000000,  0.638533654, -0.820874457,
Cor (2),    0.638533654,  1.000000000,  0.611370402,
Cor (3),   -0.820874457,  0.611370402,  1.000000000,
St.dev,     0.003886120,  0.004824783,  0.001294967,
Skewness,  -1.892341131,  0.008312362,  0.604966839,
Kurtosis,   6.647816720, -0.067172941,  1.660026041,
AutoCor,    0.188745335,  0.400611801,  0.158513248,
Markow Autoregressive (lag 1) bivariate joint 3 asset model cond. params
uProb.,   0.929470633,  0.070529367,
Prob (1),   0.949392327,  0.050607673,
Prob (2),   0.666932767,  0.333067233,
Mean,      0.001084247,  0.000815190, -0.000212951,
Cor (1),    1.000000000,  0.918965814, -0.837314641,
Cor (2),    0.918965814,  1.000000000,  0.873060290,
Cor (3),   -0.837314641,  0.873060290,  1.000000000,
VCV (1),    0.000006542,  0.000010093, -0.000002382,
VCV (2),    0.000010093,  0.000018437,  0.000004170,
VCV (3),   -0.000002382,  0.000004170,  0.000001237,
St.dev,     0.002557809,  0.004293853,  0.001112328,
Mean,     -0.008757375, -0.004448346,  0.001729109,
Cor (1),    1.000000000, -0.917079976, -0.768283346,
Cor (2),   -0.917079976,  1.000000000,  0.854852455,
Cor (3),   -0.768283346,  0.854852455,  1.000000000,
VCV (1),    0.000036068, -0.000017437, -0.000008736,
VCV (2),   -0.000017437,  0.000010024,  0.000005124,
VCV (3),   -0.000008736,  0.000005124,  0.000003585,
St.dev,     0.006005648,  0.003166026,  0.001893296,
AutoCor,    0.120759935,  0.410610092,  0.137078323,

No.; 12; Score; 14.28587155979;
Markow Autoregressive (lag 1) bivariate joint 3 asset model uncond. params
uMean,      0.000248446,  0.000246048,  0.000005869,
VCV (1),    0.000013747,  0.000002870, -0.000001195,
VCV (2),    0.000002870,  0.000026685, -0.000000150,
VCV (3),   -0.000001195, -0.000000150,  0.000002442,
Cor (1),    1.000000000,  0.149834747, -0.206271984,
Cor (2),    0.149834747,  1.000000000, -0.018587181,
Cor (3),   -0.206271984, -0.018587181,  1.000000000,
St.dev,     0.003707715,  0.005165746,  0.001562644,
Skewness,   1.652510187,  1.275542297, -1.162145347,
Kurtosis,   6.453441124, 14.295370809,  5.826121807,
AutoCor,    0.127897623,  0.378301125,  0.485666915,
Markow Autoregressive (lag 1) bivariate joint 3 asset model cond. params
uProb.,   0.926406232,  0.073593768,
Prob (1),   0.952238472,  0.047761528,
Prob (2),   0.601227229,  0.398772771,
Mean,     -0.000293896, -0.000051973,  0.000152566,
Cor (1),    1.000000000,  0.849924234, -0.316354779,
Cor (2),    0.849924234,  1.000000000, -0.342027949,
Cor (3),   -0.316354779, -0.342027949,  1.000000000,
VCV (1),    0.000007049,  0.000006129, -0.000000827,
VCV (2),    0.000006129,  0.000007377, -0.000000915,
VCV (3),   -0.000000827, -0.000000915,  0.000000969,
St.dev,     0.002655075,  0.002716113,  0.000984422,
Mean,      0.007075507,  0.003997557, -0.001840768,
Cor (1),    1.000000000, -0.669933065,  0.362471648,
Cor (2),   -0.669933065,  1.000000000,  0.354531170,
Cor (3),    0.362471648,  0.354531170,  1.000000000,
VCV (1),    0.000047463, -0.000066003,  0.000007838,
VCV (2),   -0.000066003,  0.000204508,  0.000015914,
VCV (3),    0.000007838,  0.000015914,  0.000009852,
St.dev,     0.006889340,  0.014300626,  0.003138861,
AutoCor,    0.045653893,  0.379494496,  0.502469478,

No.; 13; Score; 14.539003165239;
Markow Autoregressive (lag 1) bivariate joint 3 asset model uncond. params
uMean,      0.000285509,  0.000004344,  0.000186643,
VCV (1),    0.000014314, -0.000013847,  0.000000833,
VCV (2),   -0.000013847,  0.000030563,  0.000000744,
VCV (3),    0.000000833,  0.000000744,  0.000001337,
Cor (1),    1.000000000, -0.662011760,  0.190482773,
Cor (2),   -0.662011760,  1.000000000,  0.116441178,
Cor (3),    0.190482773,  0.116441178,  1.000000000,
St.dev,     0.003783435,  0.005528367,  0.001156281,
Skewness,  -0.455821020,  1.392382279,  0.146195960,
Kurtosis,  -0.728292048,  1.304393816,  0.542952803,
AutoCor,    0.408596774,  0.444519326,  0.105984303,
Markow Autoregressive (lag 1) bivariate joint 3 asset model cond. params
uProb.,   0.708419051,  0.291580949,
Prob (1),   0.870807167,  0.129192833,
Prob (2),   0.313884238,  0.686115762,
Mean,      0.002332711, -0.002844507,  0.000100023,
Cor (1),    1.000000000, -0.490126478,  0.857038063,
Cor (2),   -0.490126478,  1.000000000, -0.584662904,
Cor (3),    0.857038063, -0.584662904,  1.000000000,
VCV (1),    0.000004467, -0.000001793,  0.000001768,
VCV (2),   -0.000001793,  0.000002996, -0.000000988,
VCV (3),    0.000001768, -0.000000988,  0.000000953,
St.dev,     0.002113446,  0.001730993,  0.000976320,
Mean,     -0.004688328,  0.006925853,  0.000397095,
Cor (1),    1.000000000,  0.570252165,  0.007632590,
Cor (2),    0.570252165,  1.000000000,  0.372393502,
Cor (3),    0.007632590,  0.372393502,  1.000000000,
VCV (1),    0.000003292,  0.000005452,  0.000000020,
VCV (2),    0.000005452,  0.000027767,  0.000002885,
VCV (3),    0.000000020,  0.000002885,  0.000002162,
St.dev,     0.001814503,  0.005269488,  0.001470341,
AutoCor,    0.043072489,  0.240137936,  0.099750863,

No.; 14; Score; 14.564804641875;
Markow Autoregressive (lag 1) bivariate joint 3 asset model uncond. params
uMean,      0.000459378,  0.000038815,  0.000055234,
VCV (1),    0.000016199,  0.000005434, -0.000004488,
VCV (2),    0.000005434,  0.000025015,  0.000001861,
VCV (3),   -0.000004488,  0.000001861,  0.000003217,
Cor (1),    1.000000000,  0.269952595, -0.621738973,
Cor (2),    0.269952595,  1.000000000,  0.207429225,
Cor (3),   -0.621738973,  0.207429225,  1.000000000,
St.dev,     0.004024756,  0.005001472,  0.001793570,
Skewness,  -0.090515263, -2.040140905,  3.937030801,
Kurtosis,   0.060185832, 18.199904350, 30.025735951,
AutoCor,    0.528633386,  0.449738796,  0.256124673,
Markow Autoregressive (lag 1) bivariate joint 3 asset model cond. params
uProb.,   0.974310158,  0.025689842,
Prob (1),   0.978364472,  0.021635528,
Prob (2),   0.820546676,  0.179453324,
Mean,      0.000648842,  0.000309223, -0.000118811,
Cor (1),    1.000000000,  0.277670262, -0.730908319,
Cor (2),    0.277670262,  1.000000000,  0.597645063,
Cor (3),   -0.730908319,  0.597645063,  1.000000000,
VCV (1),    0.000010300,  0.000002799, -0.000002467,
VCV (2),    0.000002799,  0.000009865,  0.000001974,
VCV (3),   -0.000002467,  0.000001974,  0.000001106,
St.dev,     0.003209315,  0.003140852,  0.001051621,
Mean,     -0.006726216, -0.010216656,  0.006656045,
Cor (1),    1.000000000, -0.217025658, -0.930570910,
Cor (2),   -0.217025658,  1.000000000,  0.485174143,
Cor (3),   -0.930570910,  0.485174143,  1.000000000,
VCV (1),    0.000004084, -0.000007430, -0.000010434,
VCV (2),   -0.000007430,  0.000287029,  0.000045607,
VCV (3),   -0.000010434,  0.000045607,  0.000030785,
St.dev,     0.002020809,  0.016941916,  0.005548465,
AutoCor,    0.562658077,  0.486136629,  0.310735732,

No.; 15; Score; 14.798084978819;
Markow Autoregressive (lag 1) bivariate joint 3 asset model uncond. params
uMean,      0.000136879,  0.000226294,  0.000040139,
VCV (1),    0.000014923, -0.000000511, -0.000001415,
VCV (2),   -0.000000511,  0.000027042, -0.000003457,
VCV (3),   -0.000001415, -0.000003457,  0.000002054,
Cor (1),    1.000000000, -0.025415947, -0.255508484,
Cor (2),   -0.025415947,  1.000000000, -0.463740920,
Cor (3),   -0.255508484, -0.463740920,  1.000000000,
St.dev,     0.003863051,  0.005200223,  0.001433321,
Skewness,   0.103376004,  0.337043194, -0.751052410,
Kurtosis,  -0.060046060,  0.443806299,  2.879313206,
AutoCor,    0.089144669,  0.531403385,  0.461675530,
Markow Autoregressive (lag 1) bivariate joint 3 asset model cond. params
uProb.,   0.927637243,  0.072362757,
Prob (1),   0.939285889,  0.060714111,
Prob (2),   0.778310177,  0.221689823,
Mean,      0.000382733, -0.000443200,  0.000168322,
Cor (1),    1.000000000,  0.097195851, -0.434972404,
Cor (2),    0.097195851,  1.000000000, -0.471050980,
Cor (3),   -0.434972404, -0.471050980,  1.000000000,
VCV (1),    0.000014913,  0.000001340, -0.000001698,
VCV (2),    0.000001340,  0.000012738, -0.000001699,
VCV (3),   -0.000001698, -0.000001699,  0.000001021,
St.dev,     0.003861735,  0.003568970,  0.001010663,
Mean,     -0.003014796,  0.008808715, -0.001603074,
Cor (1),    1.000000000,  0.590816831, -0.545718726,
Cor (2),    0.590816831,  1.000000000, -0.063877463,
Cor (3),   -0.545718726, -0.063877463,  1.000000000,
VCV (1),    0.000002926,  0.000003742, -0.000002309,
VCV (2),    0.000003742,  0.000013707, -0.000000585,
VCV (3),   -0.000002309, -0.000000585,  0.000006116,
St.dev,     0.001710513,  0.003702315,  0.002473143,
AutoCor,    0.085210733,  0.631346530,  0.496027345,

No.; 16; Score; 14.84120081719;
Markow Autoregressive (lag 1) bivariate joint 3 asset model uncond. params
uMean,      0.000293061, -0.000021386,  0.000072305,
VCV (1),    0.000015318,  0.000002592,  0.000001360,
VCV (2),    0.000002592,  0.000028084,  0.000000550,
VCV (3),    0.000001360,  0.000000550,  0.000001644,
Cor (1),    1.000000000,  0.124976997,  0.271086370,
Cor (2),    0.124976997,  1.000000000,  0.080875684,
Cor (3),    0.271086370,  0.080875684,  1.000000000,
St.dev,     0.003913785,  0.005299469,  0.001282160,
Skewness,  -0.388572892,  0.715649425,  0.064107046,
Kurtosis,   1.129035711,  0.791404202,  0.175645295,
AutoCor,    0.135976978, -0.003641389,  0.011996890,
Markow Autoregressive (lag 1) bivariate joint 3 asset model cond. params
uProb.,   0.467433628,  0.532566372,
Prob (1),   0.010657880,  0.989342120,
Prob (2),   0.868345809,  0.131654191,
Mean,      0.001168250,  0.002557966, -0.000048181,
Cor (1),    1.000000000,  0.244897668,  0.254481571,
Cor (2),    0.244897668,  1.000000000,  0.694374723,
Cor (3),    0.254481571,  0.694374723,  1.000000000,
VCV (1),    0.000003736,  0.000002888,  0.000000540,
VCV (2),    0.000002888,  0.000037217,  0.000004648,
VCV (3),    0.000000540,  0.000004648,  0.000001204,
St.dev,     0.001932829,  0.006100600,  0.001097259,
Mean,     -0.000475093, -0.002285284,  0.000178055,
Cor (1),    1.000000000, -0.111643249,  0.328365782,
Cor (2),   -0.111643249,  1.000000000, -0.675054415,
Cor (3),    0.328365782, -0.675054415,  1.000000000,
VCV (1),    0.000023314, -0.000001434,  0.000002245,
VCV (2),   -0.000001434,  0.000007072, -0.000002542,
VCV (3),    0.000002245, -0.000002542,  0.000002005,
St.dev,     0.004828456,  0.002659325,  0.001416009,
AutoCor,    0.181589883,  0.220549083,  0.018790110,

No.; 17; Score; 14.860264653078;
Markow Autoregressive (lag 1) bivariate joint 3 asset model uncond. params
uMean,     -0.000245615,  0.000150167, -0.000296077,
VCV (1),    0.000014777,  0.000013359,  0.000001833,
VCV (2),    0.000013359,  0.000037921, -0.000003071,
VCV (3),    0.000001833, -0.000003071,  0.000002555,
Cor (1),    1.000000000,  0.564340037,  0.298343504,
Cor (2),    0.564340037,  1.000000000, -0.311984573,
Cor (3),    0.298343504, -0.311984573,  1.000000000,
St.dev,     0.003844070,  0.006157986,  0.001598471,
Skewness,   0.112055993, -0.000371798, -0.172019977,
Kurtosis,   0.739101195, -0.000690550, 11.063768607,
AutoCor,    0.243997088,  0.661509662,  0.007542800,
Markow Autoregressive (lag 1) bivariate joint 3 asset model cond. params
uProb.,   0.003449352,  0.996550648,
Prob (1),   0.216197880,  0.783802120,
Prob (2),   0.002712967,  0.997287033,
Mean,      0.005595097,  0.004315203, -0.001111627,
Cor (1),    1.000000000,  0.227150251,  0.091463683,
Cor (2),    0.227150251,  1.000000000, -0.245902433,
Cor (3),    0.091463683, -0.245902433,  1.000000000,
VCV (1),    0.000106210,  0.000008826,  0.000008705,
VCV (2),    0.000008826,  0.000014215, -0.000008562,
VCV (3),    0.000008705, -0.000008562,  0.000085294,
St.dev,     0.010305846,  0.003770271,  0.009235455,
Mean,     -0.000265831,  0.000135750, -0.000293254,
Cor (1),    1.000000000,  0.657831481,  0.329950720,
Cor (2),    0.657831481,  1.000000000, -0.435607271,
Cor (3),    0.329950720, -0.435607271,  1.000000000,
VCV (1),    0.000013464,  0.000011136,  0.000001823,
VCV (2),    0.000011136,  0.000021282, -0.000003025,
VCV (3),    0.000001823, -0.000003025,  0.000002266,
St.dev,     0.003669389,  0.004613224,  0.001505417,
AutoCor,    0.244242867,  0.662220202,  0.007357077,

No.; 18; Score; 14.929863585771;
Markow Autoregressive (lag 1) bivariate joint 3 asset model uncond. params
uMean,      0.000017917,  0.000234209,  0.000085958,
VCV (1),    0.000015217, -0.000000618,  0.000003166,
VCV (2),   -0.000000618,  0.000028978,  0.000000134,
VCV (3),    0.000003166,  0.000000134,  0.000001477,
Cor (1),    1.000000000, -0.029428301,  0.667789737,
Cor (2),   -0.029428301,  1.000000000,  0.020438640,
Cor (3),    0.667789737,  0.020438640,  1.000000000,
St.dev,     0.003900875,  0.005383091,  0.001215365,
Skewness,  -0.090105060,  0.224373377, -0.003258940,
Kurtosis,   0.523223989, -1.340070423,  0.236782752,
AutoCor,    0.445823451,  0.037595981,  0.060552982,
Markow Autoregressive (lag 1) bivariate joint 3 asset model cond. params
uProb.,   0.464884165,  0.535115835,
Prob (1),   0.461790820,  0.538209180,
Prob (2),   0.467571521,  0.532428479,
Mean,     -0.000289685, -0.004965711,  0.000091000,
Cor (1),    1.000000000,  0.610351898,  0.726632824,
Cor (2),    0.610351898,  1.000000000,  0.430474697,
Cor (3),    0.726632824,  0.430474697,  1.000000000,
VCV (1),    0.000018768,  0.000003181,  0.000003189,
VCV (2),    0.000003181,  0.000001447,  0.000000525,
VCV (3),    0.000003189,  0.000000525,  0.000001026,
St.dev,     0.004332258,  0.001202964,  0.001013134,
Mean,      0.000285148,  0.004751662,  0.000081578,
Cor (1),    1.000000000, -0.840061762,  0.873511907,
Cor (2),   -0.840061762,  1.000000000, -0.042125842,
Cor (3),    0.873511907, -0.042125842,  1.000000000,
VCV (1),    0.000006294, -0.000006139,  0.000002988,
VCV (2),   -0.000006139,  0.000008486, -0.000000167,
VCV (3),    0.000002988, -0.000000167,  0.000001858,
St.dev,     0.002508829,  0.002913062,  0.001363259,
AutoCor,    0.448276257,  0.223286421,  0.060553973,

No.; 19; Score; 14.981543742129;
Markow Autoregressive (lag 1) bivariate joint 3 asset model uncond. params
uMean,      0.000415738,  0.000110427,  0.000245253,
VCV (1),    0.000016744,  0.000004320,  0.000001663,
VCV (2),    0.000004320,  0.000025279,  0.000001288,
VCV (3),    0.000001663,  0.000001288,  0.000002550,
Cor (1),    1.000000000,  0.209958418,  0.254511790,
Cor (2),    0.209958418,  1.000000000,  0.160411928,
Cor (3),    0.254511790,  0.160411928,  1.000000000,
St.dev,     0.004091918,  0.005027831,  0.001596971,
Skewness,   0.029776028,  0.000031275,  1.606471690,
Kurtosis,   0.044455571,  0.000022900,  7.085831445,
AutoCor,    0.336187004,  0.802093744,  0.441764412,
Markow Autoregressive (lag 1) bivariate joint 3 asset model cond. params
uProb.,   0.979766228,  0.020233772,
Prob (1),   0.986003565,  0.013996435,
Prob (2),   0.677739904,  0.322260096,
Mean,      0.000341631,  0.000106863,  0.000109781,
Cor (1),    1.000000000,  0.294287194,  0.202390181,
Cor (2),    0.294287194,  1.000000000,  0.213603136,
Cor (3),    0.202390181,  0.213603136,  1.000000000,
VCV (1),    0.000014511,  0.000003365,  0.000000839,
VCV (2),    0.000003365,  0.000009009,  0.000000698,
VCV (3),    0.000000839,  0.000000698,  0.000001185,
St.dev,     0.003809384,  0.003001495,  0.001088643,
Mean,      0.004004147,  0.000283028,  0.006805166,
Cor (1),    1.000000000, -0.562225263,  0.962998087,
Cor (2),   -0.562225263,  1.000000000,  0.553622820,
Cor (3),    0.962998087,  0.553622820,  1.000000000,
VCV (1),    0.000019410, -0.000007556,  0.000007480,
VCV (2),   -0.000007556,  0.000009305,  0.000002977,
VCV (3),    0.000007480,  0.000002977,  0.000003108,
St.dev,     0.004405628,  0.003050439,  0.001763052,
AutoCor,    0.336637639,  0.802105763,  0.513164828,

No.; 20; Score; 14.989532693261;
Markow Autoregressive (lag 1) bivariate joint 3 asset model uncond. params
uMean,      0.000071743, -0.000003496,  0.000214407,
VCV (1),    0.000019779,  0.000019778,  0.000003337,
VCV (2),    0.000019778,  0.000037214,  0.000005323,
VCV (3),    0.000003337,  0.000005323,  0.000002726,
Cor (1),    1.000000000,  0.729001988,  0.454512799,
Cor (2),    0.729001988,  1.000000000,  0.528555875,
Cor (3),    0.454512799,  0.528555875,  1.000000000,
St.dev,     0.004447303,  0.006100336,  0.001650951,
Skewness,  -0.000005817,  0.101810013, -0.120311882,
Kurtosis,   0.000298060,  0.574364394, 17.078997777,
AutoCor,    0.262775573,  0.422623676,  0.082668028,
Markow Autoregressive (lag 1) bivariate joint 3 asset model cond. params
uProb.,   0.993818450,  0.006181550,
Prob (1),   0.996133847,  0.003866153,
Prob (2),   0.621568051,  0.378431949,
Mean,      0.000071675, -0.000047330,  0.000216598,
Cor (1),    1.000000000,  0.754210738,  0.487511138,
Cor (2),    0.754210738,  1.000000000,  0.620863570,
Cor (3),    0.487511138,  0.620863570,  1.000000000,
VCV (1),    0.000018428,  0.000017548,  0.000003101,
VCV (2),    0.000017548,  0.000029376,  0.000004986,
VCV (3),    0.000003101,  0.000004986,  0.000002195,
St.dev,     0.004292773,  0.005420009,  0.001481710,
Mean,      0.000082734,  0.007043814, -0.000137799,
Cor (1),    1.000000000,  0.421269474,  0.804189663,
Cor (2),    0.421269474,  1.000000000,  0.258592108,
Cor (3),    0.804189663,  0.258592108,  1.000000000,
VCV (1),    0.000015983,  0.000022528,  0.000029611,
VCV (2),    0.000022528,  0.000178930,  0.000031859,
VCV (3),    0.000029611,  0.000031859,  0.000084831,
St.dev,     0.003997825,  0.013376456,  0.009210383,
AutoCor,    0.262775568,  0.423025943,  0.082585372,

No.; 21; Score; 15.229547158831;
Markow Autoregressive (lag 1) bivariate joint 3 asset model uncond. params
uMean,      0.000006891, -0.000063901, -0.000012154,
VCV (1),    0.000012421,  0.000014598,  0.000001870,
VCV (2),    0.000014598,  0.000023330,  0.000005165,
VCV (3),    0.000001870,  0.000005165,  0.000001695,
Cor (1),    1.000000000,  0.857569968,  0.407594047,
Cor (2),    0.857569968,  1.000000000,  0.821369764,
Cor (3),    0.407594047,  0.821369764,  1.000000000,
St.dev,     0.003524360,  0.004830078,  0.001301829,
Skewness,  -1.446642119, -0.029457390, -0.566174223,
Kurtosis,   2.808508120, -0.496111742,  1.002873133,
AutoCor,    0.317004920,  0.137647336,  0.416566703,
Markow Autoregressive (lag 1) bivariate joint 3 asset model cond. params
uProb.,   0.862931493,  0.137068507,
Prob (1),   0.901789233,  0.098210767,
Prob (2),   0.618297855,  0.381702145,
Mean,      0.001044608,  0.001043717,  0.000230627,
Cor (1),    1.000000000,  0.926363907,  0.561296776,
Cor (2),    0.926363907,  1.000000000,  0.937834017,
Cor (3),    0.561296776,  0.937834017,  1.000000000,
VCV (1),    0.000003639,  0.000007402,  0.000001012,
VCV (2),    0.000007402,  0.000017544,  0.000003711,
VCV (3),    0.000001012,  0.000003711,  0.000000892,
St.dev,     0.001907699,  0.004188516,  0.000944701,
Mean,     -0.006526183, -0.007037040, -0.001540610,
Cor (1),    1.000000000,  0.950592648, -0.897795143,
Cor (2),    0.950592648,  1.000000000,  0.496175651,
Cor (3),   -0.897795143,  0.496175651,  1.000000000,
VCV (1),    0.000012994,  0.000005855, -0.000004633,
VCV (2),    0.000005855,  0.000002920,  0.000001214,
VCV (3),   -0.000004633,  0.000001214,  0.000002049,
St.dev,     0.003604666,  0.001708741,  0.001431472,
AutoCor,    0.357277726,  0.065467992,  0.453872994,

No.; 22; Score; 15.368151374888;
Markow Autoregressive (lag 1) bivariate joint 3 asset model uncond. params
uMean,      0.000336559,  0.000017815, -0.000168072,
VCV (1),    0.000014223,  0.000002413,  0.000000156,
VCV (2),    0.000002413,  0.000027653, -0.000001741,
VCV (3),    0.000000156, -0.000001741,  0.000001906,
Cor (1),    1.000000000,  0.121653067,  0.029947812,
Cor (2),    0.121653067,  1.000000000, -0.239898999,
Cor (3),    0.029947812, -0.239898999,  1.000000000,
St.dev,     0.003771337,  0.005258589,  0.001380410,
Skewness,   0.045983351,  1.103021749,  0.508163073,
Kurtosis,  -0.001340142,  2.148229595,  1.114485856,
AutoCor,    0.705732543, -0.001916515,  0.252435720,
Markow Autoregressive (lag 1) bivariate joint 3 asset model cond. params
uProb.,   0.770192260,  0.229807740,
Prob (1),   0.708120038,  0.291879962,
Prob (2),   0.978225048,  0.021774952,
Mean,      0.000804036, -0.001532852, -0.000406039,
Cor (1),    1.000000000,  0.664873431, -0.002159097,
Cor (2),    0.664873431,  1.000000000, -0.055876358,
Cor (3),   -0.002159097, -0.055876358,  1.000000000,
VCV (1),    0.000006529,  0.000005618, -0.000000006,
VCV (2),    0.000005618,  0.000010934, -0.000000187,
VCV (3),   -0.000000006, -0.000000187,  0.000001023,
St.dev,     0.002555212,  0.003306684,  0.001011413,
Mean,     -0.001230173,  0.005214817,  0.000629469,
Cor (1),    1.000000000,  0.042462023,  0.560714772,
Cor (2),    0.042462023,  1.000000000, -0.946387139,
Cor (3),    0.560714772, -0.946387139,  1.000000000,
VCV (1),    0.000003029,  0.000000510,  0.000001778,
VCV (2),    0.000000510,  0.000047615, -0.000011897,
VCV (3),    0.000001778, -0.000011897,  0.000003319,
St.dev,     0.001740479,  0.006900380,  0.001821814,
AutoCor,    0.758711354,  0.108387083,  0.310237179,

No.; 23; Score; 15.427108925116;
