Round No; 9; best result RLS; 4.6679985827836

;;;
No.; 1; Score; 4.6679985827836;
Markow Autoregressive (lag 1) bivariate joint 3 asset model uncond. params
uMean,      0.000209628,  0.000137063,  0.000093965,
VCV (1),    0.000013060,  0.000001103,  0.000001798,
VCV (2),    0.000001103,  0.000028164,  0.000003578,
VCV (3),    0.000001798,  0.000003578,  0.000001220,
Cor (1),    1.000000000,  0.057511034,  0.450373259,
Cor (2),    0.057511034,  1.000000000,  0.610222755,
Cor (3),    0.450373259,  0.610222755,  1.000000000,
St.dev,     0.003613908,  0.005306930,  0.001104741,
Skewness,   0.005323089, -0.006257844, -1.076127692,
Kurtosis,   0.008279873,  0.009023320, 24.085027899,
AutoCor,    0.204698202,  0.221415457,  0.297532852,
Markow Autoregressive (lag 1) bivariate joint 3 asset model cond. params
uProb.,   0.995341599,  0.004658401,
Prob (1),   0.995536797,  0.004463203,
Prob (2),   0.953634303,  0.046365697,
Mean,      0.000197723,  0.000158945,  0.000104176,
Cor (1),    1.000000000,  0.059387099,  0.549881643,
Cor (2),    0.059387099,  1.000000000,  0.653186740,
Cor (3),    0.549881643,  0.653186740,  1.000000000,
VCV (1),    0.000012459,  0.000001082,  0.000001816,
VCV (2),    0.000001082,  0.000026645,  0.000003154,
VCV (3),    0.000001816,  0.000003154,  0.000000875,
St.dev,     0.003529761,  0.005161849,  0.000935537,
Mean,      0.002753290, -0.004538486, -0.002087837,
Cor (1),    1.000000000,  0.256527822, -0.726700842,
Cor (2),    0.256527822,  1.000000000,  0.830047515,
Cor (3),   -0.726700842,  0.830047515,  1.000000000,
VCV (1),    0.000017362,  0.000006201, -0.000020692,
VCV (2),    0.000006201,  0.000033658,  0.000032907,
VCV (3),   -0.000020692,  0.000032907,  0.000046698,
St.dev,     0.004166720,  0.005801509,  0.006833561,
AutoCor,    0.205076540,  0.222069971,  0.302286074,

No.; 2; Score; 5.7210215684948;
Markow Autoregressive (lag 1) bivariate joint 3 asset model uncond. params
uMean,      0.000338135,  0.000266635, -0.000029105,
VCV (1),    0.000017595,  0.000014755,  0.000002639,
VCV (2),    0.000014755,  0.000027806, -0.000002457,
VCV (3),    0.000002639, -0.000002457,  0.000001294,
Cor (1),    1.000000000,  0.667072001,  0.553141838,
Cor (2),    0.667072001,  1.000000000, -0.409671628,
Cor (3),    0.553141838, -0.409671628,  1.000000000,
St.dev,     0.004194614,  0.005273147,  0.001137449,
Skewness,   0.009620164,  0.005871360, -1.524324490,
Kurtosis,   0.026584590,  0.015627557, 26.435350095,
AutoCor,    0.675204047,  0.117442670,  0.198773678,
Markow Autoregressive (lag 1) bivariate joint 3 asset model cond. params
uProb.,   0.998790781,  0.001209219,
Prob (1),   0.999595467,  0.000404533,
Prob (2),   0.334136432,  0.665863568,
Mean,      0.000330380,  0.000259820, -0.000019967,
Cor (1),    1.000000000,  0.841416445,  0.734400766,
Cor (2),    0.841416445,  1.000000000, -0.439342933,
Cor (3),    0.734400766, -0.439342933,  1.000000000,
VCV (1),    0.000009531,  0.000013586,  0.000002393,
VCV (2),    0.000013586,  0.000027352, -0.000002425,
VCV (3),    0.000002393, -0.000002425,  0.000001114,
St.dev,     0.003087299,  0.005229893,  0.001055357,
Mean,      0.006743385,  0.005895387, -0.007577276,
Cor (1),    1.000000000, -0.402178576, -0.146374363,
Cor (2),   -0.402178576,  1.000000000,  0.880896654,
Cor (3),   -0.146374363,  0.880896654,  1.000000000,
VCV (1),    0.000021290, -0.000014213, -0.000005352,
VCV (2),   -0.000014213,  0.000058665,  0.000053468,
VCV (3),   -0.000005352,  0.000053468,  0.000062799,
St.dev,     0.004614116,  0.007659337,  0.007924581,
AutoCor,    0.675231636,  0.116685649,  0.172491032,

No.; 3; Score; 5.7864403420266;
Markow Autoregressive (lag 1) bivariate joint 3 asset model uncond. params
uMean,      0.000242097,  0.000199862,  0.000102081,
VCV (1),    0.000014031,  0.000000703,  0.000001016,
VCV (2),    0.000000703,  0.000028243, -0.000002742,
VCV (3),    0.000001016, -0.000002742,  0.000001517,
Cor (1),    1.000000000,  0.035312112,  0.220175211,
Cor (2),    0.035312112,  1.000000000, -0.418839296,
Cor (3),    0.220175211, -0.418839296,  1.000000000,
St.dev,     0.003745812,  0.005314445,  0.001231773,
Skewness,  -0.009638541, -0.004340339, -1.052934737,
Kurtosis,   0.022395107, -0.004963113, 24.087798219,
AutoCor,    0.874062071,  0.155084874,  0.517363889,
Markow Autoregressive (lag 1) bivariate joint 3 asset model cond. params
uProb.,   0.995615651,  0.004384349,
Prob (1),   0.998153365,  0.001846635,
Prob (2),   0.419341210,  0.580658790,
Mean,      0.000256726,  0.000179309,  0.000113100,
Cor (1),    1.000000000,  0.068482489,  0.273873725,
Cor (2),    0.068482489,  1.000000000, -0.515362740,
Cor (3),    0.273873725, -0.515362740,  1.000000000,
VCV (1),    0.000003256,  0.000000649,  0.000000463,
VCV (2),    0.000000649,  0.000027560, -0.000002536,
VCV (3),    0.000000463, -0.000002536,  0.000000879,
St.dev,     0.001804348,  0.005249787,  0.000937409,
Mean,     -0.003079710,  0.004867070, -0.002400191,
Cor (1),    1.000000000,  0.566933597,  0.884838948,
Cor (2),    0.566933597,  1.000000000,  0.493815752,
Cor (3),    0.884838948,  0.493815752,  1.000000000,
VCV (1),    0.000007663,  0.000004946,  0.000017265,
VCV (2),    0.000004946,  0.000009931,  0.000010969,
VCV (3),    0.000017265,  0.000010969,  0.000049682,
St.dev,     0.002768241,  0.003151390,  0.007048516,
AutoCor,    0.875088117,  0.153640845,  0.516226535,

No.; 4; Score; 6.6689067909525;
Markow Autoregressive (lag 1) bivariate joint 3 asset model uncond. params
uMean,      0.000368800,  0.000118721,  0.000143972,
VCV (1),    0.000013404,  0.000004582,  0.000001681,
VCV (2),    0.000004582,  0.000026989, -0.000002576,
VCV (3),    0.000001681, -0.000002576,  0.000001743,
Cor (1),    1.000000000,  0.240896338,  0.347743286,
Cor (2),    0.240896338,  1.000000000, -0.375474310,
Cor (3),    0.347743286, -0.375474310,  1.000000000,
St.dev,     0.003661166,  0.005195100,  0.001320385,
Skewness,   0.751589041, -0.263894142, -2.022295303,
Kurtosis,   7.380702573,  1.310629144, 16.662551620,
AutoCor,    0.371349191,  0.647668064,  0.336129011,
Markow Autoregressive (lag 1) bivariate joint 3 asset model cond. params
uProb.,   0.984816407,  0.015183593,
Prob (1),   0.984701087,  0.015298913,
Prob (2),   0.992296156,  0.007703844,
Mean,      0.000287514,  0.000233637,  0.000206834,
Cor (1),    1.000000000,  0.288137264,  0.584522843,
Cor (2),    0.288137264,  1.000000000, -0.713554891,
Cor (3),    0.584522843, -0.713554891,  1.000000000,
VCV (1),    0.000008870,  0.000003100,  0.000001704,
VCV (2),    0.000003100,  0.000013053, -0.000002523,
VCV (3),    0.000001704, -0.000002523,  0.000000958,
St.dev,     0.002978227,  0.003612929,  0.000978686,
Mean,      0.005641057, -0.007334838, -0.003933276,
Cor (1),    1.000000000,  0.418545444,  0.034256030,
Cor (2),    0.418545444,  1.000000000,  0.351113233,
Cor (3),    0.034256030,  0.351113233,  1.000000000,
VCV (1),    0.000153352,  0.000052814,  0.000001921,
VCV (2),    0.000052814,  0.000103828,  0.000016201,
VCV (3),    0.000001921,  0.000016201,  0.000020507,
St.dev,     0.012383543,  0.010189608,  0.004528455,
AutoCor,    0.383865061,  0.669145427,  0.395369603,

No.; 5; Score; 7.0394641685952;
Markow Autoregressive (lag 1) bivariate joint 3 asset model uncond. params
uMean,      0.000225798,  0.000147488, -0.000110928,
VCV (1),    0.000012716,  0.000001741,  0.000001114,
VCV (2),    0.000001741,  0.000026491, -0.000003436,
VCV (3),    0.000001114, -0.000003436,  0.000001852,
Cor (1),    1.000000000,  0.094839876,  0.229639790,
Cor (2),    0.094839876,  1.000000000, -0.490530890,
Cor (3),    0.229639790, -0.490530890,  1.000000000,
St.dev,     0.003565890,  0.005146927,  0.001360778,
Skewness,   0.012995338,  0.000863960,  1.420495605,
Kurtosis,   0.025618607, -0.004032293, 26.291409935,
AutoCor,    0.799042469,  0.185471277,  0.490534923,
Markow Autoregressive (lag 1) bivariate joint 3 asset model cond. params
uProb.,   0.997809653,  0.002190347,
Prob (1),   0.997980849,  0.002019151,
Prob (2),   0.919821375,  0.080178625,
Mean,      0.000212311,  0.000160733, -0.000123284,
Cor (1),    1.000000000,  0.145292659,  0.256472870,
Cor (2),    0.145292659,  1.000000000, -0.564247168,
Cor (3),    0.256472870, -0.564247168,  1.000000000,
VCV (1),    0.000004467,  0.000001552,  0.000000579,
VCV (2),    0.000001552,  0.000025532, -0.000003044,
VCV (3),    0.000000579, -0.000003044,  0.000001140,
St.dev,     0.002113573,  0.005052943,  0.001067563,
Mean,      0.006369729, -0.005886163,  0.005517908,
Cor (1),    1.000000000,  0.090573975,  0.744547753,
Cor (2),    0.090573975,  1.000000000, -0.115840537,
Cor (3),    0.744547753, -0.115840537,  1.000000000,
VCV (1),    0.000006378,  0.000000740,  0.000017399,
VCV (2),    0.000000740,  0.000010467, -0.000003468,
VCV (3),    0.000017399, -0.000003468,  0.000085621,
St.dev,     0.002525514,  0.003235263,  0.009253150,
AutoCor,    0.803770999,  0.185795982,  0.506628300,

No.; 6; Score; 7.8841528266272;
Markow Autoregressive (lag 1) bivariate joint 3 asset model uncond. params
uMean,      0.000146104,  0.000190706,  0.000137817,
VCV (1),    0.000011791, -0.000001308,  0.000003763,
VCV (2),   -0.000001308,  0.000027918, -0.000005778,
VCV (3),    0.000003763, -0.000005778,  0.000002341,
Cor (1),    1.000000000, -0.072078500,  0.716158470,
Cor (2),   -0.072078500,  1.000000000, -0.714725800,
Cor (3),    0.716158470, -0.714725800,  1.000000000,
St.dev,     0.003433790,  0.005283751,  0.001530091,
Skewness,   0.150924567,  0.042954876, -1.363891549,
Kurtosis,   2.943895872,  0.142607066, 23.890339713,
AutoCor,    0.100938255,  0.068642087,  0.257063961,
Markow Autoregressive (lag 1) bivariate joint 3 asset model cond. params
uProb.,   0.004367412,  0.995632588,
Prob (1),   0.071942410,  0.928057590,
Prob (2),   0.004070990,  0.995929010,
Mean,      0.002852264,  0.007421077, -0.004031415,
Cor (1),    1.000000000, -0.224527550,  0.909611327,
Cor (2),   -0.224527550,  1.000000000,  0.934048596,
Cor (3),    0.909611327,  0.934048596,  1.000000000,
VCV (1),    0.000180677, -0.000026446,  0.000112721,
VCV (2),   -0.000026446,  0.000076786,  0.000075459,
VCV (3),    0.000112721,  0.000075459,  0.000084996,
St.dev,     0.013441613,  0.008762787,  0.009219314,
Mean,      0.000134233,  0.000158989,  0.000156106,
Cor (1),    1.000000000, -0.073804448,  0.741471508,
Cor (2),   -0.073804448,  1.000000000, -0.854257028,
Cor (3),    0.741471508, -0.854257028,  1.000000000,
VCV (1),    0.000010897, -0.000001274,  0.000003233,
VCV (2),   -0.000001274,  0.000027342, -0.000005899,
VCV (3),    0.000003233, -0.000005899,  0.000001744,
St.dev,     0.003301102,  0.005228984,  0.001320665,
AutoCor,    0.101028591,  0.068648469,  0.263433188,

No.; 7; Score; 8.0116133380864;
Markow Autoregressive (lag 1) bivariate joint 3 asset model uncond. params
uMean,      0.000300677,  0.000159251, -0.000177949,
VCV (1),    0.000014611,  0.000009511, -0.000000483,
VCV (2),    0.000009511,  0.000023894, -0.000005627,
VCV (3),   -0.000000483, -0.000005627,  0.000002112,
Cor (1),    1.000000000,  0.509020215, -0.086921618,
Cor (2),    0.509020215,  1.000000000, -0.792054111,
Cor (3),   -0.086921618, -0.792054111,  1.000000000,
St.dev,     0.003822411,  0.004888118,  0.001453287,
Skewness,  -0.745733698, -0.058528205,  3.335935327,
Kurtosis,   4.295721058, -0.022387730, 26.596798265,
AutoCor,    0.576234850,  0.066453907,  0.184896447,
Markow Autoregressive (lag 1) bivariate joint 3 asset model cond. params
uProb.,   0.984590133,  0.015409867,
Prob (1),   0.986482678,  0.013517322,
Prob (2),   0.863668886,  0.136331114,
Mean,      0.000442004,  0.000318528, -0.000282605,
Cor (1),    1.000000000,  0.632914740,  0.196196761,
Cor (2),    0.632914740,  1.000000000, -0.926819100,
Cor (3),    0.196196761, -0.926819100,  1.000000000,
VCV (1),    0.000007149,  0.000008026,  0.000000542,
VCV (2),    0.000008026,  0.000022494, -0.000004541,
VCV (3),    0.000000542, -0.000004541,  0.000001067,
St.dev,     0.002673764,  0.004742782,  0.001033124,
Mean,     -0.008729177, -0.010017510,  0.006508906,
Cor (1),    1.000000000, -0.663375587, -0.225878314,
Cor (2),   -0.663375587,  1.000000000, -0.269736496,
Cor (3),   -0.225878314, -0.269736496,  1.000000000,
VCV (1),    0.000076322, -0.000009199, -0.000008643,
VCV (2),   -0.000009199,  0.000002520, -0.000001875,
VCV (3),   -0.000008643, -0.000001875,  0.000019185,
St.dev,     0.008736244,  0.001587342,  0.004380097,
AutoCor,    0.619628336,  0.062352259,  0.215661270,

No.; 8; Score; 9.0346858521425;
Markow Autoregressive (lag 1) bivariate joint 3 asset model uncond. params
uMean,      0.000187248,  0.000221513,  0.000262181,
VCV (1),    0.000014040,  0.000018696,  0.000001631,
VCV (2),    0.000018696,  0.000029779, -0.000001864,
VCV (3),    0.000001631, -0.000001864,  0.000002028,
Cor (1),    1.000000000,  0.914364873,  0.305643536,
Cor (2),    0.914364873,  1.000000000, -0.239806434,
Cor (3),    0.305643536, -0.239806434,  1.000000000,
St.dev,     0.003746951,  0.005456995,  0.001424133,
Skewness,   0.081429097, -0.006865515, -0.683653083,
Kurtosis,   0.120519983,  0.001992743, 14.970375252,
AutoCor,    0.090524788,  0.029517348,  0.592637727,
Markow Autoregressive (lag 1) bivariate joint 3 asset model cond. params
uProb.,   0.988573050,  0.011426950,
Prob (1),   0.990265501,  0.009734499,
Prob (2),   0.842155047,  0.157844953,
Mean,      0.000096967,  0.000192623,  0.000279391,
Cor (1),    1.000000000,  0.941858617,  0.531397270,
Cor (2),    0.941858617,  1.000000000, -0.310376028,
Cor (3),    0.531397270, -0.310376028,  1.000000000,
VCV (1),    0.000013282,  0.000018755,  0.000001812,
VCV (2),    0.000018755,  0.000029854, -0.000001586,
VCV (3),    0.000001812, -0.000001586,  0.000000875,
St.dev,     0.003644436,  0.005463861,  0.000935404,
Mean,      0.007997700,  0.002720832, -0.001226670,
Cor (1),    1.000000000, -0.893889790, -0.568146950,
Cor (2),   -0.893889790,  1.000000000, -0.828490125,
Cor (3),   -0.568146950, -0.828490125,  1.000000000,
VCV (1),    0.000008954, -0.000010274, -0.000010315,
VCV (2),   -0.000010274,  0.000014752, -0.000019307,
VCV (3),   -0.000010315, -0.000019307,  0.000036813,
St.dev,     0.002992307,  0.003840870,  0.006067347,
AutoCor,    0.087479619,  0.029229097,  0.598325513,

No.; 9; Score; 10.203115363337;
Markow Autoregressive (lag 1) bivariate joint 3 asset model uncond. params
uMean,      0.000494795,  0.000273864,  0.000050484,
VCV (1),    0.000013757,  0.000004774, -0.000003507,
VCV (2),    0.000004774,  0.000021125,  0.000001776,
VCV (3),   -0.000003507,  0.000001776,  0.000001959,
Cor (1),    1.000000000,  0.280038107, -0.675524873,
Cor (2),    0.280038107,  1.000000000,  0.276003435,
Cor (3),   -0.675524873,  0.276003435,  1.000000000,
St.dev,     0.003708991,  0.004596161,  0.001399700,
Skewness,  -0.077817514, -1.479163435,  3.338361848,
Kurtosis,   0.092815015, 14.608871281, 28.693856004,
AutoCor,    0.553135153,  0.479124646,  0.267909231,
Markow Autoregressive (lag 1) bivariate joint 3 asset model cond. params
uProb.,   0.985856562,  0.014143438,
Prob (1),   0.988455900,  0.011544100,
Prob (2),   0.804671838,  0.195328162,
Mean,      0.000599480,  0.000422905, -0.000039453,
Cor (1),    1.000000000,  0.282692782, -0.775928324,
Cor (2),    0.282692782,  1.000000000,  0.565301113,
Cor (3),   -0.775928324,  0.565301113,  1.000000000,
VCV (1),    0.000008765,  0.000002741, -0.000002264,
VCV (2),    0.000002741,  0.000010724,  0.000001825,
VCV (3),   -0.000002264,  0.000001825,  0.000000972,
St.dev,     0.002960509,  0.003274814,  0.000985745,
Mean,     -0.006802189, -0.010114915,  0.006319499,
Cor (1),    1.000000000, -0.164996938, -0.916754047,
Cor (2),   -0.164996938,  1.000000000,  0.445293361,
Cor (3),   -0.916754047,  0.445293361,  1.000000000,
VCV (1),    0.000004143, -0.000005690, -0.000008738,
VCV (2),   -0.000005690,  0.000287114,  0.000035337,
VCV (3),   -0.000008738,  0.000035337,  0.000021933,
St.dev,     0.002035315,  0.016944440,  0.004683297,
AutoCor,    0.574850518,  0.502484061,  0.301901936,

No.; 10; Score; 10.378113496272;
Markow Autoregressive (lag 1) bivariate joint 3 asset model uncond. params
uMean,      0.000249868,  0.000122658, -0.000219025,
VCV (1),    0.000019677,  0.000018035,  0.000002923,
VCV (2),    0.000018035,  0.000032242,  0.000004704,
VCV (3),    0.000002923,  0.000004704,  0.000002299,
Cor (1),    1.000000000,  0.716014227,  0.434574299,
Cor (2),    0.716014227,  1.000000000,  0.546408497,
Cor (3),    0.434574299,  0.546408497,  1.000000000,
St.dev,     0.004435913,  0.005678182,  0.001516084,
Skewness,   0.000059107,  0.101741743,  0.363872553,
Kurtosis,   0.000065974,  0.623426149, 23.484012947,
AutoCor,    0.241646842,  0.418607870,  0.071244172,
Markow Autoregressive (lag 1) bivariate joint 3 asset model cond. params
uProb.,   0.994568253,  0.005431747,
Prob (1),   0.996642605,  0.003357395,
Prob (2),   0.614748576,  0.385251424,
Mean,      0.000251204,  0.000086394, -0.000223911,
Cor (1),    1.000000000,  0.743363100,  0.467607233,
Cor (2),    0.743363100,  1.000000000,  0.642408618,
Cor (3),    0.467607233,  0.642408618,  1.000000000,
VCV (1),    0.000018535,  0.000016189,  0.000002710,
VCV (2),    0.000016189,  0.000025588,  0.000004375,
VCV (3),    0.000002710,  0.000004375,  0.000001813,
St.dev,     0.004305229,  0.005058460,  0.001346355,
Mean,      0.000005250,  0.006762625,  0.000675769,
Cor (1),    1.000000000,  0.393093634,  0.840323027,
Cor (2),    0.393093634,  1.000000000,  0.271085237,
Cor (3),    0.840323027,  0.271085237,  1.000000000,
VCV (1),    0.000017250,  0.000021442,  0.000032804,
VCV (2),    0.000021442,  0.000172489,  0.000033464,
VCV (3),    0.000032804,  0.000033464,  0.000088344,
St.dev,     0.004153318,  0.013133501,  0.009399130,
AutoCor,    0.241644513,  0.418884121,  0.070652061,

No.; 11; Score; 10.465612666692;
Markow Autoregressive (lag 1) bivariate joint 3 asset model uncond. params
uMean,      0.000322110,  0.000260937, -0.000211473,
VCV (1),    0.000013867,  0.000003429,  0.000001371,
VCV (2),    0.000003429,  0.000028180,  0.000001279,
VCV (3),    0.000001371,  0.000001279,  0.000001871,
Cor (1),    1.000000000,  0.173488418,  0.269165054,
Cor (2),    0.173488418,  1.000000000,  0.176133091,
Cor (3),    0.269165054,  0.176133091,  1.000000000,
St.dev,     0.003723792,  0.005308452,  0.001367814,
Skewness,   0.020767681,  0.000084814,  1.810131991,
Kurtosis,   0.037564858,  0.000136065, 10.661747610,
AutoCor,    0.314122355,  0.798384715,  0.441188844,
Markow Autoregressive (lag 1) bivariate joint 3 asset model cond. params
uProb.,   0.989412371,  0.010587629,
Prob (1),   0.992637145,  0.007362855,
Prob (2),   0.688057659,  0.311942341,
Mean,      0.000287495,  0.000263830, -0.000288782,
Cor (1),    1.000000000,  0.238246839,  0.253704958,
Cor (2),    0.238246839,  1.000000000,  0.239776265,
Cor (3),    0.253704958,  0.239776265,  1.000000000,
VCV (1),    0.000012325,  0.000002675,  0.000000872,
VCV (2),    0.000002675,  0.000010229,  0.000000751,
VCV (3),    0.000000872,  0.000000751,  0.000000958,
St.dev,     0.003510755,  0.003198335,  0.000978709,
Mean,      0.003556872, -0.000009421,  0.007013110,
Cor (1),    1.000000000, -0.509168065,  0.949460233,
Cor (2),   -0.509168065,  1.000000000,  0.652378259,
Cor (3),    0.949460233,  0.652378259,  1.000000000,
VCV (1),    0.000019066, -0.000006677,  0.000007796,
VCV (2),   -0.000006677,  0.000009019,  0.000003684,
VCV (3),    0.000007796,  0.000003684,  0.000003536,
St.dev,     0.004366473,  0.003003185,  0.001880467,
AutoCor,    0.314200040,  0.798398421,  0.499327697,

No.; 12; Score; 10.792589099014;
Markow Autoregressive (lag 1) bivariate joint 3 asset model uncond. params
uMean,      0.000402401,  0.000181142,  0.000134394,
VCV (1),    0.000015202, -0.000002110,  0.000000294,
VCV (2),   -0.000002110,  0.000027248, -0.000003226,
VCV (3),    0.000000294, -0.000003226,  0.000002140,
Cor (1),    1.000000000, -0.103668595,  0.051481433,
Cor (2),   -0.103668595,  1.000000000, -0.422464624,
Cor (3),    0.051481433, -0.422464624,  1.000000000,
St.dev,     0.003898912,  0.005220004,  0.001463007,
Skewness,  -0.114694115, -0.084198763, -1.476105713,
Kurtosis,   0.588759752,  0.405065965, 10.839647426,
AutoCor,    0.324398220,  0.059011239,  0.614175212,
Markow Autoregressive (lag 1) bivariate joint 3 asset model cond. params
uProb.,   0.990524122,  0.009475878,
Prob (1),   0.993837274,  0.006162726,
Prob (2),   0.644196718,  0.355803282,
Mean,      0.000440592,  0.000225728,  0.000192630,
Cor (1),    1.000000000, -0.155268633,  0.083027212,
Cor (2),   -0.155268633,  1.000000000, -0.743258264,
Cor (3),    0.083027212, -0.743258264,  1.000000000,
VCV (1),    0.000012970, -0.000002860,  0.000000280,
VCV (2),   -0.000002860,  0.000026166, -0.000003561,
VCV (3),    0.000000280, -0.000003561,  0.000000877,
St.dev,     0.003601334,  0.005115312,  0.000936582,
Mean,     -0.003589772, -0.004479458, -0.005953114,
Cor (1),    1.000000000,  0.732663596, -0.829312416,
Cor (2),    0.732663596,  1.000000000,  0.453060861,
Cor (3),   -0.829312416,  0.453060861,  1.000000000,
VCV (1),    0.000065552,  0.000061995, -0.000024213,
VCV (2),    0.000061995,  0.000109226,  0.000017075,
VCV (3),   -0.000024213,  0.000017075,  0.000013004,
St.dev,     0.008096390,  0.010451132,  0.003606172,
AutoCor,    0.324142483,  0.056777870,  0.666687953,

No.; 13; Score; 11.045851565678;
Markow Autoregressive (lag 1) bivariate joint 3 asset model uncond. params
uMean,      0.000150829,  0.000100876,  0.000154917,
VCV (1),    0.000013859, -0.000004727,  0.000000474,
VCV (2),   -0.000004727,  0.000027505, -0.000000692,
VCV (3),    0.000000474, -0.000000692,  0.000002089,
Cor (1),    1.000000000, -0.242122536,  0.088027593,
Cor (2),   -0.242122536,  1.000000000, -0.091263896,
Cor (3),    0.088027593, -0.091263896,  1.000000000,
St.dev,     0.003722785,  0.005244511,  0.001445256,
Skewness,  -0.756123802, -0.045723279,  2.265240400,
Kurtosis,   3.334565361, -0.060783702,  9.069823245,
AutoCor,    0.048067951,  0.368858816,  0.189941546,
Markow Autoregressive (lag 1) bivariate joint 3 asset model cond. params
uProb.,   0.968786221,  0.031213779,
Prob (1),   0.975568225,  0.024431775,
Prob (2),   0.758292264,  0.241707736,
Mean,      0.000367830,  0.000380794, -0.000034016,
Cor (1),    1.000000000, -0.428126159,  0.469126198,
Cor (2),   -0.428126159,  1.000000000,  0.217079366,
Cor (3),    0.469126198,  0.217079366,  1.000000000,
VCV (1),    0.000010929, -0.000006623,  0.000001492,
VCV (2),   -0.000006623,  0.000021899,  0.000000977,
VCV (3),    0.000001492,  0.000000977,  0.000000925,
St.dev,     0.003305867,  0.004679610,  0.000961720,
Mean,     -0.006584237, -0.008586995,  0.006018852,
Cor (1),    1.000000000, -0.226113725,  0.892404864,
Cor (2),   -0.226113725,  1.000000000, -0.543321260,
Cor (3),    0.892404864, -0.543321260,  1.000000000,
VCV (1),    0.000057673, -0.000003996,  0.000009398,
VCV (2),   -0.000003996,  0.000005417, -0.000001753,
VCV (3),    0.000009398, -0.000001753,  0.000001923,
St.dev,     0.007594263,  0.002327366,  0.001386685,
AutoCor,    0.028120621,  0.383561238,  0.159067568,

No.; 14; Score; 11.498066683771;
Markow Autoregressive (lag 1) bivariate joint 3 asset model uncond. params
uMean,      0.000136157,  0.000189933,  0.000145594,
VCV (1),    0.000013325,  0.000005250, -0.000001333,
VCV (2),    0.000005250,  0.000024927, -0.000000352,
VCV (3),   -0.000001333, -0.000000352,  0.000002080,
Cor (1),    1.000000000,  0.288051683, -0.253198213,
Cor (2),    0.288051683,  1.000000000, -0.048931242,
Cor (3),   -0.253198213, -0.048931242,  1.000000000,
St.dev,     0.003650368,  0.004992702,  0.001442088,
Skewness,   1.457589827,  0.938434302, -1.460256650,
Kurtosis,   6.503979098, 12.278642523,  8.539060877,
AutoCor,    0.109426414,  0.397382351,  0.455164000,
Markow Autoregressive (lag 1) bivariate joint 3 asset model cond. params
uProb.,   0.948591470,  0.051408530,
Prob (1),   0.966553890,  0.033446110,
Prob (2),   0.617148456,  0.382851544,
Mean,     -0.000247155,  0.000001925,  0.000263553,
Cor (1),    1.000000000,  0.860725521, -0.352740974,
Cor (2),    0.860725521,  1.000000000, -0.309129161,
Cor (3),   -0.352740974, -0.309129161,  1.000000000,
VCV (1),    0.000008105,  0.000007754, -0.000000940,
VCV (2),    0.000007754,  0.000010012, -0.000000915,
VCV (3),   -0.000000940, -0.000000915,  0.000000876,
St.dev,     0.002846898,  0.003164180,  0.000935895,
Mean,      0.007209039,  0.003659050, -0.002030982,
Cor (1),    1.000000000, -0.623622943,  0.309172054,
Cor (2),   -0.623622943,  1.000000000,  0.360580793,
Cor (3),    0.309172054,  0.360580793,  1.000000000,
VCV (1),    0.000056436, -0.000068278,  0.000007863,
VCV (2),   -0.000068278,  0.000212403,  0.000017791,
VCV (3),    0.000007863,  0.000017791,  0.000011462,
St.dev,     0.007512410,  0.014574039,  0.003385506,
AutoCor,    0.048129264,  0.398671400,  0.470059767,

No.; 15; Score; 11.926564157251;
Markow Autoregressive (lag 1) bivariate joint 3 asset model uncond. params
uMean,      0.000407748,  0.000010666, -0.000045267,
VCV (1),    0.000013855,  0.000002726,  0.000000450,
VCV (2),    0.000002726,  0.000027932, -0.000004826,
VCV (3),    0.000000450, -0.000004826,  0.000001150,
Cor (1),    1.000000000,  0.138549457,  0.112735786,
Cor (2),    0.138549457,  1.000000000, -0.851282040,
Cor (3),    0.112735786, -0.851282040,  1.000000000,
St.dev,     0.003722243,  0.005285110,  0.001072585,
Skewness,   0.213043384,  0.115398472,  0.508880142,
Kurtosis,   9.106436342, -0.023575150,  1.300085014,
AutoCor,    0.602802208,  0.078181272,  0.087812901,
Markow Autoregressive (lag 1) bivariate joint 3 asset model cond. params
uProb.,   0.914913380,  0.085086620,
Prob (1),   0.920923102,  0.079076898,
Prob (2),   0.850292465,  0.149707535,
Mean,      0.000357982,  0.000361424, -0.000159015,
Cor (1),    1.000000000,  0.521749683,  0.823649302,
Cor (2),    0.521749683,  1.000000000, -0.921540835,
Cor (3),    0.823649302, -0.921540835,  1.000000000,
VCV (1),    0.000002127,  0.000004051,  0.000001123,
VCV (2),    0.000004051,  0.000028350, -0.000004587,
VCV (3),    0.000001123, -0.000004587,  0.000000874,
St.dev,     0.001458255,  0.005324472,  0.000934931,
Mean,      0.000942860, -0.003760945,  0.001177834,
Cor (1),    1.000000000, -0.499834466, -0.559017187,
Cor (2),   -0.499834466,  1.000000000, -0.524258499,
Cor (3),   -0.559017187, -0.524258499,  1.000000000,
VCV (1),    0.000080400, -0.000010945, -0.000007749,
VCV (2),   -0.000010945,  0.000005964, -0.000001979,
VCV (3),   -0.000007749, -0.000001979,  0.000002390,
St.dev,     0.008966586,  0.002442130,  0.001546005,
AutoCor,    0.603827032,  0.078556662,  0.090176644,

No.; 16; Score; 12.232738018665;
Markow Autoregressive (lag 1) bivariate joint 3 asset model uncond. params
uMean,      0.000308205, -0.000109040,  0.000056494,
VCV (1),    0.000014402,  0.000000484, -0.000001377,
VCV (2),    0.000000484,  0.000027809, -0.000002947,
VCV (3),   -0.000001377, -0.000002947,  0.000001798,
Cor (1),    1.000000000,  0.024173609, -0.270626687,
Cor (2),    0.024173609,  1.000000000, -0.416801050,
Cor (3),   -0.270626687, -0.416801050,  1.000000000,
St.dev,     0.003795029,  0.005273410,  0.001340815,
Skewness,   0.059111410,  0.226780722, -1.044318324,
Kurtosis,  -0.032833754,  0.309884965,  5.764010338,
AutoCor,    0.088401786,  0.574701037,  0.457810993,
Markow Autoregressive (lag 1) bivariate joint 3 asset model cond. params
uProb.,   0.956129885,  0.043870115,
Prob (1),   0.963687301,  0.036312699,
Prob (2),   0.791419320,  0.208580680,
Mean,      0.000446935, -0.000539706,  0.000145117,
Cor (1),    1.000000000,  0.112512376, -0.427206477,
Cor (2),    0.112512376,  1.000000000, -0.422874782,
Cor (3),   -0.427206477, -0.422874782,  1.000000000,
VCV (1),    0.000014369,  0.000001598, -0.000001515,
VCV (2),    0.000001598,  0.000014033, -0.000001482,
VCV (3),   -0.000001515, -0.000001482,  0.000000875,
St.dev,     0.003790594,  0.003746047,  0.000935442,
Mean,     -0.002715363,  0.009277128, -0.001875006,
Cor (1),    1.000000000,  0.589889823, -0.535230444,
Cor (2),    0.589889823,  1.000000000, -0.075948380,
Cor (3),   -0.535230444, -0.075948380,  1.000000000,
VCV (1),    0.000003223,  0.000003641, -0.000002912,
VCV (2),    0.000003641,  0.000011819, -0.000000791,
VCV (3),   -0.000002912, -0.000000791,  0.000009182,
St.dev,     0.001795217,  0.003437949,  0.003030128,
AutoCor,    0.085885937,  0.643148269,  0.487860000,

No.; 17; Score; 12.239598681837;
Markow Autoregressive (lag 1) bivariate joint 3 asset model uncond. params
uMean,      0.000270651,  0.000238785, -0.000236249,
VCV (1),    0.000013806, -0.000007282, -0.000000186,
VCV (2),   -0.000007282,  0.000028047, -0.000006306,
VCV (3),   -0.000000186, -0.000006306,  0.000001529,
Cor (1),    1.000000000, -0.370054376, -0.040537264,
Cor (2),   -0.370054376,  1.000000000, -0.963130678,
Cor (3),   -0.040537264, -0.963130678,  1.000000000,
St.dev,     0.003715649,  0.005295974,  0.001236393,
Skewness,  -0.005797271,  0.995860253, -0.979800794,
Kurtosis,  -0.035616744,  3.391456594,  3.945689126,
AutoCor,    0.715574972,  0.261767686,  0.196908232,
Markow Autoregressive (lag 1) bivariate joint 3 asset model cond. params
uProb.,   0.899713114,  0.100286886,
Prob (1),   0.938548456,  0.061451544,
Prob (2),   0.551305981,  0.448694019,
Mean,     -0.000064788, -0.000452506, -0.000098315,
Cor (1),    1.000000000, -0.895246237, -0.029490858,
Cor (2),   -0.895246237,  1.000000000, -0.980311695,
Cor (3),   -0.029490858, -0.980311695,  1.000000000,
VCV (1),    0.000006022, -0.000008752, -0.000000068,
VCV (2),   -0.000008752,  0.000015869, -0.000003651,
VCV (3),   -0.000000068, -0.000003651,  0.000000874,
St.dev,     0.002454070,  0.003983549,  0.000935018,
Mean,      0.003280009,  0.006440626, -0.001473704,
Cor (1),    1.000000000,  0.103006117,  0.610528575,
Cor (2),    0.103006117,  1.000000000, -0.934433757,
Cor (3),    0.610528575, -0.934433757,  1.000000000,
VCV (1),    0.000003417,  0.000001714,  0.000002596,
VCV (2),    0.000001714,  0.000081009, -0.000019348,
VCV (3),    0.000002596, -0.000019348,  0.000005292,
St.dev,     0.001848620,  0.009000523,  0.002300534,
AutoCor,    0.741475422,  0.239126968,  0.172984889,

No.; 18; Score; 12.978757733202;
Markow Autoregressive (lag 1) bivariate joint 3 asset model uncond. params
uMean,      0.000436007,  0.000281942, -0.000143328,
VCV (1),    0.000013615,  0.000012789, -0.000003287,
VCV (2),    0.000012789,  0.000027150,  0.000004319,
VCV (3),   -0.000003287,  0.000004319,  0.000001416,
Cor (1),    1.000000000,  0.665182426, -0.748579142,
Cor (2),    0.665182426,  1.000000000,  0.696539607,
Cor (3),   -0.748579142,  0.696539607,  1.000000000,
St.dev,     0.003689904,  0.005210537,  0.001189937,
Skewness,  -1.927444169,  0.006726229,  0.312962978,
Kurtosis,   7.156050767, -0.058750569,  0.917687305,
AutoCor,    0.202299013,  0.431479204,  0.145058308,
Markow Autoregressive (lag 1) bivariate joint 3 asset model cond. params
uProb.,   0.939895503,  0.060104497,
Prob (1),   0.957512907,  0.042487093,
Prob (2),   0.664400004,  0.335599996,
Mean,      0.001040206,  0.000625146, -0.000214240,
Cor (1),    1.000000000,  0.940655524, -0.824985225,
Cor (2),    0.940655524,  1.000000000,  0.877531309,
Cor (3),   -0.824985225,  0.877531309,  1.000000000,
VCV (1),    0.000006133,  0.000010668, -0.000002219,
VCV (2),    0.000010668,  0.000020971,  0.000004364,
VCV (3),   -0.000002219,  0.000004364,  0.000001179,
St.dev,     0.002476451,  0.004579432,  0.001085914,
Mean,     -0.009012262, -0.005084970,  0.000965573,
Cor (1),    1.000000000, -0.918810831, -0.756671402,
Cor (2),   -0.918810831,  1.000000000,  0.855768612,
Cor (3),   -0.756671402,  0.855768612,  1.000000000,
VCV (1),    0.000033188, -0.000017578, -0.000008033,
VCV (2),   -0.000017578,  0.000011029,  0.000005237,
VCV (3),   -0.000008033,  0.000005237,  0.000003396,
St.dev,     0.005760888,  0.003320931,  0.001842839,
AutoCor,    0.136731964,  0.441549750,  0.136352669,

No.; 19; Score; 13.167772102804;
Markow Autoregressive (lag 1) bivariate joint 3 asset model uncond. params
uMean,      0.000353678,  0.000156236, -0.000076951,
VCV (1),    0.000009140, -0.000007087,  0.000000366,
VCV (2),   -0.000007087,  0.000017593, -0.000001666,
VCV (3),    0.000000366, -0.000001666,  0.000001825,
Cor (1),    1.000000000, -0.558908204,  0.089692599,
Cor (2),   -0.558908204,  1.000000000, -0.294043654,
Cor (3),    0.089692599, -0.294043654,  1.000000000,
St.dev,     0.003023198,  0.004194405,  0.001351002,
Skewness,   0.267831152, -0.000359484, -1.876019108,
Kurtosis,   1.513336757, -0.004244113, 24.824104399,
AutoCor,    0.441770987,  0.063897263,  0.606045532,
Markow Autoregressive (lag 1) bivariate joint 3 asset model cond. params
uProb.,   0.995165035,  0.004834965,
Prob (1),   0.999134587,  0.000865413,
Prob (2),   0.178125194,  0.821874806,
Mean,      0.000315694,  0.000178665, -0.000050844,
Cor (1),    1.000000000, -0.610960298,  0.126816382,
Cor (2),   -0.610960298,  1.000000000, -0.423537805,
Cor (3),    0.126816382, -0.423537805,  1.000000000,
VCV (1),    0.000007031, -0.000006769,  0.000000324,
VCV (2),   -0.000006769,  0.000017460, -0.000001707,
VCV (3),    0.000000324, -0.000001707,  0.000000930,
St.dev,     0.002651574,  0.004178527,  0.000964329,
Mean,      0.008171842, -0.004460294, -0.005450468,
Cor (1),    1.000000000,  0.007614814,  0.528700465,
Cor (2),    0.007614814,  1.000000000, -0.270495772,
Cor (3),    0.528700465, -0.270495772,  1.000000000,
VCV (1),    0.000045133,  0.000000168,  0.000021469,
VCV (2),    0.000000168,  0.000010772, -0.000005366,
VCV (3),    0.000021469, -0.000005366,  0.000036534,
St.dev,     0.006718088,  0.003282032,  0.006044363,
AutoCor,    0.429035008,  0.059414843,  0.588147660,

No.; 20; Score; 13.438854543622;
Markow Autoregressive (lag 1) bivariate joint 3 asset model uncond. params
uMean,      0.000211513,  0.000325920, -0.000159504,
VCV (1),    0.000013723,  0.000016461,  0.000001279,
VCV (2),    0.000016461,  0.000026857,  0.000004593,
VCV (3),    0.000001279,  0.000004593,  0.000001326,
Cor (1),    1.000000000,  0.857446641,  0.299679284,
Cor (2),    0.857446641,  1.000000000,  0.769554564,
Cor (3),    0.299679284,  0.769554564,  1.000000000,
St.dev,     0.003704421,  0.005182330,  0.001151726,
Skewness,  -1.532565557, -0.100296304, -0.278525574,
Kurtosis,   3.145116240, -0.470241346,  0.542694040,
AutoCor,    0.304129884,  0.129351690,  0.407589839,
Markow Autoregressive (lag 1) bivariate joint 3 asset model cond. params
uProb.,   0.873284305,  0.126715695,
Prob (1),   0.907352188,  0.092647812,
Prob (2),   0.638499275,  0.361500725,
Mean,      0.001268777,  0.001494287, -0.000037880,
Cor (1),    1.000000000,  0.914735103,  0.568803478,
Cor (2),    0.914735103,  1.000000000,  0.939833521,
Cor (3),    0.568803478,  0.939833521,  1.000000000,
VCV (1),    0.000003961,  0.000008039,  0.000001059,
VCV (2),    0.000008039,  0.000019499,  0.000003884,
VCV (3),    0.000001059,  0.000003884,  0.000000876,
St.dev,     0.001990201,  0.004415770,  0.000935873,
Mean,     -0.007074816, -0.007726099, -0.000997701,
Cor (1),    1.000000000,  0.946214834, -0.883362254,
Cor (2),    0.946214834,  1.000000000,  0.465953356,
Cor (3),   -0.883362254,  0.465953356,  1.000000000,
VCV (1),    0.000014409,  0.000006133, -0.000004658,
VCV (2),    0.000006133,  0.000002916,  0.000001105,
VCV (3),   -0.000004658,  0.000001105,  0.000001930,
St.dev,     0.003795930,  0.001707593,  0.001389159,
AutoCor,    0.349278833,  0.054138128,  0.419140048,

No.; 21; Score; 13.601897984996;
Markow Autoregressive (lag 1) bivariate joint 3 asset model uncond. params
uMean,      0.000413766, -0.000020982, -0.000052740,
VCV (1),    0.000013848, -0.000013288,  0.000001184,
VCV (2),   -0.000013288,  0.000027364, -0.000000117,
VCV (3),    0.000001184, -0.000000117,  0.000001148,
Cor (1),    1.000000000, -0.682640202,  0.297077552,
Cor (2),   -0.682640202,  1.000000000, -0.020959927,
Cor (3),    0.297077552, -0.020959927,  1.000000000,
St.dev,     0.003721228,  0.005231043,  0.001071231,
Skewness,  -0.817132282,  1.642651773, -0.031558180,
Kurtosis,  -0.231753982,  2.246920251,  0.471031703,
AutoCor,    0.408381010,  0.434002440,  0.095948132,
Markow Autoregressive (lag 1) bivariate joint 3 asset model cond. params
uProb.,   0.758328503,  0.241671497,
Prob (1),   0.886809717,  0.113190283,
Prob (2),   0.355173940,  0.644826060,
Mean,      0.002231879, -0.002407745, -0.000036662,
Cor (1),    1.000000000, -0.490969752,  0.859439046,
Cor (2),   -0.490969752,  1.000000000, -0.582245421,
Cor (3),    0.859439046, -0.582245421,  1.000000000,
VCV (1),    0.000003365, -0.000001481,  0.000001480,
VCV (2),   -0.000001481,  0.000002703, -0.000000899,
VCV (3),    0.000001480, -0.000000899,  0.000000881,
St.dev,     0.001834393,  0.001643931,  0.000938801,
Mean,     -0.005291196,  0.007468317, -0.000103190,
Cor (1),    1.000000000,  0.577522101, -0.052028907,
Cor (2),    0.577522101,  1.000000000,  0.382362402,
Cor (3),   -0.052028907,  0.382362402,  1.000000000,
VCV (1),    0.000003798,  0.000005990, -0.000000141,
VCV (2),    0.000005990,  0.000028327,  0.000002832,
VCV (3),   -0.000000141,  0.000002832,  0.000001936,
St.dev,     0.001948767,  0.005322316,  0.001391415,
AutoCor,    0.040516123,  0.250075619,  0.095639951,

No.; 22; Score; 13.627570963198;
Markow Autoregressive (lag 1) bivariate joint 3 asset model uncond. params
uMean,      0.000289049,  0.000127497, -0.000194013,
VCV (1),    0.000013150,  0.000010256, -0.000001615,
VCV (2),    0.000010256,  0.000027595,  0.000000547,
VCV (3),   -0.000001615,  0.000000547,  0.000002699,
Cor (1),    1.000000000,  0.538382850, -0.271031680,
Cor (2),    0.538382850,  1.000000000,  0.063409044,
Cor (3),   -0.271031680,  0.063409044,  1.000000000,
St.dev,     0.003626261,  0.005253124,  0.001642778,
Skewness,  -1.103278116,  0.068029719,  1.245545382,
Kurtosis,   8.495327827,  0.621801102,  6.532953075,
AutoCor,    0.677143400,  0.731897156,  0.121870149,
Markow Autoregressive (lag 1) bivariate joint 3 asset model cond. params
uProb.,   0.983299672,  0.016700328,
Prob (1),   0.986130553,  0.013869447,
Prob (2),   0.816620037,  0.183379963,
Mean,      0.000433035,  0.000086087, -0.000290681,
Cor (1),    1.000000000,  0.731544901, -0.328933821,
Cor (2),    0.731544901,  1.000000000,  0.022155436,
Cor (3),   -0.328933821,  0.022155436,  1.000000000,
VCV (1),    0.000004070,  0.000005002, -0.000000934,
VCV (2),    0.000005002,  0.000011488,  0.000000106,
VCV (3),   -0.000000934,  0.000000106,  0.000001980,
St.dev,     0.002017362,  0.003389405,  0.001407073,
Mean,     -0.008188748,  0.002565685,  0.005497720,
Cor (1),    1.000000000,  0.008321904,  0.353371347,
Cor (2),    0.008321904,  1.000000000,  0.369587563,
Cor (3),    0.353371347,  0.369587563,  1.000000000,
VCV (1),    0.000094977,  0.000000739,  0.000011176,
VCV (2),    0.000000739,  0.000083047,  0.000010930,
VCV (3),    0.000011176,  0.000010930,  0.000010531,
St.dev,     0.009745610,  0.009112989,  0.003245202,
AutoCor,    0.729088909,  0.733962371,  0.109669972,

No.; 23; Score; 13.718989023608;
