Round No; 1; best result RLS; 5668.891915649

;;;
Statistical description of data for: Meginajums1
Calib/Tail/Per/Cur, 784, 9999, 23, 0,
Title,    INDEX WITH EQUAL WEIGHTS based on market value,EQUITY LM SNP,REX BOND     ,
Mean,       0.000448218,  0.000175148,  0.000011824,
VCV (1),    3.843276912, -0.000172207, -0.000007083,
VCV (2),   -0.000172207,  0.000027803, -0.000000034,
VCV (3),   -0.000007083, -0.000000034,  0.000000099,
St.dev,     1.960427737,  0.005272874,  0.000315163,
Skewness,   7.072990118, -0.533728382, -0.333150084,
Kurtosis,  327.685741038,  6.345066446, 26.810331499,
AutoCor,   -0.017237349,  0.126724186, -0.366572783,
No.; 1; Score; 5668.891915649;
Markow Autoregressive (lag 1) bivariate joint 3 asset model uncond. params
uMean,      0.029425966, -0.001126351, -0.000016334,
VCV (1),    3.855023453, -0.017478955, -0.001439835,
VCV (2),   -0.017478955,  0.001410655,  0.000007965,
VCV (3),   -0.001439835,  0.000007965,  0.000006531,
Cor (1),    1.000000000, -0.237023554, -0.286960084,
Cor (2),   -0.237023554,  1.000000000,  0.082984964,
Cor (3),   -0.286960084,  0.082984964,  1.000000000,
St.dev,     1.963421364,  0.037558692,  0.002555510,
Skewness,   0.094470630, -0.113614387,  0.430612594,
Kurtosis,   0.043774721,  0.275313058,  3.532802026,
AutoCor,    0.112125583,  0.157057749,  0.564504625,
Markow Autoregressive (lag 1) bivariate joint 3 asset model cond. params
uProb.,   0.743160075,  0.256839925,
Prob (1),   0.720119688,  0.279880312,
Prob (2),   0.809826875,  0.190173125,
Mean,     -0.341377278, -0.003788305, -0.000229616,
Cor (1),    1.000000000, -0.313267924, -0.981589414,
Cor (2),   -0.313267924,  1.000000000, -0.279878959,
Cor (3),   -0.981589414, -0.279878959,  1.000000000,
VCV (1),    3.258254419, -0.022758607, -0.000959103,
VCV (2),   -0.022758607,  0.001619849, -0.000006097,
VCV (3),   -0.000959103, -0.000006097,  0.000000293,
St.dev,     1.805063550,  0.040247346,  0.000541306,
Mean,      1.102336132,  0.006575948,  0.000600790,
Cor (1),    1.000000000, -0.246323783, -0.416218264,
Cor (2),   -0.246323783,  1.000000000,  0.416235808,
Cor (3),   -0.416218264,  0.416235808,  1.000000000,
VCV (1),    3.786188634, -0.011600244, -0.003213530,
VCV (2),   -0.011600244,  0.000585759,  0.000039972,
VCV (3),   -0.003213530,  0.000039972,  0.000015744,
St.dev,     1.945813103,  0.024202468,  0.003967895,
AutoCor,    0.135351665,  0.160697252,  0.577961100,

No.; 2; Score; 6443.1645125732;
Markow Autoregressive (lag 1) bivariate joint 3 asset model uncond. params
uMean,     -0.216593587, -0.004388967,  0.000563742,
VCV (1),    3.711933804,  0.008492080,  0.002055287,
VCV (2),    0.008492080,  0.000060510, -0.000006375,
VCV (3),    0.002055287, -0.000006375,  0.000142940,
Cor (1),    1.000000000,  0.566630708,  0.089226845,
Cor (2),    0.566630708,  1.000000000, -0.068550899,
Cor (3),    0.089226845, -0.068550899,  1.000000000,
St.dev,     1.926637953,  0.007778823,  0.011955748,
Skewness,  -1.367431654, -0.188291825, -0.010780134,
Kurtosis,  16.115797170,  0.834545369,  2.883480360,
AutoCor,    0.383017121,  0.311757911,  0.976936437,
Markow Autoregressive (lag 1) bivariate joint 3 asset model cond. params
uProb.,   0.147470632,  0.852529368,
Prob (1),   0.822166983,  0.177833017,
Prob (2),   0.030761576,  0.969238424,
Mean,     -1.151877629, -0.006703868,  0.000332390,
Cor (1),    1.000000000,  0.971229270,  0.290222466,
Cor (2),    0.971229270,  1.000000000, -0.478316905,
Cor (3),    0.290222466, -0.478316905,  1.000000000,
VCV (1),   20.885429967,  0.048838003,  0.008803187,
VCV (2),    0.048838003,  0.000121068, -0.000034932,
VCV (3),    0.008803187, -0.000034932,  0.000044053,
St.dev,     4.570057983,  0.011003084,  0.006637235,
Mean,     -0.054808042, -0.003988535,  0.000603761,
Cor (1),    1.000000000,  0.029960759, -0.136039581,
Cor (2),    0.029960759,  1.000000000,  0.770604717,
Cor (3),   -0.136039581,  0.770604717,  1.000000000,
VCV (1),    0.005331814,  0.000014258, -0.000001406,
VCV (2),    0.000014258,  0.000042476,  0.000000711,
VCV (3),   -0.000001406,  0.000000711,  0.000000020,
St.dev,     0.073019269,  0.006517359,  0.000141580,
AutoCor,    0.365661862,  0.304295829,  0.976948455,

No.; 3; Score; 6630.343758834;
Markow Autoregressive (lag 1) bivariate joint 3 asset model uncond. params
uMean,      0.174469479, -0.004884351, -0.000202244,
VCV (1),    3.740733224, -0.037257482,  0.002819644,
VCV (2),   -0.037257482,  0.000866185, -0.000102246,
VCV (3),    0.002819644, -0.000102246,  0.000024229,
Cor (1),    1.000000000, -0.654530243,  0.296175480,
Cor (2),   -0.654530243,  1.000000000, -0.705790481,
Cor (3),    0.296175480, -0.705790481,  1.000000000,
St.dev,     1.934097522,  0.029431027,  0.004922286,
Skewness,  -0.072814090, -0.139903665,  0.012543067,
Kurtosis,   0.929538975,  0.803215686,  0.765256761,
AutoCor,    0.196558382,  0.351465370,  0.789973046,
Markow Autoregressive (lag 1) bivariate joint 3 asset model cond. params
uProb.,   0.548638152,  0.451361848,
Prob (1),   0.668351411,  0.331648589,
Prob (2),   0.403124609,  0.596875391,
Mean,      0.097958334, -0.007302522, -0.000155592,
Cor (1),    1.000000000, -0.827968480,  0.431362212,
Cor (2),   -0.827968480,  1.000000000, -0.942892421,
Cor (3),    0.431362212, -0.942892421,  1.000000000,
VCV (1),    5.458834350, -0.065432480,  0.004086839,
VCV (2),   -0.065432480,  0.001144088, -0.000129326,
VCV (3),    0.004086839, -0.000129326,  0.000016443,
St.dev,     2.336414850,  0.033824363,  0.004055043,
Mean,      0.267470102, -0.001945022, -0.000258949,
Cor (1),    1.000000000,  0.117147936,  0.642199859,
Cor (2),    0.117147936,  1.000000000, -0.847793812,
Cor (3),    0.642199859, -0.847793812,  1.000000000,
VCV (1),    1.317425957,  0.002236173,  0.000318040,
VCV (2),    0.002236173,  0.000276577, -0.000006083,
VCV (3),    0.000318040, -0.000006083,  0.000000186,
St.dev,     1.147791774,  0.016630591,  0.000431468,
AutoCor,    0.196427513,  0.352178887,  0.790030345,

No.; 4; Score; 11126.058935735;
Markow Autoregressive (lag 1) bivariate joint 3 asset model uncond. params
uMean,     -0.222393888,  0.002685418, -0.000078744,
VCV (1),    3.991601218,  0.002351474,  0.003159594,
VCV (2),    0.002351474,  0.001347049,  0.000035423,
VCV (3),    0.003159594,  0.000035423,  0.000033296,
Cor (1),    1.000000000,  0.032068217,  0.274068307,
Cor (2),    0.032068217,  1.000000000,  0.167263111,
Cor (3),    0.274068307,  0.167263111,  1.000000000,
St.dev,     1.997899201,  0.036702169,  0.005770306,
Skewness,   0.070090523, -0.030368277,  0.141553148,
Kurtosis,   0.491680827,  5.665273857,  3.414789223,
AutoCor,    0.639689303,  0.297276030,  0.684803170,
Markow Autoregressive (lag 1) bivariate joint 3 asset model cond. params
uProb.,   0.734357571,  0.265642429,
Prob (1),   0.821797291,  0.178202709,
Prob (2),   0.492634062,  0.507365938,
Mean,     -0.147463548,  0.002848598, -0.000250773,
Cor (1),    1.000000000,  0.103737785,  0.746341569,
Cor (2),    0.103737785,  1.000000000,  0.301509662,
Cor (3),    0.746341569,  0.301509662,  1.000000000,
VCV (1),    3.123606581,  0.002251498,  0.001615925,
VCV (2),    0.002251498,  0.000150804,  0.000004536,
VCV (3),    0.001615925,  0.000004536,  0.000001501,
St.dev,     1.767372791,  0.012280230,  0.001225054,
Mean,     -0.429535731,  0.002234314,  0.000396823,
Cor (1),    1.000000000,  0.030085895,  0.671970848,
Cor (2),    0.030085895,  1.000000000,  0.183665164,
Cor (3),    0.671970848,  0.183665164,  1.000000000,
VCV (1),    0.184617531,  0.000838331,  0.002275274,
VCV (2),    0.000838331,  0.004205641,  0.000093862,
VCV (3),    0.002275274,  0.000093862,  0.000062100,
St.dev,     0.429671422,  0.064850910,  0.007880375,
AutoCor,    0.640901487,  0.297274288,  0.685679153,

No.; 5; Score; 12620.729581974;
Markow Autoregressive (lag 1) bivariate joint 3 asset model uncond. params
uMean,     -0.163197712,  0.000543867,  0.000033472,
VCV (1),    3.732910310,  0.000005588,  0.000701011,
VCV (2),    0.000005588,  0.002472592, -0.000171904,
VCV (3),    0.000701011, -0.000171904,  0.000020018,
Cor (1),    1.000000000,  0.000058163,  0.081094921,
Cor (2),    0.000058163,  1.000000000, -0.772682900,
Cor (3),    0.081094921, -0.772682900,  1.000000000,
St.dev,     1.932074095,  0.049725168,  0.004474115,
Skewness,   0.203102462, -0.069918924, -0.183722210,
Kurtosis,   1.505208186,  0.060971733,  1.506251852,
AutoCor,    0.459818600,  0.053984676,  0.236373854,
Markow Autoregressive (lag 1) bivariate joint 3 asset model cond. params
uProb.,   0.639634149,  0.360365851,
Prob (1),   0.726150439,  0.273849561,
Prob (2),   0.486071391,  0.513928609,
Mean,     -0.305594090, -0.005134072, -0.000256013,
Cor (1),    1.000000000,  0.732095931,  0.127008077,
Cor (2),    0.732095931,  1.000000000, -0.956747476,
Cor (3),    0.127008077, -0.956747476,  1.000000000,
VCV (1),    1.080054028,  0.039548216,  0.000714620,
VCV (2),    0.039548216,  0.002701919, -0.000269249,
VCV (3),    0.000714620, -0.000269249,  0.000029312,
St.dev,     1.039256478,  0.051979987,  0.005414037,
Mean,      0.089549838,  0.010621967,  0.000547296,
Cor (1),    1.000000000, -0.686859757,  0.677370742,
Cor (2),   -0.686859757,  1.000000000, -0.208531745,
Cor (3),    0.677370742, -0.208531745,  1.000000000,
VCV (1),    6.152467671, -0.074072357,  0.000283599,
VCV (2),   -0.074072357,  0.001890283, -0.000001530,
VCV (3),    0.000283599, -0.000001530,  0.000000028,
St.dev,     2.480416834,  0.043477386,  0.000168792,
AutoCor,    0.461957813,  0.049575890,  0.236346116,

No.; 6; Score; 12627.003070862;
Markow Autoregressive (lag 1) bivariate joint 3 asset model uncond. params
uMean,     -0.010811391, -0.002787777, -0.000130417,
VCV (1),    3.824441633, -0.057027069, -0.003132092,
VCV (2),   -0.057027069,  0.003228144,  0.000389953,
VCV (3),   -0.003132092,  0.000389953,  0.000137206,
Cor (1),    1.000000000, -0.513240112, -0.136730224,
Cor (2),   -0.513240112,  1.000000000,  0.585935927,
Cor (3),   -0.136730224,  0.585935927,  1.000000000,
St.dev,     1.955617967,  0.056816757,  0.011713482,
Skewness,  -0.442563404,  0.011002081,  0.000466900,
Kurtosis,   6.867487068,  0.065930750,  0.020049059,
AutoCor,    0.190415197,  0.551194274,  0.775588456,
Markow Autoregressive (lag 1) bivariate joint 3 asset model cond. params
uProb.,   0.928096967,  0.071903033,
Prob (1),   0.960537939,  0.039462061,
Prob (2),   0.509361256,  0.490638744,
Mean,      0.043048690, -0.002384644, -0.000122940,
Cor (1),    1.000000000, -0.650220066, -0.410928231,
Cor (2),   -0.650220066,  1.000000000,  0.629344840,
Cor (3),   -0.410928231,  0.629344840,  1.000000000,
VCV (1),    2.102917943, -0.045785127, -0.004481547,
VCV (2),   -0.045785127,  0.002357794,  0.000229822,
VCV (3),   -0.004481547,  0.000229822,  0.000056559,
St.dev,     1.450144111,  0.048557117,  0.007520571,
Mean,     -0.706016802, -0.007991270, -0.000226936,
Cor (1),    1.000000000, -0.898280971,  0.768209117,
Cor (2),   -0.898280971,  1.000000000,  0.885843784,
Cor (3),    0.768209117,  0.885843784,  1.000000000,
VCV (1),   23.666185176, -0.123503810,  0.020570397,
VCV (2),   -0.123503810,  0.000798745,  0.000137804,
VCV (3),    0.020570397,  0.000137804,  0.000030297,
St.dev,     4.864790353,  0.028262074,  0.005504262,
AutoCor,    0.187836926,  0.551259309,  0.775590163,

No.; 7; Score; 15565.505557794;
Markow Autoregressive (lag 1) bivariate joint 3 asset model uncond. params
uMean,      0.165549316, -0.006594792,  0.000463125,
VCV (1),    3.960150357, -0.012766932, -0.000019726,
VCV (2),   -0.012766932,  0.003227312,  0.000005707,
VCV (3),   -0.000019726,  0.000005707,  0.000004874,
Cor (1),    1.000000000, -0.112930242, -0.004490126,
Cor (2),   -0.112930242,  1.000000000,  0.045502769,
Cor (3),   -0.004490126,  0.045502769,  1.000000000,
St.dev,     1.990012652,  0.056809433,  0.002207659,
Skewness,  -0.089562045, -0.002461125, -0.208331503,
Kurtosis,   2.082967457,  0.187922732,  3.309368950,
AutoCor,    0.242995688,  0.784117586,  0.290406049,
Markow Autoregressive (lag 1) bivariate joint 3 asset model cond. params
uProb.,   0.436155819,  0.563844181,
Prob (1),   0.531376531,  0.468623469,
Prob (2),   0.362498825,  0.637501175,
Mean,      0.246731275, -0.006327782,  0.000296463,
Cor (1),    1.000000000, -0.464454161,  0.312268008,
Cor (2),   -0.464454161,  1.000000000,  0.236390343,
Cor (3),    0.312268008,  0.236390343,  1.000000000,
VCV (1),    0.011710236, -0.001221177,  0.000107670,
VCV (2),   -0.001221177,  0.000590345,  0.000018301,
VCV (3),    0.000107670,  0.000018301,  0.000010152,
St.dev,     0.108213843,  0.024297008,  0.003186277,
Mean,      0.102751852, -0.006801335,  0.000592045,
Cor (1),    1.000000000, -0.162175938, -0.247874398,
Cor (2),   -0.162175938,  1.000000000, -0.972615309,
Cor (3),   -0.247874398, -0.972615309,  1.000000000,
VCV (1),    6.590876892, -0.017406078, -0.000098549,
VCV (2),   -0.017406078,  0.001747776, -0.000006297,
VCV (3),   -0.000098549, -0.000006297,  0.000000024,
St.dev,     2.567270319,  0.041806413,  0.000154863,
AutoCor,    0.243091226,  0.784128100,  0.290944183,

No.; 8; Score; 17780.099173444;
Markow Autoregressive (lag 1) bivariate joint 3 asset model uncond. params
uMean,      0.256932611, -0.005797619,  0.000587330,
VCV (1),    3.981297548,  0.024166635, -0.009882687,
VCV (2),    0.024166635,  0.003402295, -0.000137569,
VCV (3),   -0.009882687, -0.000137569,  0.000070541,
Cor (1),    1.000000000,  0.207643282, -0.589712564,
Cor (2),    0.207643282,  1.000000000, -0.280810504,
Cor (3),   -0.589712564, -0.280810504,  1.000000000,
St.dev,     1.995318909,  0.058329195,  0.008398898,
Skewness,   1.323830858,  0.094309315,  0.001010807,
Kurtosis,   6.373950033,  3.223448704,  0.225344281,
AutoCor,    0.224036903,  0.768481992,  0.252965307,
Markow Autoregressive (lag 1) bivariate joint 3 asset model cond. params
uProb.,   0.916667443,  0.083332557,
Prob (1),   0.928642216,  0.071357784,
Prob (2),   0.784943598,  0.215056402,
Mean,      0.042436232, -0.006458035,  0.000590450,
Cor (1),    1.000000000, -0.226492763, -0.806789691,
Cor (2),   -0.226492763,  1.000000000, -0.542063978,
Cor (3),   -0.806789691, -0.542063978,  1.000000000,
VCV (1),    1.960377235, -0.007781104, -0.009571202,
VCV (2),   -0.007781104,  0.000602052, -0.000112695,
VCV (3),   -0.009571202, -0.000112695,  0.000071791,
St.dev,     1.400134720,  0.024536753,  0.008472983,
Mean,      2.616416754,  0.001467031,  0.000553016,
Cor (1),    1.000000000,  0.728328325, -0.900326453,
Cor (2),    0.728328325,  1.000000000, -0.553466089,
Cor (3),   -0.900326453, -0.553466089,  1.000000000,
VCV (1),   17.820883170,  0.307690698, -0.006153890,
VCV (2),    0.307690698,  0.010014865, -0.000089681,
VCV (3),   -0.006153890, -0.000089681,  0.000002622,
St.dev,     4.221478789,  0.100074299,  0.001619143,
AutoCor,    0.235736750,  0.769364264,  0.252965473,

No.; 9; Score; 19419.840162001;
Markow Autoregressive (lag 1) bivariate joint 3 asset model uncond. params
uMean,      0.168771005, -0.002262552,  0.000246174,
VCV (1),    3.671504902,  0.004312794,  0.000744560,
VCV (2),    0.004312794,  0.003068952, -0.000093233,
VCV (3),    0.000744560, -0.000093233,  0.000022444,
Cor (1),    1.000000000,  0.040629514,  0.082021269,
Cor (2),    0.040629514,  1.000000000, -0.355240267,
Cor (3),    0.082021269, -0.355240267,  1.000000000,
St.dev,     1.916117142,  0.055398124,  0.004737521,
Skewness,   0.722490916, -0.018023398,  0.006984808,
Kurtosis,   0.855213335,  0.425402139,  0.324838762,
AutoCor,    0.768509822,  0.008113372,  0.075713000,
Markow Autoregressive (lag 1) bivariate joint 3 asset model cond. params
uProb.,   0.125781789,  0.874218211,
Prob (1),   0.659548947,  0.340451053,
Prob (2),   0.048983815,  0.951016185,
Mean,      3.465973103,  0.000065172,  0.000334566,
Cor (1),    1.000000000,  0.720632538,  0.750150435,
Cor (2),    0.720632538,  1.000000000, -0.488348743,
Cor (3),    0.750150435, -0.488348743,  1.000000000,
VCV (1),    0.698321426,  0.002464611,  0.004048515,
VCV (2),    0.002464611,  0.000016750, -0.000012908,
VCV (3),    0.004048515, -0.000012908,  0.000041710,
St.dev,     0.835656285,  0.004092672,  0.006458322,
Mean,     -0.305627691, -0.002597462,  0.000233456,
Cor (1),    1.000000000,  0.085830750,  0.058516731,
Cor (2),    0.085830750,  1.000000000, -0.400353501,
Cor (3),    0.058516731, -0.400353501,  1.000000000,
VCV (1),    0.418878288,  0.003289682,  0.000167342,
VCV (2),    0.003289682,  0.003506986, -0.000104759,
VCV (3),    0.000167342, -0.000104759,  0.000019524,
St.dev,     0.647208072,  0.059219814,  0.004418575,
AutoCor,    0.885746717,  0.007960297,  0.075686209,

No.; 10; Score; 20227.783104323;
Markow Autoregressive (lag 1) bivariate joint 3 asset model uncond. params
uMean,      0.020818880, -0.007249803,  0.000038004,
VCV (1),    4.102730618, -0.015899109,  0.000062737,
VCV (2),   -0.015899109,  0.000726949, -0.000008991,
VCV (3),    0.000062737, -0.000008991,  0.000001895,
Cor (1),    1.000000000, -0.291128124,  0.022500062,
Cor (2),   -0.291128124,  1.000000000, -0.242243099,
Cor (3),    0.022500062, -0.242243099,  1.000000000,
St.dev,     2.025519839,  0.026962001,  0.001376593,
Skewness,  -1.219905730,  0.698122837,  0.092743688,
Kurtosis,   6.040585479, 10.221592730,  2.413267769,
AutoCor,    0.673632478,  0.478429727,  0.030477853,
Markow Autoregressive (lag 1) bivariate joint 3 asset model cond. params
uProb.,   0.946535592,  0.053464408,
Prob (1),   0.946536902,  0.053463098,
Prob (2),   0.946512402,  0.053487598,
Mean,      0.240339774, -0.008101297,  0.000026688,
Cor (1),    1.000000000, -0.822909245,  0.156414879,
Cor (2),   -0.822909245,  1.000000000, -0.174987750,
Cor (3),    0.156414879, -0.174987750,  1.000000000,
VCV (1),    0.297933120, -0.007047906,  0.000104186,
VCV (2),   -0.007047906,  0.000246205, -0.000003351,
VCV (3),    0.000104186, -0.000003351,  0.000001489,
St.dev,     0.545832502,  0.015690934,  0.001220317,
Mean,     -3.865586067,  0.007825086,  0.000238357,
Cor (1),    1.000000000, -0.050756685,  0.009785004,
Cor (2),   -0.050756685,  1.000000000, -0.477890179,
Cor (3),    0.009785004, -0.477890179,  1.000000000,
VCV (1),   11.542121717, -0.013166244,  0.000099755,
VCV (2),   -0.013166244,  0.005829773, -0.000109493,
VCV (3),    0.000099755, -0.000109493,  0.000009005,
St.dev,     3.397369823,  0.076352952,  0.003000757,
AutoCor,    0.850481812,  0.487029061,  0.030514333,

No.; 11; Score; 23185.011528802;
Markow Autoregressive (lag 1) bivariate joint 3 asset model uncond. params
uMean,     -0.118227332, -0.006657986, -0.000128924,
VCV (1),    4.058202721, -0.014003257, -0.001031283,
VCV (2),   -0.014003257,  0.003058417,  0.000008645,
VCV (3),   -0.001031283,  0.000008645,  0.000007754,
Cor (1),    1.000000000, -0.125693791, -0.183842785,
Cor (2),   -0.125693791,  1.000000000,  0.056138766,
Cor (3),   -0.183842785,  0.056138766,  1.000000000,
St.dev,     2.014498131,  0.055302959,  0.002784610,
Skewness,   0.755544060,  0.084263213,  0.037635549,
Kurtosis,  -1.103578740,  4.409627760,  0.463082699,
AutoCor,    0.359251340,  0.171221343,  0.046814489,
Markow Autoregressive (lag 1) bivariate joint 3 asset model cond. params
uProb.,   0.622705613,  0.377294387,
Prob (1),   0.767766939,  0.232233061,
Prob (2),   0.383289113,  0.616710887,
Mean,     -1.614390396, -0.007655794, -0.000198195,
Cor (1),    1.000000000,  0.334473930, -0.723229980,
Cor (2),    0.334473930,  1.000000000,  0.477574823,
Cor (3),   -0.723229980,  0.477574823,  1.000000000,
VCV (1),    0.012781034,  0.000405835, -0.000189352,
VCV (2),    0.000405835,  0.000115188,  0.000011870,
VCV (3),   -0.000189352,  0.000011870,  0.000005363,
St.dev,     0.113053233,  0.010732577,  0.002315845,
Mean,      2.351115364, -0.005011152, -0.000014596,
Cor (1),    1.000000000, -0.514740001, -0.867945086,
Cor (2),   -0.514740001,  1.000000000,  0.009505890,
Cor (3),   -0.867945086,  0.009505890,  1.000000000,
VCV (1),    0.932557552, -0.043546292, -0.002858971,
VCV (2),   -0.043546292,  0.007674514,  0.000002841,
VCV (3),   -0.002858971,  0.000002841,  0.000011635,
St.dev,     0.965690195,  0.087604303,  0.003410984,
AutoCor,    0.102969711,  0.171106704,  0.046469261,

No.; 12; Score; 25031.948904243;
Markow Autoregressive (lag 1) bivariate joint 3 asset model uncond. params
uMean,      0.208304503,  0.008581425,  0.000115655,
VCV (1),    4.061580763, -0.005387279,  0.000684781,
VCV (2),   -0.005387279,  0.003503303, -0.000007948,
VCV (3),    0.000684781, -0.000007948,  0.000001759,
Cor (1),    1.000000000, -0.045163028,  0.256206455,
Cor (2),   -0.045163028,  1.000000000, -0.101253868,
Cor (3),    0.256206455, -0.101253868,  1.000000000,
St.dev,     2.015336390,  0.059188710,  0.001326216,
Skewness,  -2.902369617, -0.001770458,  0.041912807,
Kurtosis,  12.230122354,  0.359767330,  8.587114678,
AutoCor,    0.451354187,  0.798530258,  0.023756900,
Markow Autoregressive (lag 1) bivariate joint 3 asset model cond. params
uProb.,   0.129686644,  0.870313356,
Prob (1),   0.505327180,  0.494672820,
Prob (2),   0.073711908,  0.926288092,
Mean,     -2.975708534,  0.008255311,  0.000144027,
Cor (1),    1.000000000, -0.374116700,  0.490995623,
Cor (2),   -0.374116700,  1.000000000, -0.530270336,
Cor (3),    0.490995623, -0.530270336,  1.000000000,
VCV (1),   14.540625661, -0.079358902,  0.005759755,
VCV (2),   -0.079358902,  0.003094525, -0.000090746,
VCV (3),    0.005759755, -0.000090746,  0.000009464,
St.dev,     3.813217232,  0.055628456,  0.003076344,
Mean,      0.682758861,  0.008630020,  0.000111427,
Cor (1),    1.000000000,  0.671067320, -0.225178186,
Cor (2),    0.671067320,  1.000000000,  0.185128212,
Cor (3),   -0.225178186,  0.185128212,  1.000000000,
VCV (1),    0.135867442,  0.007812094, -0.000064796,
VCV (2),    0.007812094,  0.000997441,  0.000004564,
VCV (3),   -0.000064796,  0.000004564,  0.000000609,
St.dev,     0.368602011,  0.031582292,  0.000780663,
AutoCor,    0.463043719,  0.798531918,  0.023729083,

No.; 13; Score; 25638.979788249;
Markow Autoregressive (lag 1) bivariate joint 3 asset model uncond. params
uMean,      0.235956491, -0.005125610,  0.000015498,
VCV (1),    4.148994706, -0.000406081,  0.000085311,
VCV (2),   -0.000406081,  0.000349863,  0.000022964,
VCV (3),    0.000085311,  0.000022964,  0.000018615,
Cor (1),    1.000000000, -0.010658413,  0.009707415,
Cor (2),   -0.010658413,  1.000000000,  0.284556149,
Cor (3),    0.009707415,  0.284556149,  1.000000000,
St.dev,     2.036908124,  0.018704628,  0.004314494,
Skewness,   0.054222965,  0.077459529, -0.019103204,
Kurtosis,  -1.190127396,  0.133083318,  0.407193174,
AutoCor,   -0.274403079,  0.781734512,  0.209985587,
Markow Autoregressive (lag 1) bivariate joint 3 asset model cond. params
uProb.,   0.472807609,  0.527192391,
Prob (1),   0.177960628,  0.822039372,
Prob (2),   0.737238391,  0.262761609,
Mean,     -1.649534587, -0.008097481,  0.000094290,
Cor (1),    1.000000000, -0.564147223, -0.877926290,
Cor (2),   -0.564147223,  1.000000000,  0.771735307,
Cor (3),   -0.877926290,  0.771735307,  1.000000000,
VCV (1),    0.261920505, -0.001549617, -0.001446918,
VCV (2),   -0.001549617,  0.000028807,  0.000013339,
VCV (3),   -0.001446918,  0.000013339,  0.000010371,
St.dev,     0.511781696,  0.005367194,  0.003220336,
Mean,      1.926941687, -0.002460315, -0.000055166,
Cor (1),    1.000000000, -0.269844770,  0.382045040,
Cor (2),   -0.269844770,  1.000000000,  0.355332643,
Cor (3),    0.382045040,  0.355332643,  1.000000000,
VCV (1),    0.766703407, -0.003293349,  0.001653725,
VCV (2),   -0.003293349,  0.000194276,  0.000024484,
VCV (3),    0.001653725,  0.000024484,  0.000024438,
St.dev,     0.875616016,  0.013938307,  0.004943504,
AutoCor,    0.671071153,  0.812798358,  0.210215746,

No.; 14; Score; 27561.278176988;
Markow Autoregressive (lag 1) bivariate joint 3 asset model uncond. params
uMean,     -0.217721426,  0.000390575,  0.000036312,
VCV (1),    4.089857117,  0.009548911,  0.000542662,
VCV (2),    0.009548911,  0.003235508, -0.000030263,
VCV (3),    0.000542662, -0.000030263,  0.000036403,
Cor (1),    1.000000000,  0.083009641,  0.044474141,
Cor (2),    0.083009641,  1.000000000, -0.088181530,
Cor (3),    0.044474141, -0.088181530,  1.000000000,
St.dev,     2.022339516,  0.056881528,  0.006033483,
Skewness,   0.128121999, -0.083207432, -0.152178849,
Kurtosis,  -0.015558527,  0.165377514,  2.603228866,
AutoCor,    0.451123472,  0.537326972,  0.063019216,
Markow Autoregressive (lag 1) bivariate joint 3 asset model cond. params
uProb.,   0.474967429,  0.525032571,
Prob (1),   0.127374865,  0.872625135,
Prob (2),   0.789414866,  0.210585134,
Mean,     -1.057481829,  0.007622697,  0.000381674,
Cor (1),    1.000000000, -0.067538096, -0.542521715,
Cor (2),   -0.067538096,  1.000000000, -0.465816438,
Cor (3),   -0.542521715, -0.465816438,  1.000000000,
VCV (1),    1.335967683, -0.002775709, -0.000384763,
VCV (2),   -0.002775709,  0.001264312, -0.000010163,
VCV (3),   -0.000384763, -0.000010163,  0.000000376,
St.dev,     1.155840683,  0.035557168,  0.000613590,
Mean,      0.541962566, -0.006151919, -0.000276118,
Cor (1),    1.000000000,  0.235563748,  0.137946151,
Cor (2),    0.235563748,  1.000000000, -0.110375678,
Cor (3),    0.137946151, -0.110375678,  1.000000000,
VCV (1),    2.529436152,  0.020715282,  0.001815726,
VCV (2),    0.020715282,  0.003057321, -0.000050509,
VCV (3),    0.001815726, -0.000050509,  0.000068495,
St.dev,     1.590420118,  0.055293048,  0.008276161,
AutoCor,    0.656849165,  0.555126837,  0.065174747,

No.; 15; Score; 28604.976514965;
Markow Autoregressive (lag 1) bivariate joint 3 asset model uncond. params
uMean,     -0.087002574, -0.002503463,  0.000122871,
VCV (1),    3.820969232,  0.036297470,  0.000276860,
VCV (2),    0.036297470,  0.007627914, -0.000229312,
VCV (3),    0.000276860, -0.000229312,  0.000028870,
Cor (1),    1.000000000,  0.212611466,  0.026360092,
Cor (2),    0.212611466,  1.000000000, -0.488649357,
Cor (3),    0.026360092, -0.488649357,  1.000000000,
St.dev,     1.954729964,  0.087337931,  0.005373114,
Skewness,   0.972451102,  0.049395368,  0.019889764,
Kurtosis,   1.279300064,  0.187430504,  0.397990752,
AutoCor,    0.514637510,  0.392656326,  0.825483422,
Markow Autoregressive (lag 1) bivariate joint 3 asset model cond. params
uProb.,   0.799250123,  0.200749877,
Prob (1),   0.941999081,  0.058000919,
Prob (2),   0.230920399,  0.769079601,
Mean,     -0.747723716, -0.005455687,  0.000181411,
Cor (1),    1.000000000,  0.479046404,  0.081390440,
Cor (2),    0.479046404,  1.000000000, -0.750618760,
Cor (3),    0.081390440, -0.750618760,  1.000000000,
VCV (1),    1.382727489,  0.042181162,  0.000324084,
VCV (2),    0.042181162,  0.005607190, -0.000190330,
VCV (3),    0.000324084, -0.000190330,  0.000011467,
St.dev,     1.175894336,  0.074881175,  0.003386228,
Mean,      2.543541775,  0.009250292, -0.000110196,
Cor (1),    1.000000000, -0.242525525,  0.344547749,
Cor (2),   -0.242525525,  1.000000000, -0.375578942,
Cor (3),    0.344547749, -0.375578942,  1.000000000,
VCV (1),    3.594323866, -0.045311944,  0.000234531,
VCV (2),   -0.045311944,  0.009711656, -0.000013289,
VCV (3),    0.000234531, -0.000013289,  0.000000129,
St.dev,     1.895870213,  0.098547733,  0.000359039,
AutoCor,    0.350720047,  0.391201190,  0.825537514,

No.; 16; Score; 30244.46518353;
Markow Autoregressive (lag 1) bivariate joint 3 asset model uncond. params
uMean,      0.012359132, -0.003135324, -0.000352858,
VCV (1),    4.001119003,  0.058276708, -0.000593751,
VCV (2),    0.058276708,  0.006414093,  0.000049455,
VCV (3),   -0.000593751,  0.000049455,  0.000014225,
Cor (1),    1.000000000,  0.363778190, -0.078702176,
Cor (2),    0.363778190,  1.000000000,  0.163724522,
Cor (3),   -0.078702176,  0.163724522,  1.000000000,
St.dev,     2.000279731,  0.080088031,  0.003771610,
Skewness,   0.265101118, -0.063914470,  0.021889445,
Kurtosis,  -0.991915946,  0.191068789,  0.027302974,
AutoCor,   -0.213333022,  0.768084226,  0.427857314,
Markow Autoregressive (lag 1) bivariate joint 3 asset model cond. params
uProb.,   0.666267395,  0.333732605,
Prob (1),   0.515805477,  0.484194523,
Prob (2),   0.966651204,  0.033348796,
Mean,     -1.195910491, -0.008865726, -0.000566012,
Cor (1),    1.000000000,  0.681761837, -0.449708700,
Cor (2),    0.681761837,  1.000000000,  0.226293445,
Cor (3),   -0.449708700,  0.226293445,  1.000000000,
VCV (1),    1.098613780,  0.043541899, -0.001527147,
VCV (2),    0.043541899,  0.003712824,  0.000044674,
VCV (3),   -0.001527147,  0.000044674,  0.000010497,
St.dev,     1.048147785,  0.060932944,  0.003239867,
Mean,      2.424561728,  0.008304914,  0.000072685,
Cor (1),    1.000000000,  0.772098802,  0.133767102,
Cor (2),    0.772098802,  1.000000000,  0.265092984,
Cor (3),    0.133767102,  0.265092984,  1.000000000,
VCV (1),    0.477684001,  0.002205721,  0.000338908,
VCV (2),    0.002205721,  0.000017085,  0.000004017,
VCV (3),    0.000338908,  0.000004017,  0.000013438,
St.dev,     0.691146873,  0.004133400,  0.003665744,
AutoCor,    0.423790455,  0.780671317,  0.433496344,

No.; 17; Score; 30794.261537069;
Markow Autoregressive (lag 1) bivariate joint 3 asset model uncond. params
uMean,      0.181825584, -0.005182859, -0.000070969,
VCV (1),    3.523602053, -0.014448681,  0.000619571,
VCV (2),   -0.014448681,  0.000623825,  0.000003111,
VCV (3),    0.000619571,  0.000003111,  0.000011841,
Cor (1),    1.000000000, -0.308179222,  0.095920020,
Cor (2),   -0.308179222,  1.000000000,  0.036196681,
Cor (3),    0.095920020,  0.036196681,  1.000000000,
St.dev,     1.877126009,  0.024976491,  0.003441032,
Skewness,  -0.959493894,  0.013252469, -0.079791569,
Kurtosis,   0.204443213,  0.076759480,  0.199484978,
AutoCor,   -0.078477527,  0.576088206,  0.337297102,
Markow Autoregressive (lag 1) bivariate joint 3 asset model cond. params
uProb.,   0.479877836,  0.520122164,
Prob (1),   0.248197242,  0.751802758,
Prob (2),   0.693632198,  0.306367802,
Mean,      1.494460261, -0.004429557, -0.000443223,
Cor (1),    1.000000000, -0.726422116, -0.577938888,
Cor (2),   -0.726422116,  1.000000000, -0.432171434,
Cor (3),   -0.577938888, -0.432171434,  1.000000000,
VCV (1),    0.006666094, -0.001364795, -0.000174217,
VCV (2),   -0.001364795,  0.000529524, -0.000036717,
VCV (3),   -0.000174217, -0.000036717,  0.000013632,
St.dev,     0.081646152,  0.023011383,  0.003692091,
Mean,     -1.029244298, -0.005877874,  0.000272482,
Cor (1),    1.000000000, -0.738996871,  0.407383153,
Cor (2),   -0.738996871,  1.000000000,  0.822784282,
Cor (3),    0.407383153,  0.822784282,  1.000000000,
VCV (1),    3.526858081, -0.024471667,  0.002059876,
VCV (2),   -0.024471667,  0.000310924,  0.000039062,
VCV (3),    0.002059876,  0.000039062,  0.000007249,
St.dev,     1.877993099,  0.017633031,  0.002692428,
AutoCor,    0.223164994,  0.576946258,  0.345840976,

No.; 18; Score; 32078.263151687;
Markow Autoregressive (lag 1) bivariate joint 3 asset model uncond. params
uMean,     -0.072780119,  0.007773799,  0.000210208,
VCV (1),    4.173799864, -0.030825940,  0.006362712,
VCV (2),   -0.030825940,  0.001035695, -0.000198310,
VCV (3),    0.006362712, -0.000198310,  0.000149541,
Cor (1),    1.000000000, -0.468850736,  0.254680919,
Cor (2),   -0.468850736,  1.000000000, -0.503905502,
Cor (3),    0.254680919, -0.503905502,  1.000000000,
St.dev,     2.042987974,  0.032182214,  0.012228693,
Skewness,  -0.739765789,  0.076409625,  0.003941871,
Kurtosis,  11.433354121,  0.081253574,  0.242300482,
AutoCor,    0.334151696,  0.589562118,  0.939205039,
Markow Autoregressive (lag 1) bivariate joint 3 asset model cond. params
uProb.,   0.917014290,  0.082985710,
Prob (1),   0.944929044,  0.055070956,
Prob (2),   0.608548795,  0.391451205,
Mean,      0.006616009,  0.009069590,  0.000175719,
Cor (1),    1.000000000, -0.955675229,  0.914397601,
Cor (2),   -0.955675229,  1.000000000, -0.958592117,
Cor (3),    0.914397601, -0.958592117,  1.000000000,
VCV (1),    1.359692718, -0.029802823,  0.003871271,
VCV (2),   -0.029802823,  0.000715243, -0.000093080,
VCV (3),    0.003871271, -0.000093080,  0.000013182,
St.dev,     1.166058625,  0.026744020,  0.003630765,
Mean,     -0.950128570, -0.006545046,  0.000591311,
Cor (1),    1.000000000,  0.753728736,  0.229819745,
Cor (2),    0.753728736,  1.000000000, -0.597895065,
Cor (3),    0.229819745, -0.597895065,  1.000000000,
VCV (1),   28.910161157,  0.020632415,  0.010082735,
VCV (2),    0.020632415,  0.000025919, -0.000024837,
VCV (3),    0.010082735, -0.000024837,  0.000066578,
St.dev,     5.376817010,  0.005091078,  0.008159541,
AutoCor,    0.334113872,  0.594180552,  0.939258028,

No.; 19; Score; 33797.032489289;
Markow Autoregressive (lag 1) bivariate joint 3 asset model uncond. params
uMean,      0.095174778,  0.006223109,  0.000319997,
VCV (1),    3.544406169,  0.058472888,  0.001023086,
VCV (2),    0.058472888,  0.002543978, -0.000070770,
VCV (3),    0.001023086, -0.000070770,  0.000004166,
Cor (1),    1.000000000,  0.615780772,  0.266228667,
Cor (2),    0.615780772,  1.000000000, -0.687398600,
Cor (3),    0.266228667, -0.687398600,  1.000000000,
St.dev,     1.882659334,  0.050437863,  0.002041199,
Skewness,   0.239098590, -0.020121929, -0.090364437,
Kurtosis,   1.374785957,  0.926474123,  0.671345536,
AutoCor,    0.674312766,  0.770226641,  0.770389213,
Markow Autoregressive (lag 1) bivariate joint 3 asset model cond. params
uProb.,   0.336398394,  0.663601606,
Prob (1),   0.336529218,  0.663470782,
Prob (2),   0.336332076,  0.663667924,
Mean,      0.451446185,  0.005160623,  0.000090761,
Cor (1),    1.000000000,  0.584417434,  0.222964555,
Cor (2),    0.584417434,  1.000000000, -0.642085887,
Cor (3),    0.222964555, -0.642085887,  1.000000000,
VCV (1),    4.762231301,  0.065421421,  0.000954302,
VCV (2),    0.065421421,  0.002631377, -0.000064600,
VCV (3),    0.000954302, -0.000064600,  0.000003847,
St.dev,     2.182253721,  0.051296953,  0.001961303,
Mean,     -0.085429260,  0.006761713,  0.000436203,
Cor (1),    1.000000000,  0.947188571,  0.607610457,
Cor (2),    0.947188571,  1.000000000, -0.935446426,
Cor (3),    0.607610457, -0.935446426,  1.000000000,
VCV (1),    0.356601276,  0.008465938,  0.000266174,
VCV (2),    0.008465938,  0.000224024, -0.000010271,
VCV (3),    0.000266174, -0.000010271,  0.000000538,
St.dev,     0.597161014,  0.014967428,  0.000733583,
AutoCor,    0.686776720,  0.770399895,  0.775345147,

No.; 20; Score; 36238.306240948;
Markow Autoregressive (lag 1) bivariate joint 3 asset model uncond. params
uMean,     -0.064473399,  0.005494107, -0.000460298,
VCV (1),    4.092645452, -0.077609531,  0.004691488,
VCV (2),   -0.077609531,  0.005524546, -0.000199263,
VCV (3),    0.004691488, -0.000199263,  0.000016192,
Cor (1),    1.000000000, -0.516136657,  0.576306041,
Cor (2),   -0.516136657,  1.000000000, -0.666229781,
Cor (3),    0.576306041, -0.666229781,  1.000000000,
St.dev,     2.023028782,  0.074327289,  0.004023976,
Skewness,   0.008251487,  0.044318045,  0.001212042,
Kurtosis,   1.461225172,  0.087775143,  0.009531548,
AutoCor,    0.283847871,  0.059505629,  0.582929107,
Markow Autoregressive (lag 1) bivariate joint 3 asset model cond. params
uProb.,   0.366083415,  0.633916585,
Prob (1),   0.593450704,  0.406549296,
Prob (2),   0.234780030,  0.765219970,
Mean,     -0.074994720, -0.002816575, -0.000500339,
Cor (1),    1.000000000,  0.248767719, -0.358814498,
Cor (2),    0.248767719,  1.000000000, -0.505806401,
Cor (3),   -0.358814498, -0.505806401,  1.000000000,
VCV (1),    0.123145621,  0.005653833, -0.000391947,
VCV (2),    0.005653833,  0.004194487, -0.000101970,
VCV (3),   -0.000391947, -0.000101970,  0.000009689,
St.dev,     0.350921104,  0.064764863,  0.003112777,
Mean,     -0.058397393,  0.010293481, -0.000437174,
Cor (1),    1.000000000, -0.649058286,  0.787606493,
Cor (2),   -0.649058286,  1.000000000, -0.927787647,
Cor (3),    0.787606493, -0.927787647,  1.000000000,
VCV (1),    5.864754206, -0.123779763,  0.006402243,
VCV (2),   -0.123779763,  0.006201291, -0.000245238,
VCV (3),    0.006402243, -0.000245238,  0.000011267,
St.dev,     2.421725461,  0.078748273,  0.003356587,
AutoCor,    0.283846702,  0.057330012,  0.582941931,

No.; 21; Score; 36304.322749595;
Markow Autoregressive (lag 1) bivariate joint 3 asset model uncond. params
uMean,     -0.191058968, -0.004685721, -0.000332191,
VCV (1),    4.022220524, -0.050859093, -0.003831727,
VCV (2),   -0.050859093,  0.007418920,  0.000084570,
VCV (3),   -0.003831727,  0.000084570,  0.000150085,
Cor (1),    1.000000000, -0.294418663, -0.155952719,
Cor (2),   -0.294418663,  1.000000000,  0.080145432,
Cor (3),   -0.155952719,  0.080145432,  1.000000000,
St.dev,     2.005547437,  0.086133152,  0.012250919,
Skewness,   0.212729363,  0.010497758, -0.001617726,
Kurtosis,   0.992063966,  0.012055819,  0.016848361,
AutoCor,    0.226049819,  0.510216632,  0.969749294,
Markow Autoregressive (lag 1) bivariate joint 3 asset model cond. params
uProb.,   0.695265090,  0.304734910,
Prob (1),   0.657882230,  0.342117770,
Prob (2),   0.780555605,  0.219444395,
Mean,     -0.029509369, -0.008036784, -0.000504584,
Cor (1),    1.000000000, -0.435751349, -0.517171212,
Cor (2),   -0.435751349,  1.000000000,  0.328477293,
Cor (3),   -0.517171212,  0.328477293,  1.000000000,
VCV (1),    5.324024766, -0.072190404, -0.004068017,
VCV (2),   -0.072190404,  0.005155151,  0.000080400,
VCV (3),   -0.004068017,  0.000080400,  0.000011621,
St.dev,     2.307384833,  0.071799381,  0.003409011,
Mean,     -0.559640948,  0.002959866,  0.000061131,
Cor (1),    1.000000000,  0.673481215, -0.502857789,
Cor (2),    0.673481215,  1.000000000, -0.384000545,
Cor (3),   -0.502857789, -0.384000545,  1.000000000,
VCV (1),    0.161072408,  0.021161698, -0.000309210,
VCV (2),    0.021161698,  0.006129554, -0.000046062,
VCV (3),   -0.000309210, -0.000046062,  0.000002347,
St.dev,     0.401338272,  0.078291471,  0.001532136,
AutoCor,    0.231289830,  0.512409858,  0.970243057,

No.; 22; Score; 37231.185304845;
Markow Autoregressive (lag 1) bivariate joint 3 asset model uncond. params
uMean,      0.053355641,  0.004008116, -0.000216566,
VCV (1),    3.772946499,  0.007995013, -0.001094341,
VCV (2),    0.007995013,  0.009610584, -0.000337473,
VCV (3),   -0.001094341, -0.000337473,  0.000016427,
Cor (1),    1.000000000,  0.041985948, -0.139006996,
Cor (2),    0.041985948,  1.000000000, -0.849354369,
Cor (3),   -0.139006996, -0.849354369,  1.000000000,
St.dev,     1.942407398,  0.098033584,  0.004052990,
Skewness,  -0.756592325,  0.003064725, -0.083413952,
Kurtosis,  -1.273837554,  0.164086046,  0.532310528,
AutoCor,   -0.259997146,  0.775245349,  0.576362702,
Markow Autoregressive (lag 1) bivariate joint 3 asset model cond. params
uProb.,   0.673504403,  0.326495597,
Prob (1),   0.579595927,  0.420404073,
Prob (2),   0.867221477,  0.132778523,
Mean,      1.382289368,  0.004375545, -0.000412481,
Cor (1),    1.000000000,  0.521060631, -0.852167562,
Cor (2),    0.521060631,  1.000000000, -0.918138178,
Cor (3),   -0.852167562, -0.918138178,  1.000000000,
VCV (1),    0.043162996,  0.007898434, -0.000705455,
VCV (2),    0.007898434,  0.005323458, -0.000266928,
