Round No; 9; best result RLS; 7.3165301194662

;;;
Statistical description of data for: Meginajums1
Calib/Tail/Per/Cur, 784, 9999, 23, 0,
Title,    INDEX WITH EQUAL WEIGHTS based on market value,EQUITY LM SNP,REX BOND     ,
Mean,       0.000158634,  0.000175148,  0.000011824,
VCV (1),    0.000022943, -0.000000281, -0.000000006,
VCV (2),   -0.000000281,  0.000027803, -0.000000034,
VCV (3),   -0.000000006, -0.000000034,  0.000000099,
St.dev,     0.004789897,  0.005272874,  0.000315163,
Skewness,  -1.581739356, -0.533728382, -0.333150084,
Kurtosis,  24.552038003,  6.345066446, 26.810331499,
AutoCor,   -0.072787598,  0.126724186, -0.366572783,
No.; 1; Score; 7.3165301194662;
Markow Autoregressive (lag 1) bivariate joint 3 asset model uncond. params
uMean,     -0.006113153,  0.000630201, -0.000277467,
VCV (1),    0.000059697, -0.000003452,  0.000000764,
VCV (2),   -0.000003452,  0.000059816, -0.000001113,
VCV (3),    0.000000764, -0.000001113,  0.000000201,
Cor (1),    1.000000000, -0.057760549,  0.220238533,
Cor (2),   -0.057760549,  1.000000000, -0.320543810,
Cor (3),    0.220238533, -0.320543810,  1.000000000,
St.dev,     0.007726380,  0.007734096,  0.000448753,
Skewness,  -0.074609390, -0.030971717,  0.071476706,
Kurtosis,   0.222705304, -0.058676186, -0.011517438,
AutoCor,   -0.745822736, -0.575321754, -0.035191331,
Markow Autoregressive (lag 1) bivariate joint 3 asset model cond. params
uProb.,   0.384233974,  0.615766026,
Prob (1),   0.395609849,  0.604390151,
Prob (2),   0.377135502,  0.622864498,
Mean,     -0.007209603,  0.004546917, -0.000447058,
Cor (1),    1.000000000,  0.581945801,  0.828801269,
Cor (2),    0.581945801,  1.000000000, -0.129448242,
Cor (3),    0.828801269, -0.129448242,  1.000000000,
VCV (1),    0.000041737,  0.000017868,  0.000002136,
VCV (2),    0.000017868,  0.000022587, -0.000000245,
VCV (3),    0.000002136, -0.000000245,  0.000000159,
St.dev,     0.006460410,  0.004752570,  0.000398976,
Mean,     -0.005428975, -0.001813804, -0.000171644,
Cor (1),    1.000000000, -0.564371850, -0.181632512,
Cor (2),   -0.564371850,  1.000000000, -0.397084961,
Cor (3),   -0.181632512, -0.397084961,  1.000000000,
VCV (1),    0.000015038, -0.000011751, -0.000000313,
VCV (2),   -0.000011751,  0.000028828, -0.000000949,
VCV (3),   -0.000000313, -0.000000949,  0.000000198,
St.dev,     0.003877908,  0.005369163,  0.000445059,
AutoCor,   -0.755549316, -0.688452149, -0.040441895,

No.; 2; Score; 8.9453292093078;
Markow Autoregressive (lag 1) bivariate joint 3 asset model uncond. params
uMean,      0.000139918,  0.000206818, -0.000006787,
VCV (1),    0.000014679, -0.000001531, -0.000000715,
VCV (2),   -0.000001531,  0.000037690, -0.000000072,
VCV (3),   -0.000000715, -0.000000072,  0.000000272,
Cor (1),    1.000000000, -0.065106050, -0.357583644,
Cor (2),   -0.065106050,  1.000000000, -0.022627716,
Cor (3),   -0.357583644, -0.022627716,  1.000000000,
St.dev,     0.003831330,  0.006139199,  0.000521547,
Skewness,  -0.217941385,  0.000650493, -0.156934804,
Kurtosis,  -0.152644532, -0.000005715, -0.046363662,
AutoCor,   -0.298805084,  0.159788132, -0.293989115,
Markow Autoregressive (lag 1) bivariate joint 3 asset model cond. params
uProb.,   0.539474652,  0.460525348,
Prob (1),   0.260193413,  0.739806587,
Prob (2),   0.866633951,  0.133366049,
Mean,      0.002189264,  0.000565627, -0.000218108,
Cor (1),    1.000000000, -0.844348934, -0.602027289,
Cor (2),   -0.844348934,  1.000000000,  0.416452239,
Cor (3),   -0.602027289,  0.416452239,  1.000000000,
VCV (1),    0.000008077, -0.000014532, -0.000000843,
VCV (2),   -0.000014532,  0.000036672,  0.000001242,
VCV (3),   -0.000000843,  0.000001242,  0.000000243,
St.dev,     0.002842090,  0.006055739,  0.000492531,
Mean,     -0.002260755, -0.000213503,  0.000240762,
Cor (1),    1.000000000,  0.577462496,  0.398151260,
Cor (2),    0.577462496,  1.000000000, -0.570390565,
Cor (3),    0.398151260, -0.570390565,  1.000000000,
VCV (1),    0.000011292,  0.000011706,  0.000000551,
VCV (2),    0.000011706,  0.000036392, -0.000001418,
VCV (3),    0.000000551, -0.000001418,  0.000000170,
St.dev,     0.003360308,  0.006032609,  0.000412168,
AutoCor,   -0.143721051,  0.162866498, -0.219591342,

No.; 3; Score; 11.546804006635;
Markow Autoregressive (lag 1) bivariate joint 3 asset model uncond. params
uMean,      0.000132500,  0.000126333,  0.000031551,
VCV (1),    0.000040760,  0.000012308, -0.000000304,
VCV (2),    0.000012308,  0.000047129,  0.000000535,
VCV (3),   -0.000000304,  0.000000535,  0.000000230,
Cor (1),    1.000000000,  0.280813094, -0.099418619,
Cor (2),    0.280813094,  1.000000000,  0.162511186,
Cor (3),   -0.099418619,  0.162511186,  1.000000000,
St.dev,     0.006384338,  0.006865034,  0.000479664,
Skewness,  -0.047852169,  0.313363939,  0.105898199,
Kurtosis,  -0.046135360,  0.410719403, -0.967880925,
AutoCor,   -0.152865354,  0.065786472, -0.271306248,
Markow Autoregressive (lag 1) bivariate joint 3 asset model cond. params
uProb.,   0.610686018,  0.389313982,
Prob (1),   0.460869032,  0.539130968,
Prob (2),   0.845692063,  0.154307937,
Mean,      0.002241084,  0.001571302, -0.000287280,
Cor (1),    1.000000000, -0.033787801,  0.411115694,
Cor (2),   -0.033787801,  1.000000000,  0.914624798,
Cor (3),    0.411115694,  0.914624798,  1.000000000,
VCV (1),    0.000032999, -0.000001488,  0.000000677,
VCV (2),   -0.000001488,  0.000058784,  0.000002009,
VCV (3),    0.000000677,  0.000002009,  0.000000082,
St.dev,     0.005744490,  0.007667068,  0.000286505,
Mean,     -0.003175069, -0.002140275,  0.000531676,
Cor (1),    1.000000000,  0.852677742,  0.644228993,
Cor (2),    0.852677742,  1.000000000,  0.083415001,
Cor (3),    0.644228993,  0.083415001,  1.000000000,
VCV (1),    0.000034062,  0.000021874,  0.000000862,
VCV (2),    0.000021874,  0.000019320,  0.000000084,
VCV (3),    0.000000862,  0.000000084,  0.000000053,
St.dev,     0.005836306,  0.004395396,  0.000229347,
AutoCor,   -0.104982693,  0.099440004, -0.015000519,

No.; 4; Score; 12.569113535672;
Markow Autoregressive (lag 1) bivariate joint 3 asset model uncond. params
uMean,      0.000119826,  0.000176173,  0.000006424,
VCV (1),    0.000030664,  0.000020323,  0.000000567,
VCV (2),    0.000020323,  0.000038021, -0.000000435,
VCV (3),    0.000000567, -0.000000435,  0.000000153,
Cor (1),    1.000000000,  0.595204976,  0.261964394,
Cor (2),    0.595204976,  1.000000000, -0.180501309,
Cor (3),    0.261964394, -0.180501309,  1.000000000,
St.dev,     0.005537543,  0.006166088,  0.000390734,
Skewness,  -0.010227038,  0.033742110,  0.105386311,
Kurtosis,  -0.321424129,  0.874091482,  1.256675707,
AutoCor,    0.033692630,  0.103201259,  0.037172076,
Markow Autoregressive (lag 1) bivariate joint 3 asset model cond. params
uProb.,   0.558175247,  0.441824753,
Prob (1),   0.462006141,  0.537993859,
Prob (2),   0.679669604,  0.320330396,
Mean,      0.003230180,  0.000290475,  0.000025279,
Cor (1),    1.000000000,  0.941770313,  0.303768801,
Cor (2),    0.941770313,  1.000000000, -0.235607336,
Cor (3),    0.303768801, -0.235607336,  1.000000000,
VCV (1),    0.000018411,  0.000030213,  0.000000639,
VCV (2),    0.000030213,  0.000055902, -0.000000863,
VCV (3),    0.000000639, -0.000000863,  0.000000240,
St.dev,     0.004290780,  0.007476776,  0.000489938,
Mean,     -0.003809612,  0.000031772, -0.000017396,
Cor (1),    1.000000000,  0.377076240,  0.362301295,
Cor (2),    0.377076240,  1.000000000,  0.135071067,
Cor (3),    0.362301295,  0.135071067,  1.000000000,
VCV (1),    0.000016808,  0.000005882,  0.000000300,
VCV (2),    0.000005882,  0.000014474,  0.000000104,
VCV (3),    0.000000300,  0.000000104,  0.000000041,
St.dev,     0.004099791,  0.003804499,  0.000201958,
AutoCor,    0.200268181,  0.103340612,  0.037923944,

No.; 5; Score; 12.573684859411;
Markow Autoregressive (lag 1) bivariate joint 3 asset model uncond. params
uMean,      0.000206377,  0.000156642,  0.000029424,
VCV (1),    0.000030301,  0.000011266, -0.000001456,
VCV (2),    0.000011266,  0.000040951,  0.000000793,
VCV (3),   -0.000001456,  0.000000793,  0.000000234,
Cor (1),    1.000000000,  0.319817814, -0.546460031,
Cor (2),    0.319817814,  1.000000000,  0.255885604,
Cor (3),   -0.546460031,  0.255885604,  1.000000000,
St.dev,     0.005504645,  0.006399307,  0.000483992,
Skewness,   0.250681341,  0.145951799, -0.094102907,
Kurtosis,  -0.313162996, -0.041045068,  0.035800191,
AutoCor,   -0.133432870,  0.420191431, -0.601307399,
Markow Autoregressive (lag 1) bivariate joint 3 asset model cond. params
uProb.,   0.820833516,  0.179166484,
Prob (1),   0.789855728,  0.210144272,
Prob (2),   0.962755191,  0.037244809,
Mean,     -0.001488886,  0.001049337,  0.000110043,
Cor (1),    1.000000000,  0.966778298, -0.765264894,
Cor (2),    0.966778298,  1.000000000,  0.305205879,
Cor (3),   -0.765264894,  0.305205879,  1.000000000,
VCV (1),    0.000018592,  0.000023946, -0.000001106,
VCV (2),    0.000023946,  0.000032999,  0.000000588,
VCV (3),   -0.000001106,  0.000000588,  0.000000112,
St.dev,     0.004311813,  0.005744442,  0.000335249,
Mean,      0.007973061, -0.003933150, -0.000339926,
Cor (1),    1.000000000, -0.331454105,  0.697748918,
Cor (2),   -0.331454105,  1.000000000,  0.659181180,
Cor (3),    0.697748918,  0.659181180,  1.000000000,
VCV (1),    0.000009442, -0.000003121,  0.000000754,
VCV (2),   -0.000003121,  0.000009392,  0.000000710,
VCV (3),    0.000000754,  0.000000710,  0.000000124,
St.dev,     0.003072758,  0.003064567,  0.000351597,
AutoCor,   -0.103105817,  0.478243070, -0.663695524,

