Round No; 4; best result RLS; 7.3165301194662

;;;
Statistical description of data for: Meginajums1
Calib/Tail/Per/Cur, 784, 9999, 23, 0,
Title,    INDEX WITH EQUAL WEIGHTS based on market value,EQUITY LM SNP,REX BOND     ,
Mean,       0.000158634,  0.000175148,  0.000011824,
VCV (1),    0.000022943, -0.000000281, -0.000000006,
VCV (2),   -0.000000281,  0.000027803, -0.000000034,
VCV (3),   -0.000000006, -0.000000034,  0.000000099,
St.dev,     0.004789897,  0.005272874,  0.000315163,
Skewness,  -1.581739356, -0.533728382, -0.333150084,
Kurtosis,  24.552038003,  6.345066446, 26.810331499,
AutoCor,   -0.072787598,  0.126724186, -0.366572783,
No.; 1; Score; 7.3165301194662;
Markow Autoregressive (lag 1) bivariate joint 3 asset model uncond. params
uMean,     -0.006113153,  0.000630201, -0.000277467,
VCV (1),    0.000059697, -0.000003452,  0.000000764,
VCV (2),   -0.000003452,  0.000059816, -0.000001113,
VCV (3),    0.000000764, -0.000001113,  0.000000201,
Cor (1),    1.000000000, -0.057760549,  0.220238533,
Cor (2),   -0.057760549,  1.000000000, -0.320543810,
Cor (3),    0.220238533, -0.320543810,  1.000000000,
St.dev,     0.007726380,  0.007734096,  0.000448753,
Skewness,  -0.074609390, -0.030971717,  0.071476706,
Kurtosis,   0.222705304, -0.058676186, -0.011517438,
AutoCor,   -0.745822736, -0.575321754, -0.035191331,
Markow Autoregressive (lag 1) bivariate joint 3 asset model cond. params
uProb.,   0.384233974,  0.615766026,
Prob (1),   0.395609849,  0.604390151,
Prob (2),   0.377135502,  0.622864498,
Mean,     -0.007209603,  0.004546917, -0.000447058,
Cor (1),    1.000000000,  0.581945801,  0.828801269,
Cor (2),    0.581945801,  1.000000000, -0.129448242,
Cor (3),    0.828801269, -0.129448242,  1.000000000,
VCV (1),    0.000041737,  0.000017868,  0.000002136,
VCV (2),    0.000017868,  0.000022587, -0.000000245,
VCV (3),    0.000002136, -0.000000245,  0.000000159,
St.dev,     0.006460410,  0.004752570,  0.000398976,
Mean,     -0.005428975, -0.001813804, -0.000171644,
Cor (1),    1.000000000, -0.564371850, -0.181632512,
Cor (2),   -0.564371850,  1.000000000, -0.397084961,
Cor (3),   -0.181632512, -0.397084961,  1.000000000,
VCV (1),    0.000015038, -0.000011751, -0.000000313,
VCV (2),   -0.000011751,  0.000028828, -0.000000949,
VCV (3),   -0.000000313, -0.000000949,  0.000000198,
St.dev,     0.003877908,  0.005369163,  0.000445059,
AutoCor,   -0.755549316, -0.688452149, -0.040441895,

No.; 2; Score; 9.3921837740283;
Markow Autoregressive (lag 1) bivariate joint 3 asset model uncond. params
uMean,      0.000169493,  0.000151705, -0.000003593,
VCV (1),    0.000014701, -0.000001302, -0.000000740,
VCV (2),   -0.000001302,  0.000038797, -0.000000100,
VCV (3),   -0.000000740, -0.000000100,  0.000000272,
Cor (1),    1.000000000, -0.054513941, -0.369980030,
Cor (2),   -0.054513941,  1.000000000, -0.030907939,
Cor (3),   -0.369980030, -0.030907939,  1.000000000,
St.dev,     0.003834199,  0.006228748,  0.000521693,
Skewness,  -0.222585361, -0.000399086, -0.156358714,
Kurtosis,  -0.173141842, -0.000040683, -0.048178032,
AutoCor,   -0.313318280,  0.170384414, -0.286941614,
Markow Autoregressive (lag 1) bivariate joint 3 asset model cond. params
uProb.,   0.539242304,  0.460757696,
Prob (1),   0.257725985,  0.742274015,
Prob (2),   0.868711589,  0.131288411,
Mean,      0.002268178,  0.000571145, -0.000215939,
Cor (1),    1.000000000, -0.850662271, -0.608439760,
Cor (2),   -0.850662271,  1.000000000,  0.406301403,
Cor (3),   -0.608439760,  0.406301403,  1.000000000,
VCV (1),    0.000007851, -0.000014568, -0.000000840,
VCV (2),   -0.000014568,  0.000037359,  0.000001224,
VCV (3),   -0.000000840,  0.000001224,  0.000000243,
St.dev,     0.002801927,  0.006112204,  0.000492961,
Mean,     -0.002286679, -0.000339182,  0.000244923,
Cor (1),    1.000000000,  0.582495986,  0.381607065,
Cor (2),    0.582495986,  1.000000000, -0.562627707,
Cor (3),    0.381607065, -0.562627707,  1.000000000,
VCV (1),    0.000011048,  0.000011854,  0.000000524,
VCV (2),    0.000011854,  0.000037482, -0.000001424,
VCV (3),    0.000000524, -0.000001424,  0.000000171,
St.dev,     0.003323903,  0.006122233,  0.000413465,
AutoCor,   -0.152587199,  0.174553274, -0.208997902,

No.; 3; Score; 12.16705413182;
Markow Autoregressive (lag 1) bivariate joint 3 asset model uncond. params
uMean,      0.000159891,  0.000147929,  0.000031860,
VCV (1),    0.000041634,  0.000012652, -0.000000340,
VCV (2),    0.000012652,  0.000047925,  0.000000516,
VCV (3),   -0.000000340,  0.000000516,  0.000000229,
Cor (1),    1.000000000,  0.283248512, -0.110052716,
Cor (2),    0.283248512,  1.000000000,  0.155606654,
Cor (3),   -0.110052716,  0.155606654,  1.000000000,
St.dev,     0.006452425,  0.006922807,  0.000478645,
Skewness,  -0.049536914,  0.332688884,  0.110200405,
Kurtosis,  -0.052617928,  0.422399870, -0.960161780,
AutoCor,   -0.164010751,  0.047359560, -0.263515511,
Markow Autoregressive (lag 1) bivariate joint 3 asset model cond. params
uProb.,   0.610596426,  0.389403574,
Prob (1),   0.462164022,  0.537835978,
Prob (2),   0.843342866,  0.156657134,
Mean,      0.002351066,  0.001665332, -0.000285959,
Cor (1),    1.000000000, -0.036329550,  0.407140399,
Cor (2),   -0.036329550,  1.000000000,  0.912191715,
Cor (3),    0.407140399,  0.912191715,  1.000000000,
VCV (1),    0.000033262, -0.000001622,  0.000000671,
VCV (2),   -0.000001622,  0.000059955,  0.000002020,
VCV (3),    0.000000671,  0.000002020,  0.000000082,
St.dev,     0.005767310,  0.007743087,  0.000285936,
Mean,     -0.003275937, -0.002231405,  0.000530209,
Cor (1),    1.000000000,  0.855316334,  0.649659558,
Cor (2),    0.855316334,  1.000000000,  0.098453974,
Cor (3),    0.649659558,  0.098453974,  1.000000000,
VCV (1),    0.000034248,  0.000021830,  0.000000879,
VCV (2),    0.000021830,  0.000019020,  0.000000099,
VCV (3),    0.000000879,  0.000000099,  0.000000053,
St.dev,     0.005852163,  0.004361157,  0.000231089,
AutoCor,   -0.116072446,  0.082273336,  0.000014714,

No.; 4; Score; 13.331125921292;
Markow Autoregressive (lag 1) bivariate joint 3 asset model uncond. params
uMean,      0.000185498,  0.000152013,  0.000018930,
VCV (1),    0.000030501,  0.000010766, -0.000001479,
VCV (2),    0.000010766,  0.000041819,  0.000000782,
VCV (3),   -0.000001479,  0.000000782,  0.000000246,
Cor (1),    1.000000000,  0.301452507, -0.539706855,
Cor (2),    0.301452507,  1.000000000,  0.243722635,
Cor (3),   -0.539706855,  0.243722635,  1.000000000,
St.dev,     0.005522799,  0.006466765,  0.000496186,
Skewness,   0.282362376,  0.146834028, -0.081084811,
Kurtosis,  -0.290412847, -0.039010595,  0.026707951,
AutoCor,   -0.141663898,  0.429380509, -0.620645293,
Markow Autoregressive (lag 1) bivariate joint 3 asset model cond. params
uProb.,   0.820185343,  0.179814657,
Prob (1),   0.788244109,  0.211755891,
Prob (2),   0.965878315,  0.034121685,
Mean,     -0.001543149,  0.001054980,  0.000098848,
Cor (1),    1.000000000,  0.962333580, -0.777543790,
Cor (2),    0.962333580,  1.000000000,  0.297725919,
Cor (3),   -0.777543790,  0.297725919,  1.000000000,
VCV (1),    0.000018197,  0.000023711, -0.000001125,
VCV (2),    0.000023711,  0.000033362,  0.000000583,
VCV (3),   -0.000001125,  0.000000583,  0.000000115,
St.dev,     0.004265821,  0.005775997,  0.000339218,
Mean,      0.008070344, -0.003966674, -0.000345596,
Cor (1),    1.000000000, -0.342637181,  0.707368874,
Cor (2),   -0.342637181,  1.000000000,  0.653458350,
Cor (3),    0.707368874,  0.653458350,  1.000000000,
VCV (1),    0.000009633, -0.000003212,  0.000000773,
VCV (2),   -0.000003212,  0.000009121,  0.000000695,
VCV (3),    0.000000773,  0.000000695,  0.000000124,
St.dev,     0.003103725,  0.003020049,  0.000352068,
AutoCor,   -0.112603744,  0.488632759, -0.680100430,

No.; 5; Score; 13.418159941243;
Markow Autoregressive (lag 1) bivariate joint 3 asset model uncond. params
uMean,      0.000116344,  0.000159604,  0.000007987,
VCV (1),    0.000031381,  0.000020406,  0.000000578,
VCV (2),    0.000020406,  0.000038664, -0.000000465,
VCV (3),    0.000000578, -0.000000465,  0.000000155,
Cor (1),    1.000000000,  0.585834797,  0.261847288,
Cor (2),    0.585834797,  1.000000000, -0.190070311,
Cor (3),    0.261847288, -0.190070311,  1.000000000,
St.dev,     0.005601900,  0.006218042,  0.000393800,
Skewness,  -0.011121358,  0.019840810,  0.094544237,
Kurtosis,  -0.326723583,  0.856444720,  1.233431687,
AutoCor,    0.040917563,  0.110967459,  0.059392690,
Markow Autoregressive (lag 1) bivariate joint 3 asset model cond. params
uProb.,   0.561774528,  0.438225472,
Prob (1),   0.464003447,  0.535996553,
Prob (2),   0.687110241,  0.312889759,
Mean,      0.003251649,  0.000227584,  0.000025071,
Cor (1),    1.000000000,  0.938005772,  0.308715032,
Cor (2),    0.938005772,  1.000000000, -0.246717766,
Cor (3),    0.308715032, -0.246717766,  1.000000000,
VCV (1),    0.000018656,  0.000030448,  0.000000656,
VCV (2),    0.000030448,  0.000056478, -0.000000912,
VCV (3),    0.000000656, -0.000000912,  0.000000242,
St.dev,     0.004319294,  0.007515163,  0.000492060,
Mean,     -0.003902900,  0.000072458, -0.000013913,
Cor (1),    1.000000000,  0.367508108,  0.364938179,
Cor (2),    0.367508108,  1.000000000,  0.142488490,
Cor (3),    0.364938179,  0.142488490,  1.000000000,
VCV (1),    0.000016900,  0.000005798,  0.000000305,
VCV (2),    0.000005798,  0.000014727,  0.000000111,
VCV (3),    0.000000305,  0.000000111,  0.000000041,
St.dev,     0.004110936,  0.003837636,  0.000203383,
AutoCor,    0.218082978,  0.111018654,  0.060075908,

No.; 6; Score; 14.336769297729;
Markow Autoregressive (lag 1) bivariate joint 3 asset model uncond. params
uMean,      0.000137030,  0.000194748,  0.000029294,
VCV (1),    0.000027643,  0.000017313, -0.000000682,
VCV (2),    0.000017313,  0.000041174, -0.000001585,
VCV (3),   -0.000000682, -0.000001585,  0.000000226,
Cor (1),    1.000000000,  0.513186941, -0.272619320,
Cor (2),    0.513186941,  1.000000000, -0.519133614,
Cor (3),   -0.272619320, -0.519133614,  1.000000000,
St.dev,     0.005257651,  0.006416732,  0.000475851,
Skewness,   0.111165077,  0.472816048,  0.437758071,
Kurtosis,  -0.385168193, -0.763311471, -0.605450984,
AutoCor,    0.132397841, -0.245812922, -0.246299459,
Markow Autoregressive (lag 1) bivariate joint 3 asset model cond. params
uProb.,   0.451515747,  0.548484253,
Prob (1),   0.254978603,  0.745021397,
Prob (2),   0.613306381,  0.386693619,
Mean,      0.004033101,  0.006082843, -0.000363081,
Cor (1),    1.000000000,  0.277673646,  0.014670415,
Cor (2),    0.277673646,  1.000000000,  0.175063270,
Cor (3),    0.014670415,  0.175063270,  1.000000000,
VCV (1),    0.000011641,  0.000004149,  0.000000010,
VCV (2),    0.000004149,  0.000019181,  0.000000155,
VCV (3),    0.000000010,  0.000000155,  0.000000041,
St.dev,     0.003411927,  0.004379616,  0.000201609,
Mean,     -0.003070240, -0.004652369,  0.000352300,
Cor (1),    1.000000000, -0.734154973,  0.907477923,
Cor (2),   -0.734154973,  1.000000000,  0.437840315,
Cor (3),    0.907477923,  0.437840315,  1.000000000,
VCV (1),    0.000010063, -0.000006268,  0.000001101,
VCV (2),   -0.000006268,  0.000007243,  0.000000451,
VCV (3),    0.000001101,  0.000000451,  0.000000146,
St.dev,     0.003172195,  0.002691307,  0.000382546,
AutoCor,    0.537225666,  0.008355454, -0.103879954,

No.; 7; Score; 17.71513572697;
Markow Autoregressive (lag 1) bivariate joint 3 asset model uncond. params
uMean,      0.000188799,  0.000209510,  0.000048203,
VCV (1),    0.000025391,  0.000015977, -0.000000056,
VCV (2),    0.000015977,  0.000062210,  0.000001025,
VCV (3),   -0.000000056,  0.000001025,  0.000000573,
Cor (1),    1.000000000,  0.402006658, -0.014619503,
Cor (2),    0.402006658,  1.000000000,  0.171686605,
Cor (3),   -0.014619503,  0.171686605,  1.000000000,
St.dev,     0.005038958,  0.007887308,  0.000757248,
Skewness,  -0.051779588, -0.623627488, -0.317313853,
Kurtosis,   0.137325987,  0.645771083,  0.141805170,
AutoCor,   -0.359398022, -0.093233066, -0.540497963,
Markow Autoregressive (lag 1) bivariate joint 3 asset model cond. params
uProb.,   0.575092395,  0.424907605,
Prob (1),   0.789973754,  0.210026246,
Prob (2),   0.284260614,  0.715739386,
Mean,     -0.000160716, -0.002519087, -0.000234677,
Cor (1),    1.000000000,  0.322637783, -0.354550641,
Cor (2),    0.322637783,  1.000000000,  0.008650873,
Cor (3),   -0.354550641,  0.008650873,  1.000000000,
VCV (1),    0.000026231,  0.000014568, -0.000000941,
VCV (2),    0.000014568,  0.000077722,  0.000000040,
VCV (3),   -0.000000941,  0.000000040,  0.000000268,
St.dev,     0.005121602,  0.008816021,  0.000517986,
Mean,      0.000661850,  0.003902538,  0.000431067,
Cor (1),    1.000000000,  0.877387763,  0.988272633,
Cor (2),    0.877387763,  1.000000000, -0.108432666,
Cor (3),    0.988272633, -0.108432666,  1.000000000,
VCV (1),    0.000015953,  0.000012210,  0.000000955,
VCV (2),    0.000012210,  0.000012139, -0.000000091,
VCV (3),    0.000000955, -0.000000091,  0.000000058,
St.dev,     0.003994153,  0.003484154,  0.000241826,
AutoCor,   -0.365068255, -0.209003684, -0.784110176,

No.; 8; Score; 18.461944478509;
Markow Autoregressive (lag 1) bivariate joint 3 asset model uncond. params
uMean,      0.000106446,  0.000151214,  0.000003927,
VCV (1),    0.000031202,  0.000011182,  0.000001799,
VCV (2),    0.000011182,  0.000032326,  0.000000294,
VCV (3),    0.000001799,  0.000000294,  0.000000308,
Cor (1),    1.000000000,  0.352106094,  0.580232606,
Cor (2),    0.352106094,  1.000000000,  0.093112321,
Cor (3),    0.580232606,  0.093112321,  1.000000000,
St.dev,     0.005585833,  0.005685562,  0.000555013,
Skewness,   0.168141144,  0.176780104, -0.164008550,
Kurtosis,   0.136611153,  0.000000993,  0.147677969,
AutoCor,   -0.511907689,  0.299364330, -0.730740935,
Markow Autoregressive (lag 1) bivariate joint 3 asset model cond. params
uProb.,   0.509084906,  0.490915094,
Prob (1),   0.553497482,  0.446502518,
Prob (2),   0.463028526,  0.536971474,
Mean,      0.001559558, -0.002201415,  0.000175119,
Cor (1),    1.000000000,  0.781978198,  0.950969863,
Cor (2),    0.781978198,  1.000000000,  0.747617286,
Cor (3),    0.950969863,  0.747617286,  1.000000000,
VCV (1),    0.000026324,  0.000017538,  0.000000995,
VCV (2),    0.000017538,  0.000019107,  0.000000666,
VCV (3),    0.000000995,  0.000000666,  0.000000042,
St.dev,     0.005130730,  0.004371207,  0.000203884,
Mean,     -0.001400450,  0.002590919, -0.000173601,
Cor (1),    1.000000000,  0.907280053,  0.486796447,
Cor (2),    0.907280053,  1.000000000,  0.587508211,
Cor (3),    0.486796447,  0.587508211,  1.000000000,
VCV (1),    0.000013439,  0.000017573,  0.000000672,
VCV (2),    0.000017573,  0.000027915,  0.000001168,
VCV (3),    0.000000672,  0.000001168,  0.000000142,
St.dev,     0.003665964,  0.005283491,  0.000376284,
AutoCor,   -0.557372491,  0.344463469, -0.820630350,

No.; 9; Score; 20.284940939015;
Markow Autoregressive (lag 1) bivariate joint 3 asset model uncond. params
uMean,      0.000173599,  0.000126542, -0.000006777,
VCV (1),    0.000016612, -0.000001936,  0.000000552,
VCV (2),   -0.000001936,  0.000045680,  0.000000567,
VCV (3),    0.000000552,  0.000000567,  0.000000102,
Cor (1),    1.000000000, -0.070292750,  0.424810189,
Cor (2),   -0.070292750,  1.000000000,  0.263221191,
Cor (3),    0.424810189,  0.263221191,  1.000000000,
St.dev,     0.004075782,  0.006758684,  0.000318743,
Skewness,  -0.045306127,  0.490254972, -0.091063893,
Kurtosis,   0.032095473,  1.699580008,  0.251518632,
AutoCor,    0.142641506,  0.177926029,  0.189779976,
Markow Autoregressive (lag 1) bivariate joint 3 asset model cond. params
uProb.,   0.383458325,  0.616541675,
Prob (1),   0.447605655,  0.552394345,
Prob (2),   0.343561869,  0.656438131,
Mean,      0.000878545,  0.002024418,  0.000035102,
Cor (1),    1.000000000, -0.108007536, -0.381423660,
Cor (2),   -0.108007536,  1.000000000,  0.127035628,
Cor (3),   -0.381423660,  0.127035628,  1.000000000,
VCV (1),    0.000013578, -0.000003651, -0.000000341,
VCV (2),   -0.000003651,  0.000084149,  0.000000283,
VCV (3),   -0.000000341,  0.000000283,  0.000000059,
St.dev,     0.003684853,  0.009173250,  0.000242969,
Mean,     -0.000264842, -0.001053842, -0.000032824,
Cor (1),    1.000000000, -0.126641094,  0.727213803,
Cor (2),   -0.126641094,  1.000000000,  0.460078662,
Cor (3),    0.727213803,  0.460078662,  1.000000000,
VCV (1),    0.000017454, -0.000002103,  0.000001054,
VCV (2),   -0.000002103,  0.000015794,  0.000000634,
VCV (3),    0.000001054,  0.000000634,  0.000000120,
St.dev,     0.004177804,  0.003974116,  0.000346945,
AutoCor,    0.143373257,  0.181736209,  0.190710482,

