Round No; 2; best result RLS; 36.38474821146

;;;
Statistical description of data for: Meginajums1
Calib/Tail/Per/Cur, 784, 9999, 23, 0,
Title,    INDEX WITH EQUAL WEIGHTS based on market value,EQUITY LM SNP,REX BOND     ,
Mean,       0.000158634,  0.000175148,  0.000011824,
VCV (1),    0.000022943, -0.000000281, -0.000000006,
VCV (2),   -0.000000281,  0.000027803, -0.000000034,
VCV (3),   -0.000000006, -0.000000034,  0.000000099,
St.dev,     0.004789897,  0.005272874,  0.000315163,
Skewness,  -1.581739356, -0.533728382, -0.333150084,
Kurtosis,  24.552038003,  6.345066446, 26.810331499,
AutoCor,   -0.072787598,  0.126724186, -0.366572783,
No.; 1; Score; 36.38474821146;
Markow Autoregressive (lag 1) bivariate joint 3 asset model uncond. params
uMean,      0.000496925, -0.001476655,  0.000469875,
VCV (1),    0.000048256,  0.000034654, -0.000001728,
VCV (2),    0.000034654,  0.000037378, -0.000001342,
VCV (3),   -0.000001728, -0.000001342,  0.000002252,
Cor (1),    1.000000000,  0.815969663, -0.165809075,
Cor (2),    0.815969663,  1.000000000, -0.146275961,
Cor (3),   -0.165809075, -0.146275961,  1.000000000,
St.dev,     0.006946650,  0.006113756,  0.001500669,
Skewness,   0.008152836, -0.034463831, -0.078341403,
Kurtosis,   0.018285223,  0.137153287, 28.943442269,
AutoCor,    0.230745153,  0.118089988,  0.728819761,
Markow Autoregressive (lag 1) bivariate joint 3 asset model cond. params
uProb.,   0.990951292,  0.009048708,
Prob (1),   0.992888428,  0.007111572,
Prob (2),   0.778809696,  0.221190304,
Mean,      0.000470467, -0.001441517,  0.000471289,
Cor (1),    1.000000000,  0.846822052, -0.328913496,
Cor (2),    0.846822052,  1.000000000, -0.305739253,
Cor (3),   -0.328913496, -0.305739253,  1.000000000,
VCV (1),    0.000045328,  0.000034251, -0.000001643,
VCV (2),    0.000034251,  0.000036091, -0.000001363,
VCV (3),   -0.000001643, -0.000001363,  0.000000550,
St.dev,     0.006732584,  0.006007566,  0.000741952,
Mean,      0.003394435, -0.005324825,  0.000315023,
Cor (1),    1.000000000, -0.157925909,  0.325272935,
Cor (2),   -0.157925909,  1.000000000,  0.169304524,
Cor (3),    0.325272935,  0.169304524,  1.000000000,
VCV (1),    0.000076911, -0.000014282,  0.000021416,
VCV (2),   -0.000014282,  0.000106338,  0.000013107,
VCV (3),    0.000021416,  0.000013107,  0.000056363,
St.dev,     0.008769890,  0.010312037,  0.007507528,
AutoCor,    0.230771672,  0.117741474,  0.728869815,

No.; 2; Score; 41.123746342519;
Markow Autoregressive (lag 1) bivariate joint 3 asset model uncond. params
uMean,      0.000628950,  0.000881402, -0.000379542,
VCV (1),    0.000006239,  0.000003892, -0.000001807,
VCV (2),    0.000003892,  0.000027287, -0.000002393,
VCV (3),   -0.000001807, -0.000002393,  0.000001658,
Cor (1),    1.000000000,  0.298257121, -0.561734073,
Cor (2),    0.298257121,  1.000000000, -0.355695482,
Cor (3),   -0.561734073, -0.355695482,  1.000000000,
St.dev,     0.002497756,  0.005223687,  0.001287650,
Skewness,   0.949763086,  1.331685549, -0.009447003,
Kurtosis,   2.191039889,  0.847244648,  2.229603933,
AutoCor,   -0.014509916, -0.070972709,  0.556888023,
Markow Autoregressive (lag 1) bivariate joint 3 asset model cond. params
uProb.,   0.342751385,  0.657248615,
Prob (1),   0.212397172,  0.787602828,
Prob (2),   0.410730360,  0.589269640,
Mean,      0.001999477,  0.006765250, -0.000386380,
Cor (1),    1.000000000,  0.099662281, -0.760937311,
Cor (2),    0.099662281,  1.000000000, -0.715251457,
Cor (3),   -0.760937311, -0.715251457,  1.000000000,
VCV (1),    0.000011861,  0.000001686, -0.000004647,
VCV (2),    0.000001686,  0.000024134, -0.000006231,
VCV (3),   -0.000004647, -0.000006231,  0.000003145,
St.dev,     0.003443924,  0.004912620,  0.001773437,
Mean,     -0.000085772, -0.002186991, -0.000375976,
Cor (1),    1.000000000, -0.997900201, -0.674932308,
Cor (2),   -0.997900201,  1.000000000, -0.002492301,
Cor (3),   -0.674932308, -0.002492301,  1.000000000,
VCV (1),    0.000001814, -0.000001355, -0.000000288,
VCV (2),   -0.000001355,  0.000001017, -0.000000001,
VCV (3),   -0.000000288, -0.000000001,  0.000000100,
St.dev,     0.001346680,  0.001008369,  0.000316469,
AutoCor,    0.019727622,  0.178065748,  0.556899131,

No.; 3; Score; 47.347752891452;
Markow Autoregressive (lag 1) bivariate joint 3 asset model uncond. params
uMean,      0.000228375,  0.001577651, -0.000294867,
VCV (1),    0.000056170, -0.000017537,  0.000000524,
VCV (2),   -0.000017537,  0.000022107,  0.000001096,
VCV (3),    0.000000524,  0.000001096,  0.000000329,
Cor (1),    1.000000000, -0.497657488,  0.121847289,
Cor (2),   -0.497657488,  1.000000000,  0.406403712,
Cor (3),    0.121847289,  0.406403712,  1.000000000,
St.dev,     0.007494670,  0.004701789,  0.000573376,
Skewness,   1.248668774, -0.048326955,  0.005589835,
Kurtosis,  39.364749908, 20.507586607,  0.012462701,
AutoCor,    0.717410848,  0.441670795,  0.697841176,
Markow Autoregressive (lag 1) bivariate joint 3 asset model cond. params
uProb.,   0.018047750,  0.981952250,
Prob (1),   0.384015067,  0.615984933,
Prob (2),   0.011321469,  0.988678531,
Mean,      0.007670635,  0.001360345, -0.000147502,
Cor (1),    1.000000000, -0.528212336, -0.743841654,
Cor (2),   -0.528212336,  1.000000000, -0.665915974,
Cor (3),   -0.743841654, -0.665915974,  1.000000000,
VCV (1),    0.001042573, -0.000343881, -0.000012447,
VCV (2),   -0.000343881,  0.000406530, -0.000006958,
VCV (3),   -0.000012447, -0.000006958,  0.000000269,
St.dev,     0.032288894,  0.020162582,  0.000518242,
Mean,      0.000091590,  0.001581645, -0.000297576,
Cor (1),    1.000000000, -0.646506515,  0.429426157,
Cor (2),   -0.646506515,  1.000000000,  0.676020646,
Cor (3),    0.429426157,  0.676020646,  1.000000000,
VCV (1),    0.000007582, -0.000005809,  0.000000482,
VCV (2),   -0.000005809,  0.000010649,  0.000000900,
VCV (3),    0.000000482,  0.000000900,  0.000000166,
St.dev,     0.002753454,  0.003263260,  0.000407959,
AutoCor,    0.723773578,  0.441673503,  0.698236406,

No.; 4; Score; 49.045304333482;
Markow Autoregressive (lag 1) bivariate joint 3 asset model uncond. params
uMean,     -0.000146011,  0.001120118,  0.000150880,
VCV (1),    0.000045656,  0.000026529,  0.000007368,
VCV (2),    0.000026529,  0.000032794,  0.000001279,
VCV (3),    0.000007368,  0.000001279,  0.000004639,
Cor (1),    1.000000000,  0.685608617,  0.506307639,
Cor (2),    0.685608617,  1.000000000,  0.103718151,
Cor (3),    0.506307639,  0.103718151,  1.000000000,
St.dev,     0.006756928,  0.005726615,  0.002153767,
Skewness,  -0.094546864,  0.036386391, -0.031201548,
Kurtosis,  -0.188487678, -1.691994964,  0.015235092,
AutoCor,    0.134052097, -0.591742904,  0.274344520,
Markow Autoregressive (lag 1) bivariate joint 3 asset model cond. params
uProb.,   0.493522637,  0.506477363,
Prob (1),   0.148356013,  0.851643987,
Prob (2),   0.829860557,  0.170139443,
Mean,      0.003686354,  0.006684932,  0.000460333,
Cor (1),    1.000000000,  0.539084387,  0.110490521,
Cor (2),    0.539084387,  1.000000000,  0.427557507,
Cor (3),    0.110490521,  0.427557507,  1.000000000,
VCV (1),    0.000020100,  0.000003652,  0.000000964,
VCV (2),    0.000003652,  0.000002283,  0.000001257,
VCV (3),    0.000000964,  0.000001257,  0.000003787,
St.dev,     0.004483347,  0.001511034,  0.001945983,
Mean,     -0.003880352, -0.004302359, -0.000150658,
Cor (1),    1.000000000,  0.734021269,  0.870319740,
Cor (2),    0.734021269,  1.000000000, -0.646777725,
Cor (3),    0.870319740, -0.646777725,  1.000000000,
VCV (1),    0.000026430,  0.000005248,  0.000009501,
VCV (2),    0.000005248,  0.000001934, -0.000001910,
VCV (3),    0.000009501, -0.000001910,  0.000004509,
St.dev,     0.005140984,  0.001390699,  0.002123441,
AutoCor,    0.506418559,  0.442435742,  0.293966980,

No.; 5; Score; 49.231366557464;
Markow Autoregressive (lag 1) bivariate joint 3 asset model uncond. params
uMean,      0.001473596,  0.001057686, -0.000499547,
VCV (1),    0.000043508, -0.000011323,  0.000002343,
VCV (2),   -0.000011323,  0.000052490,  0.000000725,
VCV (3),    0.000002343,  0.000000725,  0.000000858,
Cor (1),    1.000000000, -0.236940287,  0.383620212,
Cor (2),   -0.236940287,  1.000000000,  0.107996105,
Cor (3),    0.383620212,  0.107996105,  1.000000000,
St.dev,     0.006596085,  0.007245031,  0.000926110,
Skewness,   0.284079405,  0.250523699,  0.003258785,
Kurtosis,   0.154668404, -1.655049472,  0.000186832,
AutoCor,    0.332746696,  0.195280907,  0.613746790,
Markow Autoregressive (lag 1) bivariate joint 3 asset model cond. params
uProb.,   0.595799420,  0.404200580,
Prob (1),   0.660078433,  0.339921567,
Prob (2),   0.501050920,  0.498949080,
Mean,      0.003331819, -0.004686161, -0.000584387,
Cor (1),    1.000000000,  0.523626445,  0.748282799,
Cor (2),    0.523626445,  1.000000000,  0.005789500,
Cor (3),    0.748282799,  0.005789500,  1.000000000,
VCV (1),    0.000043812,  0.000006560,  0.000003560,
VCV (2),    0.000006560,  0.000003582,  0.000000008,
VCV (3),    0.000003560,  0.000000008,  0.000000517,
St.dev,     0.006619098,  0.001892628,  0.000718771,
Mean,     -0.001265460,  0.009524228, -0.000374491,
Cor (1),    1.000000000, -0.656247117, -0.089355428,
Cor (2),   -0.656247117,  1.000000000, -0.006869156,
Cor (3),   -0.089355428, -0.006869156,  1.000000000,
VCV (1),    0.000018438, -0.000001290, -0.000000279,
VCV (2),   -0.000001290,  0.000000210, -0.000000002,
VCV (3),   -0.000000279, -0.000000002,  0.000000530,
St.dev,     0.004293943,  0.000457902,  0.000728023,
AutoCor,    0.355761399,  0.652028039,  0.619442255,

No.; 6; Score; 56.680229664519;
Markow Autoregressive (lag 1) bivariate joint 3 asset model uncond. params
uMean,      0.000062890,  0.001047493, -0.000190782,
VCV (1),    0.000032352, -0.000020816, -0.000012806,
VCV (2),   -0.000020816,  0.000042315,  0.000001943,
VCV (3),   -0.000012806,  0.000001943,  0.000009279,
Cor (1),    1.000000000, -0.562596448, -0.739069303,
Cor (2),   -0.562596448,  1.000000000,  0.098074562,
Cor (3),   -0.739069303,  0.098074562,  1.000000000,
St.dev,     0.005687888,  0.006504987,  0.003046222,
Skewness,  -0.000067152, -1.719065213, -0.013199299,
Kurtosis,   0.000135806,  6.813218065,  1.225697836,
AutoCor,    0.559243153,  0.091344884,  0.405424640,
Markow Autoregressive (lag 1) bivariate joint 3 asset model cond. params
uProb.,   0.133199957,  0.866800043,
Prob (1),   0.095764780,  0.904235220,
Prob (2),   0.138952569,  0.861047431,
Mean,      0.000113588, -0.006483056, -0.000245014,
Cor (1),    1.000000000, -0.562599175, -0.821175620,
Cor (2),   -0.562599175,  1.000000000, -0.322498551,
Cor (3),   -0.821175620, -0.322498551,  1.000000000,
VCV (1),    0.000021697, -0.000032462, -0.000018257,
VCV (2),   -0.000032462,  0.000153450, -0.000019068,
VCV (3),   -0.000018257, -0.000019068,  0.000022783,
St.dev,     0.004657976,  0.012387508,  0.004773103,
Mean,      0.000055099,  0.002204702, -0.000182448,
Cor (1),    1.000000000, -0.957788509, -0.781832073,
Cor (2),   -0.957788509,  1.000000000,  0.560229679,
Cor (3),   -0.781832073,  0.560229679,  1.000000000,
VCV (1),    0.000022316, -0.000017268, -0.000008618,
VCV (2),   -0.000017268,  0.000014566,  0.000004989,
VCV (3),   -0.000008618,  0.000004989,  0.000005444,
St.dev,     0.004723958,  0.003816482,  0.002333282,
AutoCor,    0.559250508,  0.126236526,  0.405446491,

No.; 7; Score; 60.804955775246;
Markow Autoregressive (lag 1) bivariate joint 3 asset model uncond. params
uMean,     -0.002525588,  0.001419663,  0.000128085,
VCV (1),    0.000045129,  0.000008332,  0.000004260,
VCV (2),    0.000008332,  0.000056180,  0.000001494,
VCV (3),    0.000004260,  0.000001494,  0.000003490,
Cor (1),    1.000000000,  0.165483627,  0.339442438,
Cor (2),    0.165483627,  1.000000000,  0.106711144,
Cor (3),    0.339442438,  0.106711144,  1.000000000,
St.dev,     0.006717835,  0.007495328,  0.001868274,
Skewness,  -0.064713005,  0.208875872, -0.423864275,
Kurtosis,  -0.814292355,  0.636705239,  3.623635171,
AutoCor,   -0.210981053,  0.210533872,  0.119845598,
Markow Autoregressive (lag 1) bivariate joint 3 asset model cond. params
uProb.,   0.594348512,  0.405651488,
Prob (1),   0.451268868,  0.548731132,
Prob (2),   0.803984556,  0.196015444,
Mean,      0.001892693,  0.002344265,  0.000327287,
Cor (1),    1.000000000,  0.105454815,  0.927647160,
Cor (2),    0.105454815,  1.000000000, -0.743986559,
Cor (3),    0.927647160, -0.743986559,  1.000000000,
VCV (1),    0.000018525,  0.000003914,  0.000001818,
VCV (2),    0.000003914,  0.000074344, -0.000002921,
VCV (3),    0.000001818, -0.000002921,  0.000000207,
St.dev,     0.004304123,  0.008622315,  0.000455405,
Mean,     -0.008999123,  0.000064962, -0.000163779,
Cor (1),    1.000000000,  0.000456741,  0.443860729,
Cor (2),    0.000456741,  1.000000000,  0.573529513,
Cor (3),    0.443860729,  0.573529513,  1.000000000,
VCV (1),    0.000013552,  0.000000007,  0.000004627,
VCV (2),    0.000000007,  0.000019722,  0.000007213,
VCV (3),    0.000004627,  0.000007213,  0.000008019,
St.dev,     0.003681300,  0.004440926,  0.002831794,
AutoCor,    0.034301088,  0.223378168,  0.127850285,

No.; 8; Score; 64.630111638856;
Markow Autoregressive (lag 1) bivariate joint 3 asset model uncond. params
uMean,      0.001389884,  0.001293864,  0.000194829,
VCV (1),    0.000046994, -0.000008505, -0.000000706,
VCV (2),   -0.000008505,  0.000039514,  0.000005945,
VCV (3),   -0.000000706,  0.000005945,  0.000007983,
Cor (1),    1.000000000, -0.197378248, -0.036428059,
Cor (2),   -0.197378248,  1.000000000,  0.334705495,
Cor (3),   -0.036428059,  0.334705495,  1.000000000,
St.dev,     0.006855211,  0.006285997,  0.002825474,
Skewness,   1.093627833,  0.264861753, -0.158459703,
Kurtosis,   0.603645548,  0.149075171,  0.285471713,
AutoCor,   -0.064389370,  0.082847701,  0.058043478,
Markow Autoregressive (lag 1) bivariate joint 3 asset model cond. params
uProb.,   0.631428855,  0.368571145,
Prob (1),   0.483171217,  0.516828783,
Prob (2),   0.885420934,  0.114579066,
Mean,     -0.002552479,  0.002817542,  0.000576853,
Cor (1),    1.000000000, -0.255696148,  0.719203130,
Cor (2),   -0.255696148,  1.000000000,  0.777296929,
Cor (3),    0.719203130,  0.777296929,  1.000000000,
VCV (1),    0.000002990, -0.000002929,  0.000003022,
VCV (2),   -0.000002929,  0.000043889,  0.000012511,
VCV (3),    0.000003022,  0.000012511,  0.000005903,
St.dev,     0.001729293,  0.006624847,  0.002429523,
Mean,      0.008143863, -0.001316471, -0.000459646,
Cor (1),    1.000000000,  0.335539718, -0.010805214,
Cor (2),    0.335539718,  1.000000000, -0.563525896,
Cor (3),   -0.010805214, -0.563525896,  1.000000000,
VCV (1),    0.000042270,  0.000009612, -0.000000230,
VCV (2),    0.000009612,  0.000019414, -0.000008144,
VCV (3),   -0.000000230, -0.000008144,  0.000010758,
St.dev,     0.006501553,  0.004406171,  0.003279941,
AutoCor,    0.377303696,  0.137140782,  0.072925257,

No.; 9; Score; 65.39819194082;
Markow Autoregressive (lag 1) bivariate joint 3 asset model uncond. params
uMean,      0.000112086,  0.001927215,  0.000048115,
VCV (1),    0.000037577,  0.000005766,  0.000001919,
VCV (2),    0.000005766,  0.000051842, -0.000004116,
VCV (3),    0.000001919, -0.000004116,  0.000009034,
Cor (1),    1.000000000,  0.130641914,  0.104162219,
Cor (2),    0.130641914,  1.000000000, -0.190170970,
Cor (3),    0.104162219, -0.190170970,  1.000000000,
St.dev,     0.006130010,  0.007200151,  0.003005700,
Skewness,  -1.642394250,  1.017270857,  0.085010460,
Kurtosis,   9.959482117, 18.396848688,  0.987063664,
AutoCor,    0.550080147,  0.527818177,  0.631032175,
Markow Autoregressive (lag 1) bivariate joint 3 asset model cond. params
uProb.,   0.923573650,  0.076426350,
Prob (1),   0.928777137,  0.071222863,
Prob (2),   0.860692147,  0.139307853,
Mean,      0.000764313,  0.001626076,  0.000001097,
Cor (1),    1.000000000,  0.472158931,  0.892848805,
Cor (2),    0.472158931,  1.000000000,  0.772210943,
Cor (3),    0.892848805,  0.772210943,  1.000000000,
VCV (1),    0.000005664,  0.000001706,  0.000004298,
VCV (2),    0.000001706,  0.000002304,  0.000002371,
VCV (3),    0.000004298,  0.000002371,  0.000004092,
St.dev,     0.002379864,  0.001517875,  0.002022950,
Mean,     -0.007769739,  0.005566324,  0.000616308,
Cor (1),    1.000000000,  0.172437089, -0.534036409,
Cor (2),    0.172437089,  1.000000000, -0.676264942,
Cor (3),   -0.534036409, -0.676264942,  1.000000000,
VCV (1),    0.000189402,  0.000050013, -0.000033860,
VCV (2),    0.000050013,  0.000444141, -0.000065660,
VCV (3),   -0.000033860, -0.000065660,  0.000021225,
St.dev,     0.013762335,  0.021074653,  0.004607042,
AutoCor,    0.626470171,  0.537746210,  0.632701822,

No.; 10; Score; 67.91426372972;
Markow Autoregressive (lag 1) bivariate joint 3 asset model uncond. params
uMean,      0.000196317,  0.003039654,  0.000582550,
VCV (1),    0.000043752,  0.000011802,  0.000003520,
VCV (2),    0.000011802,  0.000010916,  0.000002956,
VCV (3),    0.000003520,  0.000002956,  0.000008520,
Cor (1),    1.000000000,  0.540027723,  0.182296713,
Cor (2),    0.540027723,  1.000000000,  0.306538366,
Cor (3),    0.182296713,  0.306538366,  1.000000000,
St.dev,     0.006614539,  0.003303958,  0.002918878,
Skewness,   0.581237825, -0.295199426, -0.072396334,
Kurtosis,   2.788338425,  1.340123740,  8.005642466,
AutoCor,    0.492570398,  0.057101466,  0.087507303,
Markow Autoregressive (lag 1) bivariate joint 3 asset model cond. params
uProb.,   0.182501495,  0.817498505,
Prob (1),   0.379777896,  0.620222104,
Prob (2),   0.138460756,  0.861539244,
Mean,      0.003246158,  0.001970810,  0.000491274,
Cor (1),    1.000000000,  0.813387330,  0.360578933,
Cor (2),    0.813387330,  1.000000000,  0.130464814,
Cor (3),    0.360578933,  0.130464814,  1.000000000,
VCV (1),    0.000106066,  0.000042051,  0.000022846,
VCV (2),    0.000042051,  0.000025199,  0.000004029,
VCV (3),    0.000022846,  0.000004029,  0.000037848,
St.dev,     0.010298820,  0.005019873,  0.006152037,
Mean,     -0.000484541,  0.003278267,  0.000602927,
Cor (1),    1.000000000,  0.538529606, -0.175504847,
Cor (2),    0.538529606,  1.000000000,  0.715765712,
Cor (3),   -0.175504847,  0.715765712,  1.000000000,
VCV (1),    0.000014295,  0.000005531, -0.000000912,
VCV (2),    0.000005531,  0.000007379,  0.000002674,
VCV (3),   -0.000000912,  0.000002674,  0.000001891,
St.dev,     0.003780914,  0.002716499,  0.001374998,
AutoCor,    0.505089216,  0.052694572,  0.087473718,

No.; 11; Score; 72.183107230065;
Markow Autoregressive (lag 1) bivariate joint 3 asset model uncond. params
uMean,      0.000787133, -0.000786948, -0.000025810,
VCV (1),    0.000041528,  0.000016367,  0.000003072,
VCV (2),    0.000016367,  0.000063147, -0.000008160,
VCV (3),    0.000003072, -0.000008160,  0.000005497,
Cor (1),    1.000000000,  0.319612168,  0.203351636,
Cor (2),    0.319612168,  1.000000000, -0.438009696,
Cor (3),    0.203351636, -0.438009696,  1.000000000,
St.dev,     0.006444194,  0.007946526,  0.002344514,
Skewness,   0.248910915,  1.167963828,  0.474227183,
Kurtosis,  -0.593796535,  2.343056451,  4.423847393,
AutoCor,    0.220748440,  0.271649525,  0.437731192,
Markow Autoregressive (lag 1) bivariate joint 3 asset model cond. params
uProb.,   0.716307346,  0.283692654,
Prob (1),   0.695204329,  0.304795671,
Prob (2),   0.769591228,  0.230408772,
Mean,     -0.002297494, -0.003355762, -0.000223581,
Cor (1),    1.000000000, -0.856365082, -0.932181959,
Cor (2),   -0.856365082,  1.000000000, -0.381317350,
Cor (3),   -0.932181959, -0.381317350,  1.000000000,
VCV (1),    0.000012691, -0.000010625, -0.000001481,
VCV (2),   -0.000010625,  0.000012130, -0.000000592,
VCV (3),   -0.000001481, -0.000000592,  0.000000199,
St.dev,     0.003562420,  0.003482861,  0.000446019,
Mean,      0.008575635,  0.005699155,  0.000473552,
Cor (1),    1.000000000,  0.706863376,  0.848796371,
Cor (2),    0.706863376,  1.000000000, -0.650881600,
Cor (3),    0.848796371, -0.650881600,  1.000000000,
VCV (1),    0.000005487,  0.000017174,  0.000007629,
VCV (2),    0.000017174,  0.000107577, -0.000025902,
VCV (3),    0.000007629, -0.000025902,  0.000014722,
St.dev,     0.002342512,  0.010371936,  0.003836886,
AutoCor,    0.625851047,  0.395677328,  0.447100704,

No.; 12; Score; 74.44765872366;
Markow Autoregressive (lag 1) bivariate joint 3 asset model uncond. params
uMean,      0.000656426, -0.004212939, -0.000454927,
VCV (1),    0.000045830,  0.000004172,  0.000003838,
VCV (2),    0.000004172,  0.000068153, -0.000000058,
VCV (3),    0.000003838, -0.000000058,  0.000001597,
Cor (1),    1.000000000,  0.074643046,  0.448676032,
Cor (2),    0.074643046,  1.000000000, -0.005584608,
Cor (3),    0.448676032, -0.005584608,  1.000000000,
St.dev,     0.006769803,  0.008255460,  0.001263545,
Skewness,  -0.790626233,  0.075030174,  0.093228235,
Kurtosis,  17.013143589, 36.043784744,  4.263858759,
AutoCor,    0.453828616,  0.321937633,  0.025659262,
Markow Autoregressive (lag 1) bivariate joint 3 asset model cond. params
uProb.,   0.011690189,  0.988309811,
Prob (1),   0.829516552,  0.170483448,
Prob (2),   0.002016558,  0.997983442,
Mean,     -0.006510320, -0.003664260, -0.000151034,
Cor (1),    1.000000000, -0.027810223,  0.120818816,
Cor (2),   -0.027810223,  1.000000000, -0.980186056,
Cor (3),    0.120818816, -0.980186056,  1.000000000,
VCV (1),    0.000825797, -0.000036124,  0.000015132,
VCV (2),   -0.000036124,  0.002043235, -0.000193103,
VCV (3),    0.000015132, -0.000193103,  0.000018995,
St.dev,     0.028736683,  0.045202158,  0.004358333,
Mean,      0.000741198, -0.004219429, -0.000458522,
Cor (1),    1.000000000,  0.128482535,  0.604588468,
Cor (2),    0.128482535,  1.000000000,  0.307570303,
Cor (3),    0.604588468,  0.307570303,  1.000000000,
VCV (1),    0.000026773,  0.000004079,  0.000003686,
VCV (2),    0.000004079,  0.000037641,  0.000002224,
VCV (3),    0.000003686,  0.000002224,  0.000001389,
St.dev,     0.005174243,  0.006135244,  0.001178399,
AutoCor,    0.448808592,  0.321911216,  0.025110262,

No.; 13; Score; 76.078004317073;
Markow Autoregressive (lag 1) bivariate joint 3 asset model uncond. params
uMean,     -0.000183073,  0.000305478, -0.000059555,
VCV (1),    0.000055508, -0.000024910, -0.000004305,
VCV (2),   -0.000024910,  0.000057417,  0.000003198,
VCV (3),   -0.000004305,  0.000003198,  0.000003292,
Cor (1),    1.000000000, -0.441243444, -0.318424180,
Cor (2),   -0.441243444,  1.000000000,  0.232618467,
Cor (3),   -0.318424180,  0.232618467,  1.000000000,
St.dev,     0.007450381,  0.007577388,  0.001814446,
Skewness,  -0.816755977, -0.759809093, -0.339099289,
Kurtosis,   0.299925690, -0.516323033,  1.473313092,
AutoCor,    0.280613661,  0.599812983,  0.583715630,
Markow Autoregressive (lag 1) bivariate joint 3 asset model cond. params
uProb.,   0.616212408,  0.383787592,
Prob (1),   0.822677422,  0.177322578,
Prob (2),   0.284710541,  0.715289459,
Mean,     -0.003357103,  0.005507087,  0.000184836,
Cor (1),    1.000000000,  0.945896279, -0.702487845,
Cor (2),    0.945896279,  1.000000000,  0.597214999,
Cor (3),   -0.702487845,  0.597214999,  1.000000000,
VCV (1),    0.000061861,  0.000002167, -0.000004649,
VCV (2),    0.000002167,  0.000000085,  0.000000146,
VCV (3),   -0.000004649,  0.000000146,  0.000000708,
St.dev,     0.007865200,  0.000291314,  0.000841499,
Mean,      0.004913175, -0.008046267, -0.000451950,
Cor (1),    1.000000000,  0.172867332,  0.865363534,
Cor (2),    0.172867332,  1.000000000,  0.181094880,
Cor (3),    0.865363534,  0.181094880,  1.000000000,
VCV (1),    0.000000029,  0.000000109,  0.000000310,
VCV (2),    0.000000109,  0.000013431,  0.000001383,
VCV (3),    0.000000310,  0.000001383,  0.000004340,
St.dev,     0.000171683,  0.003664862,  0.002083352,
AutoCor,    0.174776245,  0.792076662,  0.585088209,

No.; 14; Score; 77.133142799868;
Markow Autoregressive (lag 1) bivariate joint 3 asset model uncond. params
uMean,     -0.001484611, -0.000880881,  0.000140649,
VCV (1),    0.000041443,  0.000008802, -0.000000184,
VCV (2),    0.000008802,  0.000019473,  0.000006027,
VCV (3),   -0.000000184,  0.000006027,  0.000013827,
Cor (1),    1.000000000,  0.309844082, -0.007703588,
Cor (2),    0.309844082,  1.000000000,  0.367283027,
Cor (3),   -0.007703588,  0.367283027,  1.000000000,
St.dev,     0.006437599,  0.004412841,  0.003718440,
Skewness,   0.696736239, -0.216196754,  0.144803186,
Kurtosis,   2.286589664, -0.270631603,  0.908225751,
AutoCor,    0.244493928,  0.214318756,  0.645894132,
Markow Autoregressive (lag 1) bivariate joint 3 asset model cond. params
uProb.,   0.475595924,  0.524404076,
Prob (1),   0.379363969,  0.620636031,
Prob (2),   0.562871229,  0.437128771,
Mean,      0.000324342,  0.001990996, -0.000236674,
Cor (1),    1.000000000,  0.250480591,  0.511720037,
Cor (2),    0.250480591,  1.000000000,  0.394865584,
Cor (3),    0.511720037,  0.394865584,  1.000000000,
VCV (1),    0.000073710,  0.000005563,  0.000000601,
VCV (2),    0.000005563,  0.000006692,  0.000000140,
VCV (3),    0.000000601,  0.000000140,  0.000000019,
St.dev,     0.008585473,  0.002586797,  0.000136811,
Mean,     -0.003125199, -0.003485463,  0.000482854,
Cor (1),    1.000000000,  0.545295882,  0.037004893,
Cor (2),    0.545295882,  1.000000000,  0.689582368,
Cor (3),    0.037004893,  0.689582368,  1.000000000,
VCV (1),    0.000000869,  0.000001754,  0.000000133,
VCV (2),    0.000001754,  0.000011911,  0.000009199,
VCV (3),    0.000000133,  0.000009199,  0.000014941,
St.dev,     0.000932118,  0.003451161,  0.003865381,
AutoCor,    0.277507615,  0.462440399,  0.653712512,

No.; 15; Score; 77.530945380039;
Markow Autoregressive (lag 1) bivariate joint 3 asset model uncond. params
uMean,     -0.001984055,  0.001083558,  0.000145027,
VCV (1),    0.000053130,  0.000008798,  0.000005037,
VCV (2),    0.000008798,  0.000022596, -0.000000056,
VCV (3),    0.000005037, -0.000000056,  0.000010442,
Cor (1),    1.000000000,  0.253907977,  0.213840997,
Cor (2),    0.253907977,  1.000000000, -0.003632263,
Cor (3),    0.213840997, -0.003632263,  1.000000000,
St.dev,     0.007289059,  0.004753546,  0.003231464,
Skewness,  -0.188668824, -0.221779834,  0.008964387,
Kurtosis,   5.318106543, 19.522773366,  0.391385342,
AutoCor,    0.748676864,  0.113895274,  0.829167090,
Markow Autoregressive (lag 1) bivariate joint 3 asset model cond. params
uProb.,   0.988307184,  0.011692816,
Prob (1),   0.989523944,  0.010476056,
Prob (2),   0.885463477,  0.114536523,
Mean,     -0.001938357,  0.001098573,  0.000141029,
Cor (1),    1.000000000,  0.412347477,  0.317330131,
Cor (2),    0.412347477,  1.000000000, -0.202704428,
Cor (3),    0.317330131, -0.202704428,  1.000000000,
VCV (1),    0.000017221,  0.000006854,  0.000002275,
VCV (2),    0.000006854,  0.000016042, -0.000001403,
VCV (3),    0.000002275, -0.000001403,  0.000002984,
St.dev,     0.004149800,  0.004005261,  0.001727544,
Mean,     -0.005846604, -0.000185554,  0.000482984,
Cor (1),    1.000000000,  0.194881395, -0.248275265,
Cor (2),    0.194881395,  1.000000000,  0.947032262,
Cor (3),   -0.248275265,  0.947032262,  1.000000000,
VCV (1),    0.000520168,  0.000104226, -0.000029226,
VCV (2),    0.000104226,  0.000549883,  0.000114620,
VCV (3),   -0.000029226,  0.000114620,  0.000026639,
St.dev,     0.022807190,  0.023449593,  0.005161334,
AutoCor,    0.750825578,  0.113903575,  0.829260934,

No.; 16; Score; 77.637746531685;
Markow Autoregressive (lag 1) bivariate joint 3 asset model uncond. params
uMean,     -0.005497833, -0.002206897,  0.000341608,
VCV (1),    0.000052502,  0.000012418,  0.000002225,
VCV (2),    0.000012418,  0.000035978,  0.000001248,
VCV (3),    0.000002225,  0.000001248,  0.000010446,
Cor (1),    1.000000000,  0.285732519,  0.095012178,
Cor (2),    0.285732519,  1.000000000,  0.064385800,
Cor (3),    0.095012178,  0.064385800,  1.000000000,
St.dev,     0.007245848,  0.005998166,  0.003232012,
Skewness,  -0.263692207,  1.042608363,  0.016027726,
Kurtosis,   0.758215801,  1.339957056,  0.925447355,
AutoCor,    0.552416245,  0.301317169,  0.007664452,
Markow Autoregressive (lag 1) bivariate joint 3 asset model cond. params
uProb.,   0.621023522,  0.378976478,
Prob (1),   0.631694544,  0.368305456,
Prob (2),   0.603537065,  0.396462935,
Mean,     -0.004430538, -0.004853902,  0.000365893,
Cor (1),    1.000000000, -0.171073241,  0.679187461,
Cor (2),   -0.171073241,  1.000000000,  0.267910536,
Cor (3),    0.679187461,  0.267910536,  1.000000000,
VCV (1),    0.000015381, -0.000001385,  0.000010308,
VCV (2),   -0.000001385,  0.000004264,  0.000002141,
VCV (3),    0.000010308,  0.000002141,  0.000014977,
St.dev,     0.003921826,  0.002064928,  0.003870005,
Mean,     -0.007246796,  0.002130714,  0.000301813,
Cor (1),    1.000000000,  0.665530101, -0.798483996,
Cor (2),    0.665530101,  1.000000000,  0.004380241,
Cor (3),   -0.798483996,  0.004380241,  1.000000000,
VCV (1),    0.000064731,  0.000036212, -0.000011158,
VCV (2),    0.000036212,  0.000045735,  0.000000051,
VCV (3),   -0.000011158,  0.000000051,  0.000003017,
St.dev,     0.008045567,  0.006762793,  0.001736891,
AutoCor,    0.571742803,  0.429349970,  0.007662556,

No.; 17; Score; 80.762675569269;
Markow Autoregressive (lag 1) bivariate joint 3 asset model uncond. params
uMean,      0.000929893, -0.000564948,  0.000344859,
VCV (1),    0.000014357,  0.000009682, -0.000001885,
VCV (2),    0.000009682,  0.000064059, -0.000004988,
VCV (3),   -0.000001885, -0.000004988,  0.000010536,
Cor (1),    1.000000000,  0.319274440, -0.153237178,
Cor (2),    0.319274440,  1.000000000, -0.192020402,
Cor (3),   -0.153237178, -0.192020402,  1.000000000,
St.dev,     0.003789016,  0.008003712,  0.003245864,
Skewness,   0.021354757,  0.965562506, -0.768673137,
Kurtosis,   0.529705687,  1.530013277, 10.241475516,
AutoCor,    0.554190358,  0.739561303,  0.445787539,
Markow Autoregressive (lag 1) bivariate joint 3 asset model cond. params
uProb.,   0.797923779,  0.202076221,
Prob (1),   0.932341470,  0.067658530,
Prob (2),   0.267158352,  0.732841648,
Mean,      0.000896645, -0.003114700,  0.000576259,
Cor (1),    1.000000000,  0.141386748,  0.603309502,
Cor (2),    0.141386748,  1.000000000,  0.679021500,
Cor (3),    0.603309502,  0.679021500,  1.000000000,
VCV (1),    0.000007599,  0.000001144,  0.000000183,
VCV (2),    0.000001144,  0.000008616,  0.000000219,
VCV (3),    0.000000183,  0.000000219,  0.000000012,
St.dev,     0.002756583,  0.002935382,  0.000109801,
Mean,      0.001061177,  0.009503074, -0.000568852,
Cor (1),    1.000000000,  0.800324640, -0.272393086,
Cor (2),    0.800324640,  1.000000000, -0.240127391,
Cor (3),   -0.272393086, -0.240127391,  1.000000000,
VCV (1),    0.000019209,  0.000021508, -0.000007653,
VCV (2),    0.000021508,  0.000037597, -0.000009439,
VCV (3),   -0.000007653, -0.000009439,  0.000041094,
St.dev,     0.004382772,  0.006131623,  0.006410427,
AutoCor,    0.554156602,  0.789299179,  0.441294464,

No.; 18; Score; 82.937478664892;
Markow Autoregressive (lag 1) bivariate joint 3 asset model uncond. params
uMean,      0.000454281,  0.000414133,  0.000334275,
VCV (1),    0.000035983, -0.000008701, -0.000006913,
VCV (2),   -0.000008701,  0.000040019, -0.000002781,
VCV (3),   -0.000006913, -0.000002781,  0.000015781,
Cor (1),    1.000000000, -0.229280893, -0.290109046,
Cor (2),   -0.229280893,  1.000000000, -0.110669620,
Cor (3),   -0.290109046, -0.110669620,  1.000000000,
St.dev,     0.005998593,  0.006326088,  0.003972570,
Skewness,   0.461056842, -1.010600447,  0.010129645,
Kurtosis,  -0.950113974,  2.097347358,  0.205935378,
AutoCor,    0.322001721,  0.497626740,  0.597289312,
Markow Autoregressive (lag 1) bivariate joint 3 asset model cond. params
uProb.,   0.656084732,  0.343915268,
Prob (1),   0.781651203,  0.218348797,
Prob (2),   0.416542462,  0.583457538,
Mean,     -0.003385507,  0.002475276,  0.000373604,
Cor (1),    1.000000000,  0.080401276, -0.858032129,
Cor (2),    0.080401276,  1.000000000, -0.972131911,
Cor (3),   -0.858032129, -0.972131911,  1.000000000,
VCV (1),    0.000007568,  0.000000475, -0.000008380,
VCV (2),    0.000000475,  0.000004605, -0.000007406,
VCV (3),   -0.000008380, -0.000007406,  0.000012603,
St.dev,     0.002751065,  0.002146029,  0.003550038,
Mean,      0.007779419, -0.003517896,  0.000259246,
Cor (1),    1.000000000,  0.757068568, -0.206979681,
Cor (2),    0.757068568,  1.000000000,  0.466919814,
Cor (3),   -0.206979681,  0.466919814,  1.000000000,
VCV (1),    0.000007763,  0.000016039, -0.000001348,
VCV (2),    0.000016039,  0.000057820,  0.000008301,
VCV (3),   -0.000001348,  0.000008301,  0.000005467,
St.dev,     0.002786207,  0.007603942,  0.002338081,
AutoCor,    0.167667595,  0.531278361,  0.597332734,

No.; 19; Score; 85.215940404409;
Markow Autoregressive (lag 1) bivariate joint 3 asset model uncond. params
uMean,      0.001985080, -0.000041944,  0.000290501,
VCV (1),    0.000047683, -0.000004573, -0.000001497,
VCV (2),   -0.000004573,  0.000069365,  0.000000965,
VCV (3),   -0.000001497,  0.000000965,  0.000004048,
Cor (1),    1.000000000, -0.079508371, -0.107747535,
Cor (2),   -0.079508371,  1.000000000,  0.057601823,
Cor (3),   -0.107747535,  0.057601823,  1.000000000,
St.dev,     0.006905261,  0.008328580,  0.002011896,
Skewness,  -0.135943960, -0.287091818, -0.014938630,
Kurtosis,   0.145568247, -1.590039940,  0.305984408,
AutoCor,    0.041970035, -0.177824797,  0.119341457,
Markow Autoregressive (lag 1) bivariate joint 3 asset model cond. params
uProb.,   0.512019652,  0.487980348,
Prob (1),   0.407005036,  0.592994964,
Prob (2),   0.622207587,  0.377792413,
Mean,      0.000622017,  0.007691308,  0.000321129,
Cor (1),    1.000000000, -0.282328548, -0.612845443,
Cor (2),   -0.282328548,  1.000000000,  0.726265165,
Cor (3),   -0.612845443,  0.726265165,  1.000000000,
VCV (1),    0.000056074, -0.000001552, -0.000007573,
VCV (2),   -0.000001552,  0.000000539,  0.000000880,
VCV (3),   -0.000007573,  0.000000880,  0.000002723,
St.dev,     0.007488264,  0.000734071,  0.001650251,
Mean,      0.003415292, -0.008156158,  0.000258364,
Cor (1),    1.000000000,  0.709427248,  0.367595682,
Cor (2),    0.709427248,  1.000000000,  0.062937009,
Cor (3),    0.367595682,  0.062937009,  1.000000000,
VCV (1),    0.000034620,  0.000014799,  0.000004987,
VCV (2),    0.000014799,  0.000012569,  0.000000515,
VCV (3),    0.000004987,  0.000000515,  0.000005317,
St.dev,     0.005883894,  0.003545311,  0.002305879,
AutoCor,    0.052932546,  0.176684620,  0.119422827,

No.; 20; Score; 87.477430735472;
Markow Autoregressive (lag 1) bivariate joint 3 asset model uncond. params
uMean,     -0.001689517,  0.000950720,  0.000407152,
VCV (1),    0.000012701,  0.000004570,  0.000011800,
VCV (2),    0.000004570,  0.000010147, -0.000008212,
VCV (3),    0.000011800, -0.000008212,  0.000013676,
Cor (1),    1.000000000,  0.402569980,  0.895337333,
Cor (2),    0.402569980,  1.000000000, -0.697065595,
Cor (3),    0.895337333, -0.697065595,  1.000000000,
St.dev,     0.003563871,  0.003185460,  0.003698172,
Skewness,  -0.011140337, -0.088962277, -0.000541906,
Kurtosis,   0.361022632,  2.751142451,  0.014044147,
AutoCor,    0.197823988,  0.701137883,  0.389522128,
Markow Autoregressive (lag 1) bivariate joint 3 asset model cond. params
uProb.,   0.999870818,  0.000129182,
Prob (1),   0.999944772,  0.000055228,
Prob (2),   0.427467733,  0.572532267,
Mean,     -0.001689075,  0.000952037,  0.000407264,
Cor (1),    1.000000000,  0.500842897,  0.916123408,
Cor (2),    0.500842897,  1.000000000, -0.780158066,
Cor (3),    0.916123408, -0.780158066,  1.000000000,
VCV (1),    0.000012155,  0.000003938,  0.000010875,
VCV (2),    0.000003938,  0.000005085, -0.000005990,
VCV (3),    0.000010875, -0.000005990,  0.000011592,
St.dev,     0.003486462,  0.002255060,  0.003404668,
Mean,     -0.005115598, -0.009245855, -0.000463827,
Cor (1),    1.000000000, -0.085063819,  0.761424681,
Cor (2),   -0.085063819,  1.000000000,  0.737716157,
Cor (3),    0.761424681,  0.737716157,  1.000000000,
VCV (1),    0.000379614, -0.000037170,  0.000137183,
VCV (2),   -0.000037170,  0.000502982,  0.000152991,
VCV (3),    0.000137183,  0.000152991,  0.000085507,
St.dev,     0.019483684,  0.022427254,  0.009247017,
AutoCor,    0.197779248,  0.701308430,  0.389520817,

No.; 21; Score; 87.542341560376;
Markow Autoregressive (lag 1) bivariate joint 3 asset model uncond. params
uMean,      0.000922521, -0.000163699, -0.000495367,
VCV (1),    0.000036235,  0.000004725,  0.000007225,
VCV (2),    0.000004725,  0.000075850, -0.000005162,
VCV (3),    0.000007225, -0.000005162,  0.000005186,
Cor (1),    1.000000000,  0.090133735,  0.527039918,
Cor (2),    0.090133735,  1.000000000, -0.260252592,
Cor (3),    0.527039918, -0.260252592,  1.000000000,
St.dev,     0.006019560,  0.008709196,  0.002277210,
Skewness,   0.098262670, -0.065537252, -0.008509382,
Kurtosis,   0.391236614, -0.583847395,  0.011908760,
AutoCor,    0.216358160,  0.220411271,  0.883764234,
Markow Autoregressive (lag 1) bivariate joint 3 asset model cond. params
uProb.,   0.747980279,  0.252019721,
Prob (1),   0.690341092,  0.309658908,
Prob (2),   0.919050123,  0.080949877,
Mean,      0.001234443, -0.003483624, -0.000590084,
Cor (1),    1.000000000,  0.240623369,  0.988256783,
Cor (2),    0.240623369,  1.000000000, -0.580333084,
Cor (3),    0.988256783, -0.580333084,  1.000000000,
VCV (1),    0.000042075,  0.000009733,  0.000007094,
VCV (2),    0.000009733,  0.000038882, -0.000004005,
VCV (3),    0.000007094, -0.000004005,  0.000001225,
St.dev,     0.006486501,  0.006235578,  0.001106693,
Mean,     -0.000003246,  0.009689649, -0.000214252,
Cor (1),    1.000000000, -0.387249700,  0.866815090,
Cor (2),   -0.387249700,  1.000000000, -0.208769532,
Cor (3),    0.866815090, -0.208769532,  1.000000000,
VCV (1),    0.000010858, -0.000001758,  0.000002283,
VCV (2),   -0.000001758,  0.000001899, -0.000000230,
VCV (3),    0.000002283, -0.000000230,  0.000000639,
St.dev,     0.003295215,  0.001378015,  0.000799279,
AutoCor,    0.219933507,  0.560989987,  0.889505824,

No.; 22; Score; 88.190705622149;
Markow Autoregressive (lag 1) bivariate joint 3 asset model uncond. params
uMean,     -0.002885012,  0.001099126, -0.000504107,
VCV (1),    0.000025732,  0.000002712,  0.000003369,
VCV (2),    0.000002712,  0.000084429, -0.000005984,
VCV (3),    0.000003369, -0.000005984,  0.000003154,
Cor (1),    1.000000000,  0.058190211,  0.373902893,
Cor (2),    0.058190211,  1.000000000, -0.366701301,
Cor (3),    0.373902893, -0.366701301,  1.000000000,
St.dev,     0.005072699,  0.009188524,  0.001776039,
Skewness,  -0.112606739,  0.061676163,  0.012295255,
Kurtosis,   0.049699813, -0.306210079,  0.962621903,
AutoCor,    0.207299314,  0.146403393,  0.466259759,
Markow Autoregressive (lag 1) bivariate joint 3 asset model cond. params
uProb.,   0.372009814,  0.627990186,
Prob (1),   0.512711783,  0.487288217,
Prob (2),   0.288660560,  0.711339440,
Mean,     -0.004911053, -0.006064941, -0.000487022,
Cor (1),    1.000000000,  0.909796323,  0.665725294,
Cor (2),    0.909796323,  1.000000000, -0.530246563,
Cor (3),    0.665725294, -0.530246563,  1.000000000,
VCV (1),    0.000025807,  0.000030219,  0.000007274,
VCV (2),    0.000030219,  0.000042749, -0.000007457,
