Round No; 2; best result RLS; 1455.5438069466

;;;
Statistical description of data for: Meginajums1
Calib/Tail/Per/Cur, 784, 9999, 23, 0,
Title,    INDEX WITH EQUAL WEIGHTS based on market value,EQUITY LM SNP,REX BOND     ,
Mean,       0.000448218,  0.000175148,  0.000011824,
VCV (1),    3.843276912, -0.000172207, -0.000007083,
VCV (2),   -0.000172207,  0.000027803, -0.000000034,
VCV (3),   -0.000007083, -0.000000034,  0.000000099,
St.dev,     1.960427737,  0.005272874,  0.000315163,
Skewness,   7.072990118, -0.533728382, -0.333150084,
Kurtosis,  327.685741038,  6.345066446, 26.810331499,
AutoCor,   -0.017237349,  0.126724186, -0.366572783,
No.; 1; Score; 1455.5438069466;
Markow Autoregressive (lag 1) bivariate joint 3 asset model uncond. params
uMean,     -0.051123644, -0.002304601, -0.000318208,
VCV (1),    3.844781804,  0.007237318,  0.001129878,
VCV (2),    0.007237318,  0.000046056,  0.000001391,
VCV (3),    0.001129878,  0.000001391,  0.000000390,
Cor (1),    1.000000000,  0.543873585,  0.922845766,
Cor (2),    0.543873585,  1.000000000,  0.328291915,
Cor (3),    0.922845766,  0.328291915,  1.000000000,
St.dev,     1.960811517,  0.006786469,  0.000624405,
Skewness,   0.055654091, -0.058726745, -0.005393177,
Kurtosis,   0.137209972,  0.007890588,  0.025310948,
AutoCor,    0.658396951,  0.066850465,  0.646285571,
Markow Autoregressive (lag 1) bivariate joint 3 asset model cond. params
uProb.,   0.593660386,  0.406339614,
Prob (1),   0.485620209,  0.514379791,
Prob (2),   0.751506608,  0.248493392,
Mean,     -0.208457859, -0.003615417, -0.000329258,
Cor (1),    1.000000000,  0.833664851,  0.955168333,
Cor (2),    0.833664851,  1.000000000,  0.412800778,
Cor (3),    0.955168333,  0.412800778,  1.000000000,
VCV (1),    1.437136506,  0.006828871,  0.000580338,
VCV (2),    0.006828871,  0.000046689,  0.000001430,
VCV (3),    0.000580338,  0.000001430,  0.000000257,
St.dev,     1.198806284,  0.006832953,  0.000506818,
Mean,      0.178740951, -0.000389505, -0.000302064,
Cor (1),    1.000000000,  0.561910093,  0.969151862,
Cor (2),    0.561910093,  1.000000000,  0.414863717,
Cor (3),    0.969151862,  0.414863717,  1.000000000,
VCV (1),    3.101226488,  0.006112774,  0.000729463,
VCV (2),    0.006112774,  0.000038160,  0.000001095,
VCV (3),    0.000729463,  0.000001095,  0.000000183,
St.dev,     1.761029951,  0.006177386,  0.000427410,
AutoCor,    0.667173690,  0.086032146,  0.646703130,

No.; 2; Score; 1472.9587529972;
Markow Autoregressive (lag 1) bivariate joint 3 asset model uncond. params
uMean,      0.000638866, -0.003715443, -0.000164367,
VCV (1),    3.833140308,  0.003517184, -0.000029391,
VCV (2),    0.003517184,  0.000038530, -0.000005585,
VCV (3),   -0.000029391, -0.000005585,  0.000001293,
Cor (1),    1.000000000,  0.289411610, -0.013203255,
Cor (2),    0.289411610,  1.000000000, -0.791354225,
Cor (3),   -0.013203255, -0.791354225,  1.000000000,
St.dev,     1.957840726,  0.006207287,  0.001136997,
Skewness,   0.196753548,  0.153135586, -0.008739979,
Kurtosis,   0.726650102,  0.300733136,  0.003037805,
AutoCor,    0.208767055,  0.569920524,  0.837559472,
Markow Autoregressive (lag 1) bivariate joint 3 asset model cond. params
uProb.,   0.023122019,  0.976877981,
Prob (1),   0.407433432,  0.592566568,
Prob (2),   0.014025636,  0.985974364,
Mean,      2.103553968,  0.007254151,  0.000430963,
Cor (1),    1.000000000, -0.616510652,  0.146055505,
Cor (2),   -0.616510652,  1.000000000, -0.859521137,
Cor (3),    0.146055505, -0.859521137,  1.000000000,
VCV (1),   11.885381914, -0.011702735,  0.000137336,
VCV (2),   -0.011702735,  0.000030317, -0.000001291,
VCV (3),    0.000137336, -0.000001291,  0.000000074,
St.dev,     3.447518225,  0.005506051,  0.000272747,
Mean,     -0.049135664, -0.003975086, -0.000178458,
Cor (1),    1.000000000,  0.332966593, -0.046815161,
Cor (2),    0.332966593,  1.000000000, -0.988467275,
Cor (3),   -0.046815161, -0.988467275,  1.000000000,
VCV (1),    3.377211574,  0.002956880, -0.000053333,
VCV (2),    0.002956880,  0.000023351, -0.000002961,
VCV (3),   -0.000053333, -0.000002961,  0.000000384,
St.dev,     1.837719123,  0.004832300,  0.000619913,
AutoCor,    0.203583522,  0.584009860,  0.840460425,

No.; 3; Score; 1477.7345521454;
Markow Autoregressive (lag 1) bivariate joint 3 asset model uncond. params
uMean,      0.008678273, -0.005018208, -0.000319267,
VCV (1),    3.832597317,  0.000853452,  0.000998932,
VCV (2),    0.000853452,  0.000031391, -0.000002009,
VCV (3),    0.000998932, -0.000002009,  0.000000529,
Cor (1),    1.000000000,  0.077809534,  0.701523200,
Cor (2),    0.077809534,  1.000000000, -0.493042460,
Cor (3),    0.701523200, -0.493042460,  1.000000000,
St.dev,     1.957702050,  0.005602732,  0.000727356,
Skewness,   0.942710800, -0.015367222,  0.479674066,
Kurtosis,  -0.182761145, -0.001896684,  0.070155778,
AutoCor,   -0.040858019,  0.378413896,  0.428819652,
Markow Autoregressive (lag 1) bivariate joint 3 asset model cond. params
uProb.,   0.238986923,  0.761013077,
Prob (1),   0.174753581,  0.825246419,
Prob (2),   0.259158624,  0.740841376,
Mean,      3.137714930, -0.007372607,  0.000561705,
Cor (1),    1.000000000,  0.727033379, -0.144719211,
Cor (2),    0.727033379,  1.000000000, -0.726374977,
Cor (3),   -0.144719211, -0.726374977,  1.000000000,
VCV (1),    0.904852147,  0.003438677, -0.000047392,
VCV (2),    0.003438677,  0.000024723, -0.000001243,
VCV (3),   -0.000047392, -0.000001243,  0.000000119,
St.dev,     0.951237167,  0.004972196,  0.000344264,
Mean,     -0.973957721, -0.004278837, -0.000595925,
Cor (1),    1.000000000,  0.688031718,  0.861603998,
Cor (2),    0.688031718,  1.000000000, -0.651937345,
Cor (3),    0.861603998, -0.651937345,  1.000000000,
VCV (1),    0.693374336,  0.002852419,  0.000169364,
VCV (2),    0.002852419,  0.000024788, -0.000000766,
VCV (3),    0.000169364, -0.000000766,  0.000000056,
St.dev,     0.832691021,  0.004978758,  0.000236064,
AutoCor,    0.135808297,  0.405586500,  0.867232658,

No.; 4; Score; 1495.8913360646;
Markow Autoregressive (lag 1) bivariate joint 3 asset model uncond. params
uMean,      0.014655281, -0.004753649, -0.000021435,
VCV (1),    3.838189814, -0.009295089,  0.000282318,
VCV (2),   -0.009295089,  0.000072196, -0.000002513,
VCV (3),    0.000282318, -0.000002513,  0.000000739,
Cor (1),    1.000000000, -0.558386151,  0.167659035,
Cor (2),   -0.558386151,  1.000000000, -0.344146352,
Cor (3),    0.167659035, -0.344146352,  1.000000000,
St.dev,     1.959129862,  0.008496806,  0.000859505,
Skewness,   0.007963186,  0.194325109,  0.317914647,
Kurtosis,  -0.006043630, -0.022017988,  0.433480543,
AutoCor,    0.751700061,  0.269781640,  0.649897467,
Markow Autoregressive (lag 1) bivariate joint 3 asset model cond. params
uProb.,   0.705188102,  0.294811898,
Prob (1),   0.731884142,  0.268115858,
Prob (2),   0.641331352,  0.358668648,
Mean,      0.290074682, -0.002803853, -0.000221524,
Cor (1),    1.000000000, -0.993446734,  0.823169848,
Cor (2),   -0.993446734,  1.000000000, -0.428541303,
Cor (3),    0.823169848, -0.428541303,  1.000000000,
VCV (1),    1.468045662, -0.009910551,  0.000424617,
VCV (2),   -0.009910551,  0.000067790, -0.000001502,
VCV (3),    0.000424617, -0.000001502,  0.000000181,
St.dev,     1.211629342,  0.008233480,  0.000425734,
Mean,     -0.644146097, -0.009417549,  0.000457178,
Cor (1),    1.000000000, -0.597014707, -0.492551975,
Cor (2),   -0.597014707,  1.000000000, -0.138490187,
Cor (3),   -0.492551975, -0.138490187,  1.000000000,
VCV (1),    1.258271230, -0.003857768, -0.000418949,
VCV (2),   -0.003857768,  0.000033184, -0.000000605,
VCV (3),   -0.000418949, -0.000000605,  0.000000575,
St.dev,     1.121726896,  0.005760551,  0.000758266,
AutoCor,    0.784506024,  0.295610350,  0.733205577,

No.; 5; Score; 1612.7630468159;
Markow Autoregressive (lag 1) bivariate joint 3 asset model uncond. params
uMean,     -0.001669876,  0.003569092, -0.000137578,
VCV (1),    3.828520342,  0.009839500, -0.000809613,
VCV (2),    0.009839500,  0.000108558, -0.000000829,
VCV (3),   -0.000809613, -0.000000829,  0.000000376,
Cor (1),    1.000000000,  0.482643536, -0.675184699,
Cor (2),    0.482643536,  1.000000000, -0.129891301,
Cor (3),   -0.675184699, -0.129891301,  1.000000000,
St.dev,     1.956660508,  0.010419120,  0.000612829,
Skewness,  -0.034696430, -0.147198753,  0.517212590,
Kurtosis,  -0.331397824,  0.032089250, -0.680341931,
AutoCor,    0.262634000,  0.625740944, -0.201328075,
Markow Autoregressive (lag 1) bivariate joint 3 asset model cond. params
uProb.,   0.398767241,  0.601232759,
Prob (1),   0.192422737,  0.807577263,
Prob (2),   0.535625101,  0.464374899,
Mean,     -1.529307202, -0.001771366,  0.000493578,
Cor (1),    1.000000000,  0.914990663, -0.103433238,
Cor (2),    0.914990663,  1.000000000,  0.877854512,
Cor (3),   -0.103433238,  0.877854512,  1.000000000,
VCV (1),    1.041358410,  0.006142192, -0.000042180,
VCV (2),    0.006142192,  0.000043273,  0.000002308,
VCV (3),   -0.000042180,  0.000002308,  0.000000160,
St.dev,     1.020469701,  0.006578193,  0.000399620,
Mean,      1.011534599,  0.007111148, -0.000556192,
Cor (1),    1.000000000, -0.167888412, -0.708041024,
Cor (2),   -0.167888412,  1.000000000,  0.471629512,
Cor (3),   -0.708041024,  0.471629512,  1.000000000,
VCV (1),    1.380558897, -0.000828327, -0.000229182,
VCV (2),   -0.000828327,  0.000017632,  0.000000546,
VCV (3),   -0.000229182,  0.000000546,  0.000000076,
St.dev,     1.174971871,  0.004199073,  0.000275483,
AutoCor,    0.673785965,  0.830207066,  0.135315134,

No.; 6; Score; 1615.5199589769;
Markow Autoregressive (lag 1) bivariate joint 3 asset model uncond. params
uMean,     -0.000490487, -0.000071897, -0.000080533,
VCV (1),    3.837856059, -0.005005795, -0.000469570,
VCV (2),   -0.005005795,  0.000135121, -0.000004484,
VCV (3),   -0.000469570, -0.000004484,  0.000000402,
Cor (1),    1.000000000, -0.219820376, -0.378172819,
Cor (2),   -0.219820376,  1.000000000, -0.608629958,
Cor (3),   -0.378172819, -0.608629958,  1.000000000,
St.dev,     1.959044680,  0.011624138,  0.000633820,
Skewness,   0.117919078, -0.105022636,  0.348232409,
Kurtosis,   0.095107641, -0.528177520, -1.009190703,
AutoCor,    0.689483231, -0.021940357, -0.349227962,
Markow Autoregressive (lag 1) bivariate joint 3 asset model cond. params
uProb.,   0.440687433,  0.559312567,
Prob (1),   0.060408648,  0.939591352,
Prob (2),   0.740312529,  0.259687471,
Mean,     -0.517809779, -0.009550754,  0.000539850,
Cor (1),    1.000000000, -0.971148631, -0.392297920,
Cor (2),   -0.971148631,  1.000000000,  0.554858206,
Cor (3),   -0.392297920,  0.554858206,  1.000000000,
VCV (1),    0.438453083, -0.003747551, -0.000081227,
VCV (2),   -0.003747551,  0.000033963,  0.000001011,
VCV (3),   -0.000081227,  0.000001011,  0.000000098,
St.dev,     0.662157899,  0.005827742,  0.000312696,
Mean,      0.407110065,  0.007396581, -0.000569339,
Cor (1),    1.000000000, -0.509261932, -0.574896268,
Cor (2),   -0.509261932,  1.000000000, -0.820251927,
Cor (3),   -0.574896268, -0.820251927,  1.000000000,
VCV (1),    2.303517507, -0.004341532, -0.000124090,
VCV (2),   -0.004341532,  0.000031551, -0.000000655,
VCV (3),   -0.000124090, -0.000000655,  0.000000020,
St.dev,     1.517734334,  0.005617021,  0.000142217,
AutoCor,    0.769094134,  0.702145732,  0.669014826,

No.; 7; Score; 1619.6260374308;
Markow Autoregressive (lag 1) bivariate joint 3 asset model uncond. params
uMean,     -0.012817795,  0.001328246, -0.000414951,
VCV (1),    3.865256084,  0.000906652, -0.000004583,
VCV (2),    0.000906652,  0.000072889, -0.000000075,
VCV (3),   -0.000004583, -0.000000075,  0.000000239,
Cor (1),    1.000000000,  0.054015950, -0.004764629,
Cor (2),    0.054015950,  1.000000000, -0.017971410,
Cor (3),   -0.004764629, -0.017971410,  1.000000000,
St.dev,     1.966025453,  0.008537477,  0.000489238,
Skewness,   0.317672577,  0.678283578,  0.267627528,
Kurtosis,  -0.839959154,  1.703849196,  2.113675305,
AutoCor,   -0.272098084,  0.068051979,  0.133285422,
Markow Autoregressive (lag 1) bivariate joint 3 asset model cond. params
uProb.,   0.515240644,  0.484759356,
Prob (1),   0.265434674,  0.734565326,
Prob (2),   0.780754217,  0.219245783,
Mean,      1.535449234,  0.003789844, -0.000465417,
Cor (1),    1.000000000, -0.515937521, -0.166176516,
Cor (2),   -0.515937521,  1.000000000,  0.796355119,
Cor (3),   -0.166176516,  0.796355119,  1.000000000,
VCV (1),    1.815749390, -0.007607846, -0.000042057,
VCV (2),   -0.007607846,  0.000119749,  0.000001637,
VCV (3),   -0.000042057,  0.000001637,  0.000000035,
St.dev,     1.347497455,  0.010943006,  0.000187820,
Mean,     -1.658438640, -0.001288135, -0.000361311,
Cor (1),    1.000000000,  0.770473947,  0.368731451,
Cor (2),    0.770473947,  1.000000000, -0.883274202,
Cor (3),    0.368731451, -0.883274202,  1.000000000,
VCV (1),    0.680845621,  0.001760358,  0.000202051,
VCV (2),    0.001760358,  0.000007667, -0.000001624,
VCV (3),    0.000202051, -0.000001624,  0.000000441,
St.dev,     0.825133699,  0.002768974,  0.000664090,
AutoCor,    0.198295437,  0.124595266,  0.140704845,

No.; 8; Score; 1701.4219892604;
Markow Autoregressive (lag 1) bivariate joint 3 asset model uncond. params
uMean,      0.004127113,  0.007396658, -0.000351469,
VCV (1),    3.813534818, -0.001425806, -0.000059177,
VCV (2),   -0.001425806,  0.000061998, -0.000001829,
VCV (3),   -0.000059177, -0.000001829,  0.000000117,
Cor (1),    1.000000000, -0.092727327, -0.088471330,
Cor (2),   -0.092727327,  1.000000000, -0.678207457,
Cor (3),   -0.088471330, -0.678207457,  1.000000000,
St.dev,     1.952827391,  0.007873881,  0.000342518,
Skewness,   0.260704586,  0.023546724, -0.135915673,
Kurtosis,   0.316698522,  0.018536587,  0.083166563,
AutoCor,    0.101003967,  0.561554603,  0.633641817,
Markow Autoregressive (lag 1) bivariate joint 3 asset model cond. params
uProb.,   0.444052385,  0.555947615,
Prob (1),   0.038158658,  0.961841342,
Prob (2),   0.768252135,  0.231747865,
Mean,     -0.555496517,  0.008313216, -0.000249085,
Cor (1),    1.000000000,  0.594947945,  0.884985214,
Cor (2),    0.594947945,  1.000000000, -0.536308684,
Cor (3),    0.884985214, -0.536308684,  1.000000000,
VCV (1),    1.976823577,  0.005761038,  0.000164269,
VCV (2),    0.005761038,  0.000047432, -0.000000488,
VCV (3),    0.000164269, -0.000000488,  0.000000017,
St.dev,     1.405995582,  0.006887123,  0.000132019,
Mean,      0.451115643,  0.006664574, -0.000433245,
Cor (1),    1.000000000, -0.483927221, -0.257411730,
Cor (2),   -0.483927221,  1.000000000, -0.961819302,
Cor (3),   -0.257411730, -0.961819302,  1.000000000,
VCV (1),    4.667881839, -0.006261572, -0.000152493,
VCV (2),   -0.006261572,  0.000035866, -0.000001579,
VCV (3),   -0.000152493, -0.000001579,  0.000000075,
St.dev,     2.160528139,  0.005988850,  0.000274196,
AutoCor,    0.159345935,  0.575686905,  0.738446364,

No.; 9; Score; 1705.8585395226;
Markow Autoregressive (lag 1) bivariate joint 3 asset model uncond. params
uMean,     -0.007913909, -0.000331388,  0.000078223,
VCV (1),    3.849541501, -0.020376260, -0.000267962,
VCV (2),   -0.020376260,  0.000175823,  0.000002129,
VCV (3),   -0.000267962,  0.000002129,  0.000000137,
Cor (1),    1.000000000, -0.783216443, -0.368478509,
Cor (2),   -0.783216443,  1.000000000,  0.433225130,
Cor (3),   -0.368478509,  0.433225130,  1.000000000,
St.dev,     1.962024847,  0.013259837,  0.000370644,
Skewness,  -0.382549235,  0.291255528, -0.152974619,
Kurtosis,   0.699811618,  0.602936442,  0.075599563,
AutoCor,    0.106721907,  0.486328563,  0.182820884,
Markow Autoregressive (lag 1) bivariate joint 3 asset model cond. params
uProb.,   0.524703159,  0.475296841,
Prob (1),   0.177428860,  0.822571140,
Prob (2),   0.908076044,  0.091923956,
Mean,     -0.493359168,  0.002434588,  0.000184551,
Cor (1),    1.000000000, -0.955822840, -0.706102374,
Cor (2),   -0.955822840,  1.000000000,  0.626669080,
Cor (3),   -0.706102374,  0.626669080,  1.000000000,
VCV (1),    5.331098872, -0.031817834, -0.000496092,
VCV (2),   -0.031817834,  0.000207859,  0.000002749,
VCV (3),   -0.000496092,  0.000002749,  0.000000093,
St.dev,     2.308917251,  0.014417330,  0.000304289,
Mean,      0.527992578, -0.003384884, -0.000039157,
Cor (1),    1.000000000, -0.197139069,  0.274253711,
Cor (2),   -0.197139069,  1.000000000,  0.123677261,
Cor (3),    0.274253711,  0.123677261,  1.000000000,
VCV (1),    1.454971791, -0.000981472,  0.000124138,
VCV (2),   -0.000981472,  0.000017036,  0.000000192,
VCV (3),    0.000124138,  0.000000192,  0.000000141,
St.dev,     1.206222115,  0.004127414,  0.000375253,
AutoCor,    0.167413113,  0.547737420,  0.274103204,

No.; 10; Score; 1801.7139962483;
Markow Autoregressive (lag 1) bivariate joint 3 asset model uncond. params
uMean,      0.001343353, -0.006122889,  0.000222487,
VCV (1),    3.855563522,  0.010468598,  0.000476788,
VCV (2),    0.010468598,  0.000200438, -0.000000266,
VCV (3),    0.000476788, -0.000000266,  0.000000269,
Cor (1),    1.000000000,  0.376578091,  0.468484226,
Cor (2),    0.376578091,  1.000000000, -0.036192616,
Cor (3),    0.468484226, -0.036192616,  1.000000000,
St.dev,     1.963558892,  0.014157597,  0.000518307,
Skewness,   0.230612823, -0.011225217,  0.178780913,
Kurtosis,  -0.023445985,  0.102245445, -0.390186135,
AutoCor,    0.429777569,  0.480643316,  0.362804447,
Markow Autoregressive (lag 1) bivariate joint 3 asset model cond. params
uProb.,   0.412104817,  0.587895183,
Prob (1),   0.487262179,  0.512737821,
Prob (2),   0.359420747,  0.640579253,
Mean,     -1.023682723, -0.006475189, -0.000178139,
Cor (1),    1.000000000,  0.765098274, -0.914043614,
Cor (2),    0.765098274,  1.000000000, -0.386721795,
Cor (3),   -0.914043614, -0.386721795,  1.000000000,
VCV (1),    1.450635177,  0.012892773, -0.000287137,
VCV (2),    0.012892773,  0.000195749, -0.000001411,
VCV (3),   -0.000287137, -0.000001411,  0.000000068,
St.dev,     1.204423172,  0.013991040,  0.000260821,
Mean,      0.719869710, -0.005875933,  0.000503320,
Cor (1),    1.000000000,  0.216181028,  0.672735612,
Cor (2),    0.216181028,  1.000000000,  0.125080171,
Cor (3),    0.672735612,  0.125080171,  1.000000000,
VCV (1),    2.956519026,  0.004152495,  0.000436956,
VCV (2),    0.004152495,  0.000124797,  0.000000528,
VCV (3),    0.000436956,  0.000000528,  0.000000143,
St.dev,     1.719453118,  0.011171236,  0.000377749,
AutoCor,    0.501074304,  0.480796521,  0.532118496,

No.; 11; Score; 1991.6331922999;
Markow Autoregressive (lag 1) bivariate joint 3 asset model uncond. params
uMean,     -0.001779986, -0.006327270,  0.000015322,
VCV (1),    3.885445082, -0.002589532, -0.000141334,
VCV (2),   -0.002589532,  0.000099380, -0.000001303,
VCV (3),   -0.000141334, -0.000001303,  0.000000270,
Cor (1),    1.000000000, -0.131780245, -0.137926472,
Cor (2),   -0.131780245,  1.000000000, -0.251421229,
Cor (3),   -0.137926472, -0.251421229,  1.000000000,
St.dev,     1.971153237,  0.009968977,  0.000519852,
Skewness,  -0.717822403, -0.335074292,  0.342424026,
Kurtosis,   0.450948480,  0.032404215,  0.116352427,
AutoCor,    0.572614073,  0.307217145,  0.112587480,
Markow Autoregressive (lag 1) bivariate joint 3 asset model cond. params
uProb.,   0.269790387,  0.730209613,
Prob (1),   0.590122175,  0.409877825,
Prob (2),   0.151437471,  0.848562529,
Mean,     -2.242160972, -0.000122562, -0.000282833,
Cor (1),    1.000000000, -0.684442800, -0.674650781,
Cor (2),   -0.684442800,  1.000000000,  0.006422035,
Cor (3),   -0.674650781,  0.006422035,  1.000000000,
VCV (1),    1.963662597, -0.004686749, -0.000254377,
VCV (2),   -0.004686749,  0.000023878,  0.000000008,
VCV (3),   -0.000254377,  0.000000008,  0.000000072,
St.dev,     1.401307460,  0.004886536,  0.000269070,
Mean,      0.825973090, -0.008619722,  0.000125481,
Cor (1),    1.000000000,  0.540892963, -0.897019093,
Cor (2),    0.540892963,  1.000000000, -0.154583264,
Cor (3),   -0.897019093, -0.154583264,  1.000000000,
VCV (1),    0.712735162,  0.004527606, -0.000412630,
VCV (2),    0.004527606,  0.000098307, -0.000000835,
VCV (3),   -0.000412630, -0.000000835,  0.000000297,
St.dev,     0.844236437,  0.009915011,  0.000544872,
AutoCor,    0.694905645,  0.285257651,  0.067472105,

No.; 12; Score; 2139.0881246405;
Markow Autoregressive (lag 1) bivariate joint 3 asset model uncond. params
uMean,     -0.001906880, -0.003089416, -0.000442789,
VCV (1),    3.821688223, -0.006146483,  0.000075782,
VCV (2),   -0.006146483,  0.000295386, -0.000001291,
VCV (3),    0.000075782, -0.000001291,  0.000000178,
Cor (1),    1.000000000, -0.182938218,  0.091817706,
Cor (2),   -0.182938218,  1.000000000, -0.177977730,
Cor (3),    0.091817706, -0.177977730,  1.000000000,
St.dev,     1.954913866,  0.017186785,  0.000422191,
Skewness,  -0.124705682,  0.053832646,  0.176839250,
Kurtosis,  -0.414459029,  0.004040741,  0.485424171,
AutoCor,   -0.005337159,  0.768193335,  0.024628926,
Markow Autoregressive (lag 1) bivariate joint 3 asset model cond. params
uProb.,   0.536165278,  0.463834722,
Prob (1),   0.308983016,  0.691016984,
Prob (2),   0.798774425,  0.201225575,
Mean,     -1.223357158,  0.002018279, -0.000500577,
Cor (1),    1.000000000, -0.080492083, -0.414374173,
Cor (2),   -0.080492083,  1.000000000, -0.486061575,
Cor (3),   -0.414374173, -0.486061575,  1.000000000,
VCV (1),    2.093113024, -0.000964604, -0.000196909,
VCV (2),   -0.000964604,  0.000068612, -0.000001322,
VCV (3),   -0.000196909, -0.000001322,  0.000000108,
St.dev,     1.446759491,  0.008283224,  0.000328456,
Mean,      1.410016800, -0.008993606, -0.000375990,
Cor (1),    1.000000000,  0.519415442,  0.362897270,
Cor (2),    0.519415442,  1.000000000, -0.214879322,
Cor (3),    0.362897270, -0.214879322,  1.000000000,
VCV (1),    1.403166921,  0.002588976,  0.000215266,
VCV (2),    0.002588976,  0.000017706, -0.000000453,
VCV (3),    0.000215266, -0.000000453,  0.000000251,
St.dev,     1.184553469,  0.004207833,  0.000500769,
AutoCor,    0.393065254,  0.911227571,  0.036016075,

No.; 13; Score; 2323.8776636671;
Markow Autoregressive (lag 1) bivariate joint 3 asset model uncond. params
uMean,     -0.004260848, -0.002117274,  0.000553847,
VCV (1),    3.896423459,  0.014408411,  0.000779489,
VCV (2),    0.014408411,  0.000133545, -0.000009253,
VCV (3),    0.000779489, -0.000009253,  0.000001659,
Cor (1),    1.000000000,  0.631639022,  0.306542428,
Cor (2),    0.631639022,  1.000000000, -0.621586043,
Cor (3),    0.306542428, -0.621586043,  1.000000000,
St.dev,     1.973936032,  0.011556173,  0.001288209,
Skewness,  -0.491683697,  0.065850530,  0.004632341,
Kurtosis,   1.724310063,  0.040643650,  0.089512704,
AutoCor,    0.426825062,  0.605175733,  0.911194714,
Markow Autoregressive (lag 1) bivariate joint 3 asset model cond. params
uProb.,   0.240160552,  0.759839448,
Prob (1),   0.416620611,  0.583379389,
Prob (2),   0.184387263,  0.815612737,
Mean,     -0.818842972, -0.005567818,  0.000517756,
Cor (1),    1.000000000,  0.937390328,  0.943217460,
Cor (2),    0.937390328,  1.000000000,  0.059839627,
Cor (3),    0.943217460,  0.059839627,  1.000000000,
VCV (1),    7.513288631,  0.018120924,  0.000562168,
VCV (2),    0.018120924,  0.000049738,  0.000000092,
VCV (3),    0.000562168,  0.000000092,  0.000000047,
St.dev,     2.741037875,  0.007052528,  0.000217440,
Mean,      0.253202085, -0.001026669,  0.000565255,
Cor (1),    1.000000000,  0.614908963,  0.582216984,
Cor (2),    0.614908963,  1.000000000, -0.952734641,
Cor (3),    0.582216984, -0.952734641,  1.000000000,
VCV (1),    1.546868844,  0.007266297,  0.000431427,
VCV (2),    0.007266297,  0.000090272, -0.000005393,
VCV (3),    0.000431427, -0.000005393,  0.000000355,
St.dev,     1.243731822,  0.009501137,  0.000595794,
AutoCor,    0.437894773,  0.615989634,  0.911363200,

No.; 14; Score; 2335.3705423555;
Markow Autoregressive (lag 1) bivariate joint 3 asset model uncond. params
uMean,     -0.008417158,  0.008367938,  0.000306397,
VCV (1),    3.794245598,  0.009944630,  0.000389076,
VCV (2),    0.009944630,  0.000188479,  0.000000288,
VCV (3),    0.000389076,  0.000000288,  0.000000083,
Cor (1),    1.000000000,  0.371872700,  0.693139399,
Cor (2),    0.371872700,  1.000000000,  0.072760635,
Cor (3),    0.693139399,  0.072760635,  1.000000000,
St.dev,     1.947882337,  0.013728769,  0.000288172,
Skewness,  -0.984178103, -0.000780293, -1.454481647,
Kurtosis,   2.930881727,  0.000065668,  3.582248314,
AutoCor,    0.207470117,  0.807880882,  0.072572051,
Markow Autoregressive (lag 1) bivariate joint 3 asset model cond. params
uProb.,   0.884893457,  0.115106543,
Prob (1),   0.881335907,  0.118664093,
Prob (2),   0.912242495,  0.087757505,
Mean,      0.291702464,  0.008135044,  0.000375121,
Cor (1),    1.000000000,  0.615452817,  0.842653171,
Cor (2),    0.615452817,  1.000000000,  0.357957195,
Cor (3),    0.842653171,  0.357957195,  1.000000000,
VCV (1),    2.039139267,  0.007099753,  0.000222530,
VCV (2),    0.007099753,  0.000065260,  0.000000535,
VCV (3),    0.000222530,  0.000000535,  0.000000034,
St.dev,     1.427984337,  0.008078394,  0.000184934,
Mean,     -2.315617808,  0.010158330, -0.000221929,
Cor (1),    1.000000000,  0.720147903,  0.188825524,
Cor (2),    0.720147903,  1.000000000, -0.344956184,
Cor (3),    0.188825524, -0.344956184,  1.000000000,
VCV (1),    9.439956026,  0.017260815,  0.000212044,
VCV (2),    0.017260815,  0.000060857, -0.000000984,
VCV (3),    0.000212044, -0.000000984,  0.000000134,
St.dev,     3.072451143,  0.007801078,  0.000365495,
AutoCor,    0.260684430,  0.809740639,  0.152967360,

No.; 15; Score; 2366.038532123;
Markow Autoregressive (lag 1) bivariate joint 3 asset model uncond. params
uMean,      0.011282258,  0.005879546,  0.000346270,
VCV (1),    3.784398111, -0.005488847,  0.000489112,
VCV (2),   -0.005488847,  0.000041485, -0.000000566,
VCV (3),    0.000489112, -0.000000566,  0.000000333,
Cor (1),    1.000000000, -0.438061553,  0.435795500,
Cor (2),   -0.438061553,  1.000000000, -0.152182824,
Cor (3),    0.435795500, -0.152182824,  1.000000000,
St.dev,     1.945352953,  0.006440915,  0.000576935,
Skewness,  -0.440853028,  0.295273530,  0.010674754,
Kurtosis,  -0.505564542,  0.603267633, -0.029765100,
AutoCor,    0.030576026,  0.722877837,  0.405650029,
Markow Autoregressive (lag 1) bivariate joint 3 asset model cond. params
uProb.,   0.213609811,  0.786390189,
Prob (1),   0.112697769,  0.887302231,
Prob (2),   0.241020889,  0.758979111,
Mean,     -2.919961401,  0.009761738,  0.000020657,
Cor (1),    1.000000000, -0.391768532,  0.400703857,
Cor (2),   -0.391768532,  1.000000000,  0.964112270,
Cor (3),    0.400703857,  0.964112270,  1.000000000,
VCV (1),    0.596608760, -0.001805216,  0.000140614,
VCV (2),   -0.001805216,  0.000035588,  0.000002613,
VCV (3),    0.000140614,  0.000002613,  0.000000206,
St.dev,     0.772404531,  0.005965609,  0.000454320,
Mean,      0.807505830,  0.004825014,  0.000434718,
Cor (1),    1.000000000, -0.598518029,  0.348903657,
Cor (2),   -0.598518029,  1.000000000, -0.711513681,
Cor (3),    0.348903657, -0.711513681,  1.000000000,
VCV (1),    1.531268958, -0.001846425,  0.000215918,
VCV (2),   -0.001846425,  0.000006215, -0.000000887,
VCV (3),    0.000215918, -0.000000887,  0.000000250,
St.dev,     1.237444527,  0.002493037,  0.000500101,
AutoCor,    0.286257299,  0.816073621,  0.456227370,

No.; 16; Score; 2515.4680532519;
Markow Autoregressive (lag 1) bivariate joint 3 asset model uncond. params
uMean,     -0.009766231,  0.002509411,  0.000040744,
VCV (1),    3.894976815, -0.008247036, -0.000200707,
VCV (2),   -0.008247036,  0.000224302,  0.000000372,
VCV (3),   -0.000200707,  0.000000372,  0.000000485,
Cor (1),    1.000000000, -0.279016036, -0.146066391,
Cor (2),   -0.279016036,  1.000000000,  0.035648558,
Cor (3),   -0.146066391,  0.035648558,  1.000000000,
St.dev,     1.973569562,  0.014976705,  0.000696242,
Skewness,  -0.717497777, -0.013949383, -0.210896682,
Kurtosis,  -0.028727714,  0.020532841,  0.238171789,
AutoCor,   -0.352550472,  0.475860627,  0.623545153,
Markow Autoregressive (lag 1) bivariate joint 3 asset model cond. params
uProb.,   0.490482997,  0.509517003,
Prob (1),   0.086102000,  0.913898000,
Prob (2),   0.879757549,  0.120242451,
Mean,     -1.375766130,  0.003374923,  0.000225515,
Cor (1),    1.000000000, -0.619620772, -0.135086511,
Cor (2),   -0.619620772,  1.000000000, -0.390116981,
Cor (3),   -0.135086511, -0.390116981,  1.000000000,
VCV (1),    3.472971172, -0.014137237, -0.000038522,
VCV (2),   -0.014137237,  0.000149891, -0.000000731,
VCV (3),   -0.000038522, -0.000000731,  0.000000023,
St.dev,     1.863590935,  0.012243004,  0.000153018,
Mean,      1.305204063,  0.001676232, -0.000137125,
Cor (1),    1.000000000, -0.014379828,  0.214159086,
Cor (2),   -0.014379828,  1.000000000,  0.112175259,
Cor (3),    0.214159086,  0.112175259,  1.000000000,
VCV (1),    0.773251048, -0.000175866,  0.000118522,
VCV (2),   -0.000175866,  0.000193434,  0.000000982,
VCV (3),    0.000118522,  0.000000982,  0.000000396,
St.dev,     0.879346944,  0.013908073,  0.000629364,
AutoCor,    0.024980518,  0.479955266,  0.726616105,

No.; 17; Score; 2727.6971164554;
Markow Autoregressive (lag 1) bivariate joint 3 asset model uncond. params
uMean,      0.003154416, -0.002604884,  0.000056492,
VCV (1),    3.880036027, -0.004183416, -0.000120188,
VCV (2),   -0.004183416,  0.000421075, -0.000000853,
VCV (3),   -0.000120188, -0.000000853,  0.000000349,
Cor (1),    1.000000000, -0.103498320, -0.103210006,
Cor (2),   -0.103498320,  1.000000000, -0.070298815,
Cor (3),   -0.103210006, -0.070298815,  1.000000000,
St.dev,     1.969780705,  0.020520118,  0.000591183,
Skewness,  -0.066603467,  0.016775785,  0.013748291,
Kurtosis,  -0.070508926,  0.054304990, -0.713006084,
AutoCor,    0.450075810,  0.905814051,  0.043704178,
Markow Autoregressive (lag 1) bivariate joint 3 asset model cond. params
uProb.,   0.299424289,  0.700575711,
Prob (1),   0.119609583,  0.880390417,
Prob (2),   0.376276640,  0.623723360,
Mean,      1.157862845, -0.000311228, -0.000601265,
Cor (1),    1.000000000,  0.341929969,  0.999234007,
Cor (2),    0.341929969,  1.000000000,  0.673626600,
Cor (3),    0.999234007,  0.673626600,  1.000000000,
VCV (1),    1.579580539,  0.004881331,  0.000285058,
VCV (2),    0.004881331,  0.000129021,  0.000001737,
VCV (3),    0.000285058,  0.000001737,  0.000000052,
St.dev,     1.256813645,  0.011358741,  0.000226984,
Mean,     -0.490365050, -0.003585187,  0.000337616,
Cor (1),    1.000000000, -0.536143576,  0.158947872,
Cor (2),   -0.536143576,  1.000000000, -0.328588781,
Cor (3),    0.158947872, -0.328588781,  1.000000000,
VCV (1),    2.505259995, -0.005716992,  0.000106374,
VCV (2),   -0.005716992,  0.000045386, -0.000000936,
VCV (3),    0.000106374, -0.000000936,  0.000000179,
St.dev,     1.582801313,  0.006736899,  0.000422819,
AutoCor,    0.571747187,  0.912054846,  0.381170077,

No.; 18; Score; 2749.9468242514;
Markow Autoregressive (lag 1) bivariate joint 3 asset model uncond. params
uMean,      0.050400107,  0.001355313, -0.000552043,
VCV (1),    3.914597862,  0.000841483, -0.000128562,
VCV (2),    0.000841483,  0.000024573,  0.000000322,
VCV (3),   -0.000128562,  0.000000322,  0.000000048,
Cor (1),    1.000000000,  0.085797526, -0.298082866,
Cor (2),    0.085797526,  1.000000000,  0.297536318,
Cor (3),   -0.298082866,  0.297536318,  1.000000000,
St.dev,     1.978534271,  0.004957090,  0.000217987,
Skewness,   0.039221108, -0.451788608, -0.184056193,
Kurtosis,   0.488349135,  2.678958981,  5.469665567,
AutoCor,    0.830666144,  0.201681357,  0.019340110,
Markow Autoregressive (lag 1) bivariate joint 3 asset model cond. params
uProb.,   0.876871280,  0.123128720,
Prob (1),   0.876106373,  0.123893627,
Prob (2),   0.882318631,  0.117681369,
Mean,      0.016984784,  0.001664956, -0.000548323,
Cor (1),    1.000000000,  0.687205553, -0.409408560,
Cor (2),    0.687205553,  1.000000000,  0.066827353,
Cor (3),   -0.409408560,  0.066827353,  1.000000000,
VCV (1),    0.774918163,  0.002322134, -0.000055182,
VCV (2),    0.002322134,  0.000014735,  0.000000039,
VCV (3),   -0.000055182,  0.000000039,  0.000000023,
St.dev,     0.880294361,  0.003838599,  0.000153112,
Mean,      0.288370073, -0.000849834, -0.000578537,
Cor (1),    1.000000000, -0.562419530, -0.653350752,
Cor (2),   -0.562419530,  1.000000000,  0.537418514,
Cor (3),   -0.653350752,  0.537418514,  1.000000000,
VCV (1),    4.227002054, -0.010389153, -0.000627215,
VCV (2),   -0.010389153,  0.000080725,  0.000002255,
VCV (3),   -0.000627215,  0.000002255,  0.000000218,
St.dev,     2.055967425,  0.008984699,  0.000466932,
AutoCor,    0.832369581,  0.207623249,  0.019393221,

No.; 19; Score; 2893.8727626027;
Markow Autoregressive (lag 1) bivariate joint 3 asset model uncond. params
uMean,      0.014805557,  0.004340603, -0.000178814,
VCV (1),    3.913084252, -0.002968604,  0.000341050,
VCV (2),   -0.002968604,  0.000171873,  0.000000356,
VCV (3),    0.000341050,  0.000000356,  0.000000247,
Cor (1),    1.000000000, -0.114469332,  0.347056680,
Cor (2),   -0.114469332,  1.000000000,  0.054608268,
Cor (3),    0.347056680,  0.054608268,  1.000000000,
St.dev,     1.978151726,  0.013110027,  0.000496774,
Skewness,   2.013560526, -0.001425482,  0.025421131,
Kurtosis,   6.099363730,  0.154493577,  0.108807170,
AutoCor,    0.612957957,  0.862053966,  0.103512600,
Markow Autoregressive (lag 1) bivariate joint 3 asset model cond. params
uProb.,   0.119125965,  0.880874035,
Prob (1),   0.839970311,  0.160029689,
Prob (2),   0.021641790,  0.978358210,
Mean,      3.625687561,  0.004429157, -0.000117692,
Cor (1),    1.000000000,  0.979530346,  0.712614479,
Cor (2),    0.979530346,  1.000000000, -0.899108769,
Cor (3),    0.712614479, -0.899108769,  1.000000000,
VCV (1),    7.493384506,  0.008094086,  0.001182162,
VCV (2),    0.008094086,  0.000009112, -0.000001645,
VCV (3),    0.001182162, -0.000001645,  0.000000367,
St.dev,     2.737404703,  0.003018637,  0.000606015,
Mean,     -0.473516025,  0.004328628, -0.000187080,
Cor (1),    1.000000000, -0.471349278,  0.383014247,
Cor (2),   -0.471349278,  1.000000000,  0.177080497,
Cor (3),    0.383014247,  0.177080497,  1.000000000,
VCV (1),    0.944936148, -0.003203567,  0.000177393,
VCV (2),   -0.003203567,  0.000048885,  0.000000590,
VCV (3),    0.000177393,  0.000000590,  0.000000227,
St.dev,     0.972078262,  0.006991812,  0.000476453,
AutoCor,    0.444513470,  0.862054236,  0.102046207,

No.; 20; Score; 2915.5695175293;
Markow Autoregressive (lag 1) bivariate joint 3 asset model uncond. params
uMean,      0.030670013,  0.000620128, -0.000426228,
VCV (1),    3.917908760, -0.003158776, -0.000862843,
VCV (2),   -0.003158776,  0.000048998, -0.000005668,
VCV (3),   -0.000862843, -0.000005668,  0.000006565,
Cor (1),    1.000000000, -0.227981832, -0.170126773,
Cor (2),   -0.227981832,  1.000000000, -0.316016799,
Cor (3),   -0.170126773, -0.316016799,  1.000000000,
St.dev,     1.979370799,  0.006999893,  0.002562311,
Skewness,   0.339079815, -0.081068510,  0.001223708,
Kurtosis,  -0.194712625,  0.077017998,  0.002541257,
AutoCor,    0.092669710,  0.823368511,  0.963287520,
Markow Autoregressive (lag 1) bivariate joint 3 asset model cond. params
uProb.,   0.647383053,  0.352616947,
Prob (1),   0.577905180,  0.422094820,
Prob (2),   0.774940160,  0.225059840,
Mean,     -0.955086917,  0.002024456, -0.000353594,
Cor (1),    1.000000000,  0.523419623, -0.377031608,
Cor (2),    0.523419623,  1.000000000, -0.455320025,
Cor (3),   -0.377031608, -0.455320025,  1.000000000,
VCV (1),    1.676326131,  0.001468129, -0.000349802,
VCV (2),    0.001468129,  0.000004693, -0.000000707,
VCV (3),   -0.000349802, -0.000000707,  0.000000513,
St.dev,     1.294730138,  0.002166381,  0.000716581,
Mean,      1.840459180, -0.001958132, -0.000559579,
Cor (1),    1.000000000, -0.673549604, -0.867527190,
Cor (2),   -0.673549604,  1.000000000, -0.363891680,
Cor (3),   -0.867527190, -0.363891680,  1.000000000,
VCV (1),    2.295341912, -0.003915476, -0.000761687,
VCV (2),   -0.003915476,  0.000014723, -0.000000809,
VCV (3),   -0.000761687, -0.000000809,  0.000000336,
St.dev,     1.515038584,  0.003836995,  0.000579522,
AutoCor,    0.334872972,  0.904787218,  0.965001840,

No.; 21; Score; 2924.1337569806;
Markow Autoregressive (lag 1) bivariate joint 3 asset model uncond. params
uMean,      0.003804791, -0.001197291, -0.000102899,
VCV (1),    3.900782146, -0.016261768, -0.000144051,
VCV (2),   -0.016261768,  0.000315620,  0.000000858,
VCV (3),   -0.000144051,  0.000000858,  0.000000488,
Cor (1),    1.000000000, -0.463457577, -0.104394254,
Cor (2),   -0.463457577,  1.000000000,  0.069149283,
Cor (3),   -0.104394254,  0.069149283,  1.000000000,
St.dev,     1.975039784,  0.017765684,  0.000698655,
Skewness,  -0.585967047, -0.066249899,  0.268163194,
Kurtosis,   0.188482576, -0.060875003,  0.513680104,
AutoCor,   -0.035641635,  0.632894154,  0.657959550,
Markow Autoregressive (lag 1) bivariate joint 3 asset model cond. params
uProb.,   0.630227297,  0.369772703,
Prob (1),   0.534859095,  0.465140905,
Prob (2),   0.792769432,  0.207230568,
Mean,      0.967971162, -0.006860314, -0.000241716,
Cor (1),    1.000000000, -0.804482463, -0.557127561,
Cor (2),   -0.804482463,  1.000000000,  0.656753369,
Cor (3),   -0.557127561,  0.656753369,  1.000000000,
VCV (1),    1.585098239, -0.010603538, -0.000192713,
VCV (2),   -0.010603538,  0.000109600,  0.000001889,
VCV (3),   -0.000192713,  0.000001889,  0.000000075,
St.dev,     1.259006846,  0.010469022,  0.000274744,
Mean,     -1.639485700,  0.008454563,  0.000133696,
Cor (1),    1.000000000,  0.084365610,  0.425597932,
Cor (2),    0.084365610,  1.000000000, -0.826555009,
Cor (3),    0.425597932, -0.826555009,  1.000000000,
VCV (1),    3.477880183,  0.001055511,  0.000536640,
VCV (2),    0.001055511,  0.000045007, -0.000003749,
VCV (3),    0.000536640, -0.000003749,  0.000000457,
St.dev,     1.864907553,  0.006708728,  0.000676124,
AutoCor,    0.116390518,  0.819474620,  0.724029914,

No.; 22; Score; 2971.04120486;
Markow Autoregressive (lag 1) bivariate joint 3 asset model uncond. params
uMean,      0.000678788, -0.006167864, -0.000453338,
VCV (1),    3.772231028, -0.007474452,  0.000342149,
VCV (2),   -0.007474452,  0.000159305, -0.000000568,
VCV (3),    0.000342149, -0.000000568,  0.000000114,
Cor (1),    1.000000000, -0.304905535,  0.522134825,
Cor (2),   -0.304905535,  1.000000000, -0.133449171,
Cor (3),    0.522134825, -0.133449171,  1.000000000,
St.dev,     1.942223218,  0.012621614,  0.000337391,
Skewness,   0.849128749,  0.006164684,  2.334523546,
Kurtosis,   1.327087104,  0.014737974,  8.422923512,
AutoCor,    0.499803288,  0.362121593,  0.449336924,
Markow Autoregressive (lag 1) bivariate joint 3 asset model cond. params
uProb.,   0.121077813,  0.878922187,
Prob (1),   0.402054810,  0.597945190,
Prob (2),   0.082371223,  0.917628777,
Mean,      3.361063926, -0.005143197,  0.000121682,
Cor (1),    1.000000000,  0.371031751,  0.857721534,
Cor (2),    0.371031751,  1.000000000,  0.494731614,
Cor (3),    0.857721534,  0.494731614,  1.000000000,
VCV (1),    2.426856181,  0.007447986,  0.000737977,
VCV (2),    0.007447986,  0.000166040,  0.000003521,
