Round No; 9; best result RLS; 5.1819577490054

;;;
No.; 1; Score; 5.1819577490054;
Markow Autoregressive (lag 1) bivariate joint 3 asset model uncond. params
uMean,      0.000232941,  0.000218980, -0.000179469,
VCV (1),    0.000013325,  0.000002142, -0.000001073,
VCV (2),    0.000002142,  0.000027445, -0.000000163,
VCV (3),   -0.000001073, -0.000000163,  0.000001285,
Cor (1),    1.000000000,  0.112009595, -0.259354213,
Cor (2),    0.112009595,  1.000000000, -0.027429711,
Cor (3),   -0.259354213, -0.027429711,  1.000000000,
St.dev,     0.003650318,  0.005238753,  0.001133618,
Skewness,  -0.408872379,  0.020385976,  2.565202652,
Kurtosis,   2.643197427,  0.043675150, 21.490120840,
AutoCor,    0.471601155,  0.677283823,  0.046097987,
Markow Autoregressive (lag 1) bivariate joint 3 asset model cond. params
uProb.,   0.994813243,  0.005186757,
Prob (1),   0.994825444,  0.005174556,
Prob (2),   0.992473060,  0.007526940,
Mean,      0.000287911,  0.000184999, -0.000224382,
Cor (1),    1.000000000,  0.121252324, -0.220484711,
Cor (2),    0.121252324,  1.000000000, -0.121405094,
Cor (3),   -0.220484711, -0.121405094,  1.000000000,
VCV (1),    0.000009212,  0.000001399, -0.000000627,
VCV (2),    0.000001399,  0.000014456, -0.000000433,
VCV (3),   -0.000000627, -0.000000433,  0.000000878,
St.dev,     0.003035124,  0.003802078,  0.000937068,
Mean,     -0.010310157,  0.006736624,  0.008434780,
Cor (1),    1.000000000,  0.985550732,  0.431061287,
Cor (2),    0.985550732,  1.000000000, -0.091158945,
Cor (3),    0.431061287, -0.091158945,  1.000000000,
VCV (1),    0.000093338,  0.000051435,  0.000008353,
VCV (2),    0.000051435,  0.000029181, -0.000000988,
VCV (3),    0.000008353, -0.000000988,  0.000004023,
St.dev,     0.009661171,  0.005401922,  0.002005810,
AutoCor,    0.492938717,  0.682774911,  0.064941058,

No.; 2; Score; 7.049254615886;
Markow Autoregressive (lag 1) bivariate joint 3 asset model uncond. params
uMean,      0.000125807,  0.000359104,  0.000023734,
VCV (1),    0.000014470, -0.000012742, -0.000000482,
VCV (2),   -0.000012742,  0.000028202, -0.000004030,
VCV (3),   -0.000000482, -0.000004030,  0.000002052,
Cor (1),    1.000000000, -0.630754788, -0.088416169,
Cor (2),   -0.630754788,  1.000000000, -0.529669402,
Cor (3),   -0.088416169, -0.529669402,  1.000000000,
St.dev,     0.003803921,  0.005310601,  0.001432563,
Skewness,  -0.000506952,  0.001003053, -0.004630378,
Kurtosis,  -0.000511285,  0.077638558, 24.929630828,
AutoCor,    0.430965788,  0.131118623,  0.162870383,
Markow Autoregressive (lag 1) bivariate joint 3 asset model cond. params
uProb.,   0.999498883,  0.000501117,
Prob (1),   0.999682785,  0.000317215,
Prob (2),   0.632699475,  0.367300525,
Mean,      0.000128628,  0.000358856,  0.000023752,
Cor (1),    1.000000000, -0.666752566, -0.095759636,
Cor (2),   -0.666752566,  1.000000000, -0.535206669,
Cor (3),   -0.095759636, -0.535206669,  1.000000000,
VCV (1),    0.000011772, -0.000012022, -0.000000449,
VCV (2),   -0.000012022,  0.000027617, -0.000003843,
VCV (3),   -0.000000449, -0.000003843,  0.000001867,
St.dev,     0.003431020,  0.005255160,  0.001366258,
Mean,     -0.005500343,  0.000852496, -0.000010532,
Cor (1),    1.000000000, -0.271316203,  0.032232462,
Cor (2),   -0.271316203,  1.000000000, -0.834878659,
Cor (3),    0.032232462, -0.834878659,  1.000000000,
VCV (1),    0.000005014, -0.000009190,  0.000001172,
VCV (2),   -0.000009190,  0.000228794, -0.000205012,
VCV (3),    0.000001172, -0.000205012,  0.000263553,
St.dev,     0.002239249,  0.015125941,  0.016234321,
AutoCor,    0.431036039,  0.131117603,  0.162870324,

No.; 3; Score; 8.218385387565;
Markow Autoregressive (lag 1) bivariate joint 3 asset model uncond. params
uMean,      0.000233494,  0.000182022, -0.000078138,
VCV (1),    0.000011043,  0.000012536,  0.000000509,
VCV (2),    0.000012536,  0.000027583,  0.000004817,
VCV (3),    0.000000509,  0.000004817,  0.000002085,
Cor (1),    1.000000000,  0.718259387,  0.106130916,
Cor (2),    0.718259387,  1.000000000,  0.635077910,
Cor (3),    0.106130916,  0.635077910,  1.000000000,
St.dev,     0.003323148,  0.005251970,  0.001444117,
Skewness,  -0.737961232, -0.011932123,  0.922107520,
Kurtosis,   7.683975679,  0.021004309, 16.591025942,
AutoCor,    0.570291071,  0.271522874,  0.380821383,
Markow Autoregressive (lag 1) bivariate joint 3 asset model cond. params
uProb.,   0.964434665,  0.035565335,
Prob (1),   0.971893371,  0.028106629,
Prob (2),   0.762174951,  0.237825049,
Mean,      0.000343164,  0.000137590, -0.000115707,
Cor (1),    1.000000000,  0.993400391,  0.430591840,
Cor (2),    0.993400391,  1.000000000,  0.875520704,
Cor (3),    0.430591840,  0.875520704,  1.000000000,
VCV (1),    0.000004373,  0.000010590,  0.000000843,
VCV (2),    0.000010590,  0.000025986,  0.000004179,
VCV (3),    0.000000843,  0.000004179,  0.000000877,
St.dev,     0.002091190,  0.005097645,  0.000936315,
Mean,     -0.002740471,  0.001386884,  0.000940657,
Cor (1),    1.000000000,  0.405551675, -0.205477492,
Cor (2),    0.405551675,  1.000000000,  0.388517286,
Cor (3),   -0.205477492,  0.388517286,  1.000000000,
VCV (1),    0.000080939,  0.000012782, -0.000009298,
VCV (2),    0.000012782,  0.000012272,  0.000006846,
VCV (3),   -0.000009298,  0.000006846,  0.000025300,
St.dev,     0.008996609,  0.003503159,  0.005029867,
AutoCor,    0.581264416,  0.271643059,  0.384020460,

No.; 4; Score; 8.5768330054956;
Markow Autoregressive (lag 1) bivariate joint 3 asset model uncond. params
uMean,      0.000069386,  0.000326746,  0.000098287,
VCV (1),    0.000014441,  0.000002831, -0.000000907,
VCV (2),    0.000002831,  0.000026650,  0.000004350,
VCV (3),   -0.000000907,  0.000004350,  0.000001793,
Cor (1),    1.000000000,  0.144317324, -0.178163239,
Cor (2),    0.144317324,  1.000000000,  0.629147137,
Cor (3),   -0.178163239,  0.629147137,  1.000000000,
St.dev,     0.003800118,  0.005162352,  0.001339188,
Skewness,  -0.005527185, -1.590716743, -1.869724570,
Kurtosis,   0.007567265,  9.744852389, 13.085509984,
AutoCor,    0.168087150,  0.238644019,  0.300445984,
Markow Autoregressive (lag 1) bivariate joint 3 asset model cond. params
uProb.,   0.960875149,  0.039124851,
Prob (1),   0.972545957,  0.027454043,
Prob (2),   0.674249406,  0.325750594,
Mean,      0.000100492,  0.000706050,  0.000195173,
Cor (1),    1.000000000,  0.229763523, -0.286337195,
Cor (2),    0.229763523,  1.000000000,  0.526318544,
Cor (3),   -0.286337195,  0.526318544,  1.000000000,
VCV (1),    0.000013887,  0.000003349, -0.000001002,
VCV (2),    0.000003349,  0.000015303,  0.000001933,
VCV (3),   -0.000001002,  0.000001933,  0.000000881,
St.dev,     0.003726545,  0.003911892,  0.000938688,
Mean,     -0.000694559, -0.008988669, -0.002281150,
Cor (1),    1.000000000, -0.353752599,  0.050467777,
Cor (2),   -0.353752599,  1.000000000,  0.664802310,
Cor (3),    0.050467777,  0.664802310,  1.000000000,
VCV (1),    0.000017049, -0.000019807,  0.000000799,
VCV (2),   -0.000019807,  0.000183885,  0.000034556,
VCV (3),    0.000000799,  0.000034556,  0.000014693,
St.dev,     0.004129018,  0.013560435,  0.003833123,
AutoCor,    0.167872529,  0.229526072,  0.300763034,

No.; 5; Score; 9.2001635764078;
Markow Autoregressive (lag 1) bivariate joint 3 asset model uncond. params
uMean,      0.000217374, -0.000042126,  0.000054865,
VCV (1),    0.000013875, -0.000004609,  0.000001062,
VCV (2),   -0.000004609,  0.000027356, -0.000001009,
VCV (3),    0.000001062, -0.000001009,  0.000001443,
Cor (1),    1.000000000, -0.236571014,  0.237348920,
Cor (2),   -0.236571014,  1.000000000, -0.160641431,
Cor (3),    0.237348920, -0.160641431,  1.000000000,
St.dev,     0.003724894,  0.005230251,  0.001201350,
Skewness,  -0.047994006, -0.010841214, -1.557147392,
Kurtosis,   0.026372120,  0.017162981,  9.778227072,
AutoCor,    0.656093038,  0.257603243,  0.271265998,
Markow Autoregressive (lag 1) bivariate joint 3 asset model cond. params
uProb.,   0.975842746,  0.024157254,
Prob (1),   0.976784010,  0.023215990,
Prob (2),   0.937819969,  0.062180031,
Mean,      0.000354206, -0.000077650,  0.000128101,
Cor (1),    1.000000000, -0.276959817,  0.262657722,
Cor (2),   -0.276959817,  1.000000000, -0.165101077,
Cor (3),    0.262657722, -0.165101077,  1.000000000,
VCV (1),    0.000006937, -0.000003710,  0.000000647,
VCV (2),   -0.000003710,  0.000025863, -0.000000785,
VCV (3),    0.000000647, -0.000000785,  0.000000874,
St.dev,     0.002633811,  0.005085548,  0.000934917,
Mean,     -0.005310011,  0.001392850, -0.002903546,
Cor (1),    1.000000000, -0.037129509, -0.850042419,
Cor (2),   -0.037129509,  1.000000000, -0.260088462,
Cor (3),   -0.850042419, -0.260088462,  1.000000000,
VCV (1),    0.000003026, -0.000000207, -0.000004794,
VCV (2),   -0.000000207,  0.000010302, -0.000002707,
VCV (3),   -0.000004794, -0.000002707,  0.000010514,
St.dev,     0.001739437,  0.003209673,  0.003242553,
AutoCor,    0.691672419,  0.258011422,  0.312299869,

No.; 6; Score; 9.8811427889239;
Markow Autoregressive (lag 1) bivariate joint 3 asset model uncond. params
uMean,      0.000354242,  0.000139103,  0.000159330,
VCV (1),    0.000014193, -0.000012013, -0.000001138,
VCV (2),   -0.000012013,  0.000027301,  0.000001438,
VCV (3),   -0.000001138,  0.000001438,  0.000001321,
Cor (1),    1.000000000, -0.610271663, -0.262749322,
Cor (2),   -0.610271663,  1.000000000,  0.239458246,
Cor (3),   -0.262749322,  0.239458246,  1.000000000,
St.dev,     0.003767403,  0.005225016,  0.001149411,
Skewness,   0.003432583, -0.069601632, -1.509206958,
Kurtosis,  -0.002382306,  0.144762744,  7.532387472,
AutoCor,    0.636611115,  0.066871121,  0.089604925,
Markow Autoregressive (lag 1) bivariate joint 3 asset model cond. params
uProb.,   0.976209959,  0.023790041,
Prob (1),   0.976152405,  0.023847595,
Prob (2),   0.978571682,  0.021428318,
Mean,      0.000401437,  0.000261248,  0.000249577,
Cor (1),    1.000000000, -0.835548101, -0.422415560,
Cor (2),   -0.835548101,  1.000000000,  0.199777586,
Cor (3),   -0.422415560,  0.199777586,  1.000000000,
VCV (1),    0.000008374, -0.000012353, -0.000001143,
VCV (2),   -0.000012353,  0.000026102,  0.000000955,
VCV (3),   -0.000001143,  0.000000955,  0.000000875,
St.dev,     0.002893710,  0.005109040,  0.000935382,
Mean,     -0.001582359, -0.004873054, -0.003543931,
Cor (1),    1.000000000,  0.897693406, -0.742245118,
Cor (2),    0.897693406,  1.000000000,  0.127440700,
Cor (3),   -0.742245118,  0.127440700,  1.000000000,
VCV (1),    0.000005794,  0.000014573, -0.000003986,
VCV (2),    0.000014573,  0.000045489,  0.000001918,
VCV (3),   -0.000003986,  0.000001918,  0.000004978,
St.dev,     0.002406995,  0.006744522,  0.002231033,
AutoCor,    0.640752782,  0.068460578,  0.120767594,

No.; 7; Score; 10.899153475212;
Markow Autoregressive (lag 1) bivariate joint 3 asset model uncond. params
uMean,      0.000337676,  0.000143495, -0.000252977,
VCV (1),    0.000010434, -0.000004034, -0.000000475,
VCV (2),   -0.000004034,  0.000028541,  0.000001791,
VCV (3),   -0.000000475,  0.000001791,  0.000002308,
Cor (1),    1.000000000, -0.233795237, -0.096743879,
Cor (2),   -0.233795237,  1.000000000,  0.220633871,
Cor (3),   -0.096743879,  0.220633871,  1.000000000,
St.dev,     0.003230119,  0.005342381,  0.001519225,
Skewness,  -1.918635519, -0.046121432, -2.775336951,
Kurtosis,  10.085473401,  0.030067307, 12.457893686,
AutoCor,    0.215398308,  0.350132516,  0.207319569,
Markow Autoregressive (lag 1) bivariate joint 3 asset model cond. params
uProb.,   0.967942626,  0.032057374,
Prob (1),   0.976149530,  0.023850470,
Prob (2),   0.720142785,  0.279857215,
Mean,      0.000643367,  0.000367423, -0.000043011,
Cor (1),    1.000000000, -0.482996461, -0.922377765,
Cor (2),   -0.482996461,  1.000000000,  0.071481623,
Cor (3),   -0.922377765,  0.071481623,  1.000000000,
VCV (1),    0.000005895, -0.000005715, -0.000002095,
VCV (2),   -0.000005715,  0.000023750,  0.000000326,
VCV (3),   -0.000002095,  0.000000326,  0.000000875,
St.dev,     0.002428047,  0.004873380,  0.000935558,
Mean,     -0.008892377, -0.006617777, -0.006592685,
Cor (1),    1.000000000, -0.134956991, -0.753382725,
Cor (2),   -0.134956991,  1.000000000,  0.141107722,
Cor (3),   -0.753382725,  0.141107722,  1.000000000,
VCV (1),    0.000049916, -0.000004209, -0.000009873,
VCV (2),   -0.000004209,  0.000019486,  0.000001155,
VCV (3),   -0.000009873,  0.000001155,  0.000003441,
St.dev,     0.007065106,  0.004414279,  0.001854904,
AutoCor,    0.200346214,  0.355405371,  0.140980410,

No.; 8; Score; 11.080460621819;
Markow Autoregressive (lag 1) bivariate joint 3 asset model uncond. params
uMean,      0.000164889,  0.000178105,  0.000042633,
VCV (1),    0.000014385,  0.000012093,  0.000000603,
VCV (2),    0.000012093,  0.000025208,  0.000002258,
VCV (3),    0.000000603,  0.000002258,  0.000001329,
Cor (1),    1.000000000,  0.635075730,  0.137862375,
Cor (2),    0.635075730,  1.000000000,  0.390060136,
Cor (3),    0.137862375,  0.390060136,  1.000000000,
St.dev,     0.003792781,  0.005020716,  0.001153000,
Skewness,  -0.084234203,  0.138642547,  0.738653516,
Kurtosis,   0.561257097,  0.399089052,  5.569591539,
AutoCor,    0.787407997,  0.419702593,  0.167867885,
Markow Autoregressive (lag 1) bivariate joint 3 asset model cond. params
uProb.,   0.949272526,  0.050727474,
Prob (1),   0.962312365,  0.037687635,
Prob (2),   0.705255637,  0.294744363,
Mean,      0.000238690,  0.000004113, -0.000009246,
Cor (1),    1.000000000,  0.892892268,  0.625373176,
Cor (2),    0.892892268,  1.000000000,  0.248336877,
Cor (3),    0.625373176,  0.248336877,  1.000000000,
VCV (1),    0.000004438,  0.000008130,  0.000001232,
VCV (2),    0.000008130,  0.000018680,  0.000001004,
VCV (3),    0.000001232,  0.000001004,  0.000000874,
St.dev,     0.002106745,  0.004322013,  0.000935000,
Mean,     -0.001216164,  0.003434055,  0.001013451,
Cor (1),    1.000000000,  0.288591690, -0.851499065,
Cor (2),    0.288591690,  1.000000000,  0.975267349,
Cor (3),   -0.851499065,  0.975267349,  1.000000000,
VCV (1),    0.000022255,  0.000009540, -0.000011484,
VCV (2),    0.000009540,  0.000049098,  0.000019537,
VCV (3),   -0.000011484,  0.000019537,  0.000008173,
St.dev,     0.004717481,  0.007007028,  0.002858918,
AutoCor,    0.791192505,  0.423441898,  0.164355900,

No.; 9; Score; 11.462925508395;
Markow Autoregressive (lag 1) bivariate joint 3 asset model uncond. params
uMean,      0.000376757,  0.000267995, -0.000105890,
VCV (1),    0.000013542,  0.000009211,  0.000001299,
VCV (2),    0.000009211,  0.000027579, -0.000002707,
VCV (3),    0.000001299, -0.000002707,  0.000001276,
Cor (1),    1.000000000,  0.476612920,  0.312583051,
Cor (2),    0.476612920,  1.000000000, -0.456255135,
Cor (3),    0.312583051, -0.456255135,  1.000000000,
St.dev,     0.003679984,  0.005251601,  0.001129622,
Skewness,  -1.556262756, -0.056700945, -0.069164777,
Kurtosis,   6.435737724, -0.077637399,  2.494668869,
AutoCor,    0.518974326,  0.165280133,  0.205957638,
Markow Autoregressive (lag 1) bivariate joint 3 asset model cond. params
uProb.,   0.915049497,  0.084950503,
Prob (1),   0.952554224,  0.047445776,
Prob (2),   0.511065061,  0.488934939,
Mean,      0.000896861,  0.000881805, -0.000097169,
Cor (1),    1.000000000,  0.685799162,  0.718356373,
Cor (2),    0.685799162,  1.000000000, -0.513019366,
Cor (3),    0.718356373, -0.513019366,  1.000000000,
VCV (1),    0.000004274,  0.000006947,  0.000001389,
VCV (2),    0.000006947,  0.000024004, -0.000002350,
VCV (3),    0.000001389, -0.000002350,  0.000000874,
St.dev,     0.002067435,  0.004899365,  0.000935027,
Mean,     -0.005225568, -0.006343690, -0.000199821,
Cor (1),    1.000000000, -0.450804824, -0.128987764,
Cor (2),   -0.450804824,  1.000000000, -0.759491787,
Cor (3),   -0.128987764, -0.759491787,  1.000000000,
VCV (1),    0.000042561, -0.000011195, -0.000001874,
VCV (2),   -0.000011195,  0.000014490, -0.000006438,
VCV (3),   -0.000001874, -0.000006438,  0.000004958,
St.dev,     0.006523856,  0.003806593,  0.002226717,
AutoCor,    0.540216778,  0.117623019,  0.205806350,

No.; 10; Score; 11.726331286681;
Markow Autoregressive (lag 1) bivariate joint 3 asset model uncond. params
uMean,      0.000415007,  0.000247796,  0.000081506,
VCV (1),    0.000014285,  0.000004828, -0.000000723,
VCV (2),    0.000004828,  0.000027891, -0.000000867,
VCV (3),   -0.000000723, -0.000000867,  0.000001318,
Cor (1),    1.000000000,  0.241853373, -0.166534921,
Cor (2),    0.241853373,  1.000000000, -0.143026059,
Cor (3),   -0.166534921, -0.143026059,  1.000000000,
St.dev,     0.003779580,  0.005281207,  0.001148089,
Skewness,  -1.334142355,  0.122628345,  0.651179686,
Kurtosis,   4.819909689,  0.168868209,  2.395822928,
AutoCor,    0.407719690,  0.071336327,  0.053933772,
Markow Autoregressive (lag 1) bivariate joint 3 asset model cond. params
uProb.,   0.887620098,  0.112379902,
Prob (1),   0.887275923,  0.112724077,
Prob (2),   0.890338526,  0.109661474,
Mean,      0.001017561,  0.000524707, -0.000031695,
Cor (1),    1.000000000,  0.245337164,  0.332238001,
Cor (2),    0.245337164,  1.000000000, -0.214466217,
Cor (3),    0.332238001, -0.214466217,  1.000000000,
VCV (1),    0.000004224,  0.000002765,  0.000000639,
VCV (2),    0.000002765,  0.000030069, -0.000001100,
VCV (3),    0.000000639, -0.000001100,  0.000000875,
St.dev,     0.002055176,  0.005483559,  0.000935301,
Mean,     -0.004344191, -0.001939355,  0.000975616,
Cor (1),    1.000000000,  0.636656660, -0.521114016,
Cor (2),    0.636656660,  1.000000000,  0.811176552,
Cor (3),   -0.521114016,  0.811176552,  1.000000000,
VCV (1),    0.000041719,  0.000008228, -0.000006631,
VCV (2),    0.000008228,  0.000004004,  0.000003198,
VCV (3),   -0.000006631,  0.000003198,  0.000003882,
St.dev,     0.006459010,  0.002000909,  0.001970203,
AutoCor,    0.510893092,  0.072987733,  0.058674426,

No.; 11; Score; 11.870345868641;
Markow Autoregressive (lag 1) bivariate joint 3 asset model uncond. params
uMean,      0.000236415,  0.000378456, -0.000098527,
VCV (1),    0.000008542,  0.000000134, -0.000000539,
VCV (2),    0.000000134,  0.000028678, -0.000002158,
VCV (3),   -0.000000539, -0.000002158,  0.000002665,
Cor (1),    1.000000000,  0.008570150, -0.112956608,
Cor (2),    0.008570150,  1.000000000, -0.246864239,
Cor (3),   -0.112956608, -0.246864239,  1.000000000,
St.dev,     0.002922608,  0.005355196,  0.001632596,
Skewness,  -2.424671680,  0.214709612,  0.218611244,
Kurtosis,   9.107090365,  0.494132000, 16.642817064,
AutoCor,    0.150298769,  0.297071088,  0.266691217,
Markow Autoregressive (lag 1) bivariate joint 3 asset model cond. params
uProb.,   0.951903898,  0.048096102,
Prob (1),   0.961987142,  0.038012858,
Prob (2),   0.752339301,  0.247660699,
Mean,      0.000736642,  0.000076986, -0.000109921,
Cor (1),    1.000000000,  0.390856825, -0.752660849,
Cor (2),    0.390856825,  1.000000000, -0.471605722,
Cor (3),   -0.752660849, -0.471605722,  1.000000000,
VCV (1),    0.000003102,  0.000003313, -0.000001383,
VCV (2),    0.000003313,  0.000023164, -0.000002369,
VCV (3),   -0.000001383, -0.000002369,  0.000001089,
St.dev,     0.001761343,  0.004812951,  0.001043555,
Mean,     -0.009663933,  0.006345061,  0.000126986,
Cor (1),    1.000000000, -0.082567041,  0.952560398,
Cor (2),   -0.082567041,  1.000000000,  0.113092806,
Cor (3),    0.952560398,  0.113092806,  1.000000000,
VCV (1),    0.000012876, -0.000002077,  0.000018682,
VCV (2),   -0.000002077,  0.000049121,  0.000004332,
VCV (3),    0.000018682,  0.000004332,  0.000029871,
St.dev,     0.003588348,  0.007008614,  0.005465483,
AutoCor,    0.068408518,  0.302921402,  0.266746262,

No.; 12; Score; 12.069535512567;
Markow Autoregressive (lag 1) bivariate joint 3 asset model uncond. params
uMean,      0.000215979,  0.000267110, -0.000267109,
VCV (1),    0.000013971,  0.000015208, -0.000000636,
VCV (2),    0.000015208,  0.000027606, -0.000002285,
VCV (3),   -0.000000636, -0.000002285,  0.000001462,
Cor (1),    1.000000000,  0.774401968, -0.140671350,
Cor (2),    0.774401968,  1.000000000, -0.359708538,
Cor (3),   -0.140671350, -0.359708538,  1.000000000,
St.dev,     0.003737797,  0.005254094,  0.001209178,
Skewness,  -1.816514570, -1.642679403,  0.474699450,
Kurtosis,   7.875331456,  7.334225499,  1.805797851,
AutoCor,    0.463323586,  0.064157086,  0.416622769,
Markow Autoregressive (lag 1) bivariate joint 3 asset model cond. params
uProb.,   0.931038271,  0.068961729,
Prob (1),   0.931427003,  0.068572997,
Prob (2),   0.925790080,  0.074209920,
Mean,      0.000759794,  0.000916303, -0.000346950,
Cor (1),    1.000000000,  0.822736646, -0.699042840,
Cor (2),    0.822736646,  1.000000000, -0.932357231,
Cor (3),   -0.699042840, -0.932357231,  1.000000000,
VCV (1),    0.000002741,  0.000005182, -0.000001082,
VCV (2),    0.000005182,  0.000014473, -0.000003316,
VCV (3),   -0.000001082, -0.000003316,  0.000000874,
St.dev,     0.001655648,  0.003804297,  0.000934940,
Mean,     -0.007125948, -0.008497510,  0.000810808,
Cor (1),    1.000000000,  0.977288774,  0.995162614,
Cor (2),    0.977288774,  1.000000000,  0.998687884,
Cor (3),    0.995162614,  0.998687884,  1.000000000,
VCV (1),    0.000047219,  0.000073687,  0.000014095,
VCV (2),    0.000073687,  0.000120400,  0.000022587,
VCV (3),    0.000014095,  0.000022587,  0.000004249,
St.dev,     0.006871592,  0.010972682,  0.002061204,
AutoCor,    0.646455770,  0.079350640,  0.442326967,

No.; 13; Score; 12.881925465374;
Markow Autoregressive (lag 1) bivariate joint 3 asset model uncond. params
uMean,      0.000148333,  0.000186109,  0.000006826,
VCV (1),    0.000013854, -0.000005369, -0.000000956,
VCV (2),   -0.000005369,  0.000027971, -0.000002856,
VCV (3),   -0.000000956, -0.000002856,  0.000001167,
Cor (1),    1.000000000, -0.272746091, -0.237711928,
Cor (2),   -0.272746091,  1.000000000, -0.499844513,
Cor (3),   -0.237711928, -0.499844513,  1.000000000,
St.dev,     0.003722093,  0.005288746,  0.001080325,
Skewness,  -0.131979650,  0.085898732, -0.041033863,
Kurtosis,   2.724654541,  0.704175302,  0.457556873,
AutoCor,    0.530335691,  0.200846126,  0.099331323,
Markow Autoregressive (lag 1) bivariate joint 3 asset model cond. params
uProb.,   0.725269386,  0.274730614,
Prob (1),   0.754609688,  0.245390312,
Prob (2),   0.647813065,  0.352186935,
Mean,      0.000258683,  0.000377710,  0.000030163,
Cor (1),    1.000000000, -0.294483294, -0.839331278,
Cor (2),   -0.294483294,  1.000000000, -0.661360589,
Cor (3),   -0.839331278, -0.661360589,  1.000000000,
VCV (1),    0.000002374, -0.000002688, -0.000001210,
VCV (2),   -0.000002688,  0.000035104, -0.000003665,
VCV (3),   -0.000001210, -0.000003665,  0.000000875,
St.dev,     0.001540740,  0.005924833,  0.000935328,
Mean,     -0.000142982, -0.000319704, -0.000054784,
Cor (1),    1.000000000, -0.891615695, -0.016762393,
Cor (2),   -0.891615695,  1.000000000, -0.186235894,
Cor (3),   -0.016762393, -0.186235894,  1.000000000,
VCV (1),    0.000029841, -0.000010539, -0.000000126,
VCV (2),   -0.000010539,  0.000004682, -0.000000554,
VCV (3),   -0.000000126, -0.000000554,  0.000001892,
St.dev,     0.005462679,  0.002163758,  0.001375344,
AutoCor,    0.531320748,  0.201173125,  0.099322115,

No.; 14; Score; 13.160341927745;
Markow Autoregressive (lag 1) bivariate joint 3 asset model uncond. params
uMean,      0.000296037,  0.000041263,  0.000086851,
VCV (1),    0.000013878, -0.000006568, -0.000001688,
VCV (2),   -0.000006568,  0.000027853, -0.000000623,
VCV (3),   -0.000001688, -0.000000623,  0.000001399,
Cor (1),    1.000000000, -0.334088467, -0.383155341,
Cor (2),   -0.334088467,  1.000000000, -0.099788782,
Cor (3),   -0.383155341, -0.099788782,  1.000000000,
St.dev,     0.003725272,  0.005277619,  0.001182880,
Skewness,  -2.085282639,  1.779429684, -0.017965195,
Kurtosis,   9.139709680,  4.684921143,  0.507759589,
AutoCor,    0.290637815,  0.299970755,  0.487003649,
Markow Autoregressive (lag 1) bivariate joint 3 asset model cond. params
uProb.,   0.877424604,  0.122575396,
Prob (1),   0.922647832,  0.077352168,
Prob (2),   0.553705702,  0.446294298,
Mean,      0.000961357, -0.001331291,  0.000093455,
Cor (1),    1.000000000, -0.776731982, -0.405152971,
Cor (2),   -0.776731982,  1.000000000, -0.258869176,
Cor (3),   -0.405152971, -0.258869176,  1.000000000,
VCV (1),    0.000003481, -0.000004267, -0.000000707,
VCV (2),   -0.000004267,  0.000008668, -0.000000713,
VCV (3),   -0.000000707, -0.000000713,  0.000000876,
St.dev,     0.001865844,  0.002944112,  0.000935872,
Mean,     -0.004466480,  0.009866341,  0.000039575,
Cor (1),    1.000000000,  0.579318636, -0.610166315,
Cor (2),    0.579318636,  1.000000000,  0.098664602,
Cor (3),   -0.610166315,  0.098664602,  1.000000000,
VCV (1),    0.000056196,  0.000030301, -0.000007139,
VCV (2),    0.000030301,  0.000048684,  0.000001074,
VCV (3),   -0.000007139,  0.000001074,  0.000002436,
St.dev,     0.007496423,  0.006977370,  0.001560737,
AutoCor,    0.267469147,  0.235235057,  0.487029999,

No.; 15; Score; 13.489582076047;
Markow Autoregressive (lag 1) bivariate joint 3 asset model uncond. params
uMean,      0.000143840,  0.000071627, -0.000119993,
VCV (1),    0.000013858,  0.000000858,  0.000000067,
VCV (2),    0.000000858,  0.000027613,  0.000001196,
VCV (3),    0.000000067,  0.000001196,  0.000001209,
Cor (1),    1.000000000,  0.043848923,  0.016271682,
Cor (2),    0.043848923,  1.000000000,  0.206993822,
Cor (3),    0.016271682,  0.206993822,  1.000000000,
St.dev,     0.003722685,  0.005254839,  0.001099673,
Skewness,  -0.915999536, -0.075587906, -0.039765334,
Kurtosis,   0.705030519, -0.039323821,  0.343393498,
AutoCor,    0.238169223,  0.405034762,  0.232791398,
Markow Autoregressive (lag 1) bivariate joint 3 asset model cond. params
uProb.,   0.703291138,  0.296708862,
Prob (1),   0.672813909,  0.327186091,
Prob (2),   0.775531532,  0.224468468,
Mean,      0.001866919, -0.001048407, -0.000091892,
Cor (1),    1.000000000,  0.260779294, -0.905883322,
Cor (2),    0.260779294,  1.000000000,  0.678533575,
Cor (3),   -0.905883322,  0.678533575,  1.000000000,
VCV (1),    0.000001857,  0.000001639, -0.000001155,
VCV (2),    0.000001639,  0.000021276,  0.000002929,
VCV (3),   -0.000001155,  0.000002929,  0.000000876,
St.dev,     0.001362895,  0.004612561,  0.000935911,
Mean,     -0.003940387,  0.002726453, -0.000186600,
Cor (1),    1.000000000,  0.756129129,  0.600102747,
Cor (2),    0.756129129,  1.000000000, -0.615623472,
Cor (3),    0.600102747, -0.615623472,  1.000000000,
VCV (1),    0.000010587,  0.000009387,  0.000002599,
VCV (2),    0.000009387,  0.000014556, -0.000003126,
VCV (3),    0.000002599, -0.000003126,  0.000001772,
St.dev,     0.003253745,  0.003815283,  0.001331016,
AutoCor,    0.589876316,  0.466309531,  0.233311504,

