Round No; 1; best result RLS; 8.6183812337526

;;;
Statistical description of data for: Meginajums1
Calib/Tail/Per/Cur, 784, 9999, 23, 0,
Title,    INDEX WITH EQUAL WEIGHTS based on market value,EQUITY LM SNP,REX BOND     ,
Mean,       0.000158634,  0.000175148,  0.000011824,
VCV (1),    0.000022943, -0.000000281, -0.000000006,
VCV (2),   -0.000000281,  0.000027803, -0.000000034,
VCV (3),   -0.000000006, -0.000000034,  0.000000099,
St.dev,     0.004789897,  0.005272874,  0.000315163,
Skewness,  -1.581739356, -0.533728382, -0.333150084,
Kurtosis,  24.552038003,  6.345066446, 26.810331499,
AutoCor,   -0.072787598,  0.126724186, -0.366572783,
No.; 1; Score; 8.6183812337526;
Markow Autoregressive (lag 1) bivariate joint 3 asset model uncond. params
uMean,     -0.004988345,  0.002072551, -0.000482050,
VCV (1),    0.000026562,  0.000012335, -0.000000095,
VCV (2),    0.000012335,  0.000088694,  0.000001437,
VCV (3),   -0.000000095,  0.000001437,  0.000010893,
Cor (1),    1.000000000,  0.254127616, -0.005590470,
Cor (2),    0.254127616,  1.000000000,  0.046228022,
Cor (3),   -0.005590470,  0.046228022,  1.000000000,
St.dev,     0.005153878,  0.009417753,  0.003300454,
Skewness,  -0.196301650, -0.004275129,  0.000118717,
Kurtosis,   0.063750496,  0.001434033,  0.005663658,
AutoCor,    0.371440214, -0.777743929, -0.993494111,
Markow Autoregressive (lag 1) bivariate joint 3 asset model cond. params
uProb.,   0.736033566,  0.263966434,
Prob (1),   0.750559338,  0.249440662,
Prob (2),   0.695530480,  0.304469520,
Mean,     -0.005870747,  0.002578567, -0.000493259,
Cor (1),    1.000000000,  0.819418945, -0.198090820,
Cor (2),    0.819418945,  1.000000000,  0.665163574,
Cor (3),   -0.198090820,  0.665163574,  1.000000000,
VCV (1),    0.000024565,  0.000023389, -0.000000307,
VCV (2),    0.000023389,  0.000033166,  0.000001197,
VCV (3),   -0.000000307,  0.000001197,  0.000000098,
St.dev,     0.004956336,  0.005758970,  0.000312353,
Mean,     -0.002527889,  0.000661595, -0.000450797,
Cor (1),    1.000000000,  0.130363769,  0.133369141,
Cor (2),    0.130363769,  1.000000000, -0.696184979,
Cor (3),    0.133369141, -0.696184979,  1.000000000,
VCV (1),    0.000009151,  0.000002356,  0.000000206,
VCV (2),    0.000002356,  0.000035695, -0.000002122,
VCV (3),    0.000000206, -0.000002122,  0.000000260,
St.dev,     0.003025076,  0.005974516,  0.000510272,
AutoCor,    0.399604493, -0.784501953, -0.993527832,

No.; 2; Score; 19.806665471101;
Markow Autoregressive (lag 1) bivariate joint 3 asset model uncond. params
uMean,      0.000216763,  0.000592936, -0.000059084,
VCV (1),    0.000054566, -0.000006512, -0.000001930,
VCV (2),   -0.000006512,  0.000029278,  0.000001163,
VCV (3),   -0.000001930,  0.000001163,  0.000000472,
Cor (1),    1.000000000, -0.162919842, -0.380252842,
Cor (2),   -0.162919842,  1.000000000,  0.312786533,
Cor (3),   -0.380252842,  0.312786533,  1.000000000,
St.dev,     0.007386880,  0.005410880,  0.000686942,
Skewness,  -0.200572574, -0.023079897, -0.026828285,
Kurtosis,  -0.930327518, -0.035315533, -0.062166662,
AutoCor,    0.083653599, -0.318149653, -0.380354116,
Markow Autoregressive (lag 1) bivariate joint 3 asset model cond. params
uProb.,   0.412340330,  0.587659670,
Prob (1),   0.500665730,  0.499334270,
Prob (2),   0.350365472,  0.649634528,
Mean,     -0.007175420,  0.002883021,  0.000276832,
Cor (1),    1.000000000,  0.659633858,  0.098747983,
Cor (2),    0.659633858,  1.000000000,  0.720334945,
Cor (3),    0.098747983,  0.720334945,  1.000000000,
VCV (1),    0.000015897,  0.000011920,  0.000000207,
VCV (2),    0.000011920,  0.000020542,  0.000001718,
VCV (3),    0.000000207,  0.000001718,  0.000000277,
St.dev,     0.003987114,  0.004532371,  0.000526083,
Mean,      0.005403601, -0.001013938, -0.000294784,
Cor (1),    1.000000000,  0.026418457, -0.199530044,
Cor (2),    0.026418457,  1.000000000, -0.128802167,
Cor (3),   -0.199530044, -0.128802167,  1.000000000,
VCV (1),    0.000016303,  0.000000508, -0.000000452,
VCV (2),    0.000000508,  0.000022672, -0.000000344,
VCV (3),   -0.000000452, -0.000000344,  0.000000315,
St.dev,     0.004037661,  0.004761499,  0.000561568,
AutoCor,   -0.073852539, -0.385493019, -0.487340030,

No.; 3; Score; 25.52464039244;
Markow Autoregressive (lag 1) bivariate joint 3 asset model uncond. params
uMean,      0.000121956, -0.000005977, -0.000092819,
VCV (1),    0.000014644,  0.000019506, -0.000000403,
VCV (2),    0.000019506,  0.000062895,  0.000002854,
VCV (3),   -0.000000403,  0.000002854,  0.000000204,
Cor (1),    1.000000000,  0.642734803, -0.233015380,
Cor (2),    0.642734803,  1.000000000,  0.796056403,
Cor (3),   -0.233015380,  0.796056403,  1.000000000,
St.dev,     0.003826809,  0.007930646,  0.000452116,
Skewness,   0.045318292,  0.859859000,  0.817739897,
Kurtosis,   0.754756244,  0.673000971,  0.457717776,
AutoCor,   -0.411615295, -0.069711614,  0.060393421,
Markow Autoregressive (lag 1) bivariate joint 3 asset model cond. params
uProb.,   0.603806053,  0.396193947,
Prob (1),   0.468562582,  0.531437418,
Prob (2),   0.809919315,  0.190080685,
Mean,      0.000027338, -0.003911643, -0.000330624,
Cor (1),    1.000000000,  0.874620684, -0.540024414,
Cor (2),    0.874620684,  1.000000000,  0.960598891,
Cor (3),   -0.540024414,  0.960598891,  1.000000000,
VCV (1),    0.000005942,  0.000009025, -0.000000268,
VCV (2),    0.000009025,  0.000017917,  0.000000826,
VCV (3),   -0.000000268,  0.000000826,  0.000000041,
St.dev,     0.002437695,  0.004232826,  0.000203223,
Mean,      0.000266156,  0.005946322,  0.000269600,
Cor (1),    1.000000000,  0.908319017, -0.414036180,
Cor (2),    0.908319017,  1.000000000,  0.597701739,
Cor (3),   -0.414036180,  0.597701739,  1.000000000,
VCV (1),    0.000021614,  0.000035822, -0.000000857,
VCV (2),    0.000035822,  0.000071962,  0.000002257,
VCV (3),   -0.000000857,  0.000002257,  0.000000198,
St.dev,     0.004649034,  0.008483068,  0.000445217,
AutoCor,   -0.411680814,  0.089570312,  0.353269043,

No.; 4; Score; 30.882791697499;
Markow Autoregressive (lag 1) bivariate joint 3 asset model uncond. params
uMean,      0.000258784,  0.000568490,  0.000146201,
VCV (1),    0.000019631, -0.000006001, -0.000000859,
VCV (2),   -0.000006001,  0.000046261,  0.000000670,
VCV (3),   -0.000000859,  0.000000670,  0.000000195,
Cor (1),    1.000000000, -0.199117035, -0.438877657,
Cor (2),   -0.199117035,  1.000000000,  0.223037682,
Cor (3),   -0.438877657,  0.223037682,  1.000000000,
St.dev,     0.004430695,  0.006801578,  0.000441693,
Skewness,   0.156162744, -0.106162389, -0.092798873,
Kurtosis,   0.148704804,  0.129405779,  0.177719349,
AutoCor,   -0.591172942, -0.172269760,  0.204348799,
Markow Autoregressive (lag 1) bivariate joint 3 asset model cond. params
uProb.,   0.352616637,  0.647383363,
Prob (1),   0.097905086,  0.902094914,
Prob (2),   0.491352872,  0.508647128,
Mean,      0.001868013,  0.002052503,  0.000067995,
Cor (1),    1.000000000, -0.345659180, -0.664085548,
Cor (2),   -0.345659180,  1.000000000,  0.770439636,
Cor (3),   -0.664085548,  0.770439636,  1.000000000,
VCV (1),    0.000016982, -0.000007743, -0.000001356,
VCV (2),   -0.000007743,  0.000029551,  0.000002076,
VCV (3),   -0.000001356,  0.000002076,  0.000000246,
St.dev,     0.004120903,  0.005436110,  0.000495666,
Mean,     -0.000617730, -0.000239822,  0.000188798,
Cor (1),    1.000000000, -0.282124823, -0.568633350,
Cor (2),   -0.282124823,  1.000000000,  0.015309161,
Cor (3),   -0.568633350,  0.015309161,  1.000000000,
VCV (1),    0.000008543, -0.000005922, -0.000000641,
VCV (2),   -0.000005922,  0.000051583,  0.000000042,
VCV (3),   -0.000000641,  0.000000042,  0.000000149,
St.dev,     0.002922851,  0.007182154,  0.000385658,
AutoCor,   -0.606479492, -0.166382015,  0.214733887,

No.; 5; Score; 32.544734617701;
Markow Autoregressive (lag 1) bivariate joint 3 asset model uncond. params
uMean,      0.000261288,  0.000138333,  0.000005368,
VCV (1),    0.000079245,  0.000014888, -0.000001016,
VCV (2),    0.000014888,  0.000025307, -0.000000055,
VCV (3),   -0.000001016, -0.000000055,  0.000000092,
Cor (1),    1.000000000,  0.332465472, -0.376225746,
Cor (2),    0.332465472,  1.000000000, -0.036222632,
Cor (3),   -0.376225746, -0.036222632,  1.000000000,
St.dev,     0.008901965,  0.005030571,  0.000303254,
Skewness,  -0.324990794,  0.016563049,  0.291861999,
Kurtosis,   0.169018021, -0.181078320, -0.014973315,
AutoCor,    0.471984927,  0.030400320, -0.323100380,
Markow Autoregressive (lag 1) bivariate joint 3 asset model cond. params
uProb.,   0.666924383,  0.333075617,
Prob (1),   0.604340799,  0.395659201,
Prob (2),   0.792236822,  0.207763178,
Mean,      0.003410147,  0.001993878, -0.000118419,
Cor (1),    1.000000000,  0.692348633, -0.382137004,
Cor (2),    0.692348633,  1.000000000,  0.611960449,
Cor (3),   -0.382137004,  0.611960449,  1.000000000,
VCV (1),    0.000021302,  0.000014119, -0.000000378,
VCV (2),    0.000014119,  0.000019524,  0.000000579,
VCV (3),   -0.000000378,  0.000000579,  0.000000046,
St.dev,     0.004615442,  0.004418564,  0.000214309,
Mean,     -0.006043738, -0.003577066,  0.000253229,
Cor (1),    1.000000000, -0.697587794, -0.078369140,
Cor (2),   -0.697587794,  1.000000000,  0.108352157,
Cor (3),   -0.078369140,  0.108352157,  1.000000000,
VCV (1),    0.000050129, -0.000019440, -0.000000140,
VCV (2),   -0.000019440,  0.000015493,  0.000000108,
VCV (3),   -0.000000140,  0.000000108,  0.000000064,
St.dev,     0.007080196,  0.003936055,  0.000252832,
AutoCor,    0.692573243,  0.112135602, -0.390793457,

No.; 6; Score; 36.593290885421;
Markow Autoregressive (lag 1) bivariate joint 3 asset model uncond. params
uMean,      0.000169081,  0.000247769, -0.000413568,
VCV (1),    0.000056569, -0.000012887, -0.000002137,
VCV (2),   -0.000012887,  0.000078130, -0.000001324,
VCV (3),   -0.000002137, -0.000001324,  0.000000231,
Cor (1),    1.000000000, -0.193843666, -0.591624459,
Cor (2),   -0.193843666,  1.000000000, -0.311820513,
Cor (3),   -0.591624459, -0.311820513,  1.000000000,
St.dev,     0.007521245,  0.008839110,  0.000480233,
Skewness,  -0.115768574, -0.931554068,  0.154123885,
Kurtosis,   0.431172667,  0.391112572,  0.038441337,
AutoCor,   -0.566901341,  0.417444123, -0.318027298,
Markow Autoregressive (lag 1) bivariate joint 3 asset model cond. params
uProb.,   0.372815637,  0.627184363,
Prob (1),   0.578532416,  0.421467584,
Prob (2),   0.250531925,  0.749468075,
Mean,      0.001205818, -0.008206077, -0.000164929,
Cor (1),    1.000000000, -0.842548735, -0.981117317,
Cor (2),   -0.842548735,  1.000000000, -0.447277832,
Cor (3),   -0.981117317, -0.447277832,  1.000000000,
VCV (1),    0.000013440, -0.000023094, -0.000001545,
VCV (2),   -0.000023094,  0.000055897, -0.000001436,
VCV (3),   -0.000001545, -0.000001436,  0.000000184,
St.dev,     0.003666106,  0.007476404,  0.000429512,
Mean,     -0.000447184,  0.005272967, -0.000561366,
Cor (1),    1.000000000, -0.109128418, -0.673518142,
Cor (2),   -0.109128418,  1.000000000,  0.670348459,
Cor (3),   -0.673518142,  0.670348459,  1.000000000,
VCV (1),    0.000051485, -0.000002215, -0.000001805,
VCV (2),   -0.000002215,  0.000008003,  0.000000708,
VCV (3),   -0.000001805,  0.000000708,  0.000000139,
St.dev,     0.007175313,  0.002828895,  0.000373474,
AutoCor,   -0.577124023,  0.524036590, -0.440480003,

No.; 7; Score; 37.987248750336;
Markow Autoregressive (lag 1) bivariate joint 3 asset model uncond. params
uMean,      0.000034763,  0.000133676,  0.000096071,
VCV (1),    0.000029879,  0.000010703,  0.000000418,
VCV (2),    0.000010703,  0.000064495, -0.000001486,
VCV (3),    0.000000418, -0.000001486,  0.000000174,
Cor (1),    1.000000000,  0.243813827,  0.183228165,
Cor (2),    0.243813827,  1.000000000, -0.443054863,
Cor (3),    0.183228165, -0.443054863,  1.000000000,
St.dev,     0.005466175,  0.008030859,  0.000417588,
Skewness,   0.037269261,  1.120694385, -1.444306004,
Kurtosis,   0.065608922,  1.440337905,  4.031779425,
AutoCor,    0.326316914,  0.169354776,  0.378914794,
Markow Autoregressive (lag 1) bivariate joint 3 asset model cond. params
uProb.,   0.771115095,  0.228884905,
Prob (1),   0.810941276,  0.189058724,
Prob (2),   0.636940370,  0.363059630,
Mean,      0.000276727, -0.002944975,  0.000207416,
Cor (1),    1.000000000,  0.368471680,  0.125122071,
Cor (2),    0.368471680,  1.000000000,  0.943252264,
Cor (3),    0.125122071,  0.943252264,  1.000000000,
VCV (1),    0.000028990,  0.000008996,  0.000000108,
VCV (2),    0.000008996,  0.000020561,  0.000000686,
VCV (3),    0.000000108,  0.000000686,  0.000000026,
St.dev,     0.005384195,  0.004534441,  0.000160405,
Mean,     -0.000780418,  0.010505676, -0.000279050,
Cor (1),    1.000000000,  0.686704881,  0.327891585,
Cor (2),    0.686704881,  1.000000000, -0.713616135,
Cor (3),    0.327891585, -0.713616135,  1.000000000,
VCV (1),    0.000018120,  0.000024305,  0.000000859,
VCV (2),    0.000024305,  0.000069133, -0.000003652,
VCV (3),    0.000000859, -0.000003652,  0.000000379,
St.dev,     0.004256710,  0.008314637,  0.000615438,
AutoCor,    0.327329102,  0.164798701,  0.443454590,

No.; 8; Score; 39.130937857966;
Markow Autoregressive (lag 1) bivariate joint 3 asset model uncond. params
uMean,      0.000439300,  0.000390296,  0.000018863,
VCV (1),    0.000039406,  0.000003259, -0.000001052,
VCV (2),    0.000003259,  0.000038134, -0.000001223,
VCV (3),   -0.000001052, -0.000001223,  0.000000246,
Cor (1),    1.000000000,  0.084069923, -0.337852348,
Cor (2),    0.084069923,  1.000000000, -0.399201712,
Cor (3),   -0.337852348, -0.399201712,  1.000000000,
St.dev,     0.006277434,  0.006175301,  0.000495935,
Skewness,  -0.360998283,  0.230778309, -1.231392425,
Kurtosis,  -0.029375027,  0.829739252,  2.530458948,
AutoCor,   -0.311016388, -0.178402578,  0.516882190,
Markow Autoregressive (lag 1) bivariate joint 3 asset model cond. params
uProb.,   0.717392522,  0.282607478,
Prob (1),   0.941982821,  0.058017179,
Prob (2),   0.147275261,  0.852724739,
Mean,     -0.001235679, -0.000192216,  0.000180210,
Cor (1),    1.000000000, -0.088356014, -0.427323582,
Cor (2),   -0.088356014,  1.000000000, -0.395660781,
Cor (3),   -0.427323582, -0.395660781,  1.000000000,
VCV (1),    0.000028716, -0.000002323, -0.000000537,
VCV (2),   -0.000002323,  0.000024079, -0.000000455,
VCV (3),   -0.000000537, -0.000000455,  0.000000055,
St.dev,     0.005358765,  0.004907051,  0.000234346,
Mean,      0.004691198,  0.001868989, -0.000390714,
Cor (1),    1.000000000,  0.416173351, -0.148808593,
Cor (2),    0.416173351,  1.000000000, -0.519656393,
Cor (3),   -0.148808593, -0.519656393,  1.000000000,
VCV (1),    0.000006162,  0.000008357, -0.000000230,
VCV (2),    0.000008357,  0.000065443, -0.000002617,
VCV (3),   -0.000000230, -0.000002617,  0.000000388,
St.dev,     0.002482276,  0.008089658,  0.000622522,
AutoCor,   -0.554936230, -0.200890584,  0.414807394,

No.; 9; Score; 44.169203822982;
Markow Autoregressive (lag 1) bivariate joint 3 asset model uncond. params
uMean,     -0.000970835, -0.000863534, -0.000349484,
VCV (1),    0.000319780, -0.000029220, -0.000006075,
VCV (2),   -0.000029220,  0.000083909,  0.000000146,
VCV (3),   -0.000006075,  0.000000146,  0.000000543,
Cor (1),    1.000000000, -0.178383170, -0.461167616,
Cor (2),   -0.178383170,  1.000000000,  0.021602862,
Cor (3),   -0.461167616,  0.021602862,  1.000000000,
St.dev,     0.017882394,  0.009160174,  0.000736625,
Skewness,   0.011988011, -0.133997201,  0.177051243,
Kurtosis,  -0.022535461, -0.242116039,  0.200689772,
AutoCor,   -0.815381324,  0.421877133, -0.624150405,
Markow Autoregressive (lag 1) bivariate joint 3 asset model cond. params
uProb.,   0.446119650,  0.553880350,
Prob (1),   0.512363035,  0.487636965,
Prob (2),   0.392764307,  0.607235693,
Mean,      0.005617055, -0.007097981, -0.000550105,
Cor (1),    1.000000000, -0.367739258, -0.422163086,
Cor (2),   -0.367739258,  1.000000000, -0.227268066,
Cor (3),   -0.422163086, -0.227268066,  1.000000000,
VCV (1),    0.000039747, -0.000014232, -0.000000995,
VCV (2),   -0.000014232,  0.000037682, -0.000000521,
VCV (3),   -0.000000995, -0.000000521,  0.000000140,
St.dev,     0.006304547,  0.006138602,  0.000373662,
Mean,     -0.006277013,  0.004157964, -0.000187894,
Cor (1),    1.000000000,  0.664885254, -0.677275390,
Cor (2),    0.664885254,  1.000000000, -0.511614667,
Cor (3),   -0.677275390, -0.511614667,  1.000000000,
VCV (1),    0.000037333,  0.000022335, -0.000002596,
VCV (2),    0.000022335,  0.000030227, -0.000001764,
VCV (3),   -0.000002596, -0.000001764,  0.000000393,
St.dev,     0.006110034,  0.005497949,  0.000627246,
AutoCor,   -0.930131836,  0.601777344, -0.671408691,

No.; 10; Score; 47.18640297709;
Markow Autoregressive (lag 1) bivariate joint 3 asset model uncond. params
uMean,     -0.000050770, -0.000104214,  0.000083323,
VCV (1),    0.000036256, -0.000030187, -0.000000331,
VCV (2),   -0.000030187,  0.000078943, -0.000002603,
VCV (3),   -0.000000331, -0.000002603,  0.000000300,
Cor (1),    1.000000000, -0.564262456, -0.100232159,
Cor (2),   -0.564262456,  1.000000000, -0.534770930,
Cor (3),   -0.100232159, -0.534770930,  1.000000000,
St.dev,     0.006021273,  0.008884967,  0.000547923,
Skewness,  -0.134767957, -0.001309883, -0.030618678,
Kurtosis,  -0.622491487, -0.324806968, -0.092848655,
AutoCor,   -0.130993984, -0.071914737,  0.510081525,
Markow Autoregressive (lag 1) bivariate joint 3 asset model cond. params
uProb.,   0.251270835,  0.748729165,
Prob (1),   0.213434752,  0.786565248,
Prob (2),   0.263968490,  0.736031510,
Mean,      0.006673132, -0.009002595,  0.000469272,
Cor (1),    1.000000000,  0.987355449, -0.579716766,
Cor (2),    0.987355449,  1.000000000, -0.093020020,
Cor (3),   -0.579716766, -0.093020020,  1.000000000,
VCV (1),    0.000005946,  0.000014156, -0.000000461,
VCV (2),    0.000014156,  0.000034571, -0.000000179,
VCV (3),   -0.000000461, -0.000000179,  0.000000107,
St.dev,     0.002438478,  0.005879747,  0.000326414,
Mean,     -0.002307288,  0.002882051, -0.000046200,
Cor (1),    1.000000000, -0.472816915, -0.794377003,
Cor (2),   -0.472816915,  1.000000000, -0.632187269,
Cor (3),   -0.794377003, -0.632187269,  1.000000000,
VCV (1),    0.000025158, -0.000018040, -0.000001639,
VCV (2),   -0.000018040,  0.000057864, -0.000001978,
VCV (3),   -0.000001639, -0.000001978,  0.000000169,
St.dev,     0.005015803,  0.007606816,  0.000411240,
AutoCor,   -0.188897677, -0.082763672,  0.622077384,

No.; 11; Score; 67.276598689048;
Markow Autoregressive (lag 1) bivariate joint 3 asset model uncond. params
uMean,      0.000025108,  0.000067452, -0.000309124,
VCV (1),    0.000115753,  0.000006867,  0.000000677,
VCV (2),    0.000006867,  0.000052792,  0.000001927,
VCV (3),    0.000000677,  0.000001927,  0.000000474,
Cor (1),    1.000000000,  0.087844257,  0.091291515,
Cor (2),    0.087844257,  1.000000000,  0.385103476,
Cor (3),    0.091291515,  0.385103476,  1.000000000,
St.dev,     0.010758845,  0.007265827,  0.000688779,
Skewness,   0.023833214,  0.042531955,  0.033587722,
Kurtosis,   0.022250339,  0.272876845,  0.072978535,
AutoCor,    0.653657234,  0.067240562, -0.725702406,
Markow Autoregressive (lag 1) bivariate joint 3 asset model cond. params
uProb.,   0.317297713,  0.682702287,
Prob (1),   0.388786501,  0.611213499,
Prob (2),   0.284072061,  0.715927939,
Mean,      0.001721029, -0.000431640, -0.000393428,
Cor (1),    1.000000000, -0.507626564, -0.662436523,
Cor (2),   -0.507626564,  1.000000000,  0.842664970,
Cor (3),   -0.662436523,  0.842664970,  1.000000000,
VCV (1),    0.000076055, -0.000023824, -0.000002080,
VCV (2),   -0.000023824,  0.000028961,  0.000001633,
VCV (3),   -0.000002080,  0.000001633,  0.000000130,
St.dev,     0.008720978,  0.005381588,  0.000360099,
Mean,     -0.000763101,  0.000299414, -0.000269942,
Cor (1),    1.000000000,  0.346691894,  0.656962891,
Cor (2),    0.346691894,  1.000000000,  0.534801349,
Cor (3),    0.656962891,  0.534801349,  1.000000000,
VCV (1),    0.000059226,  0.000021236,  0.000002581,
VCV (2),    0.000021236,  0.000063350,  0.000002173,
VCV (3),    0.000002581,  0.000002173,  0.000000261,
St.dev,     0.007695823,  0.007959298,  0.000510419,
AutoCor,    0.660070619,  0.067158203, -0.731524880,

No.; 12; Score; 69.024686353349;
Markow Autoregressive (lag 1) bivariate joint 3 asset model uncond. params
uMean,      0.000263978,  0.000070065, -0.000056240,
VCV (1),    0.000041625,  0.000018188, -0.000001478,
VCV (2),    0.000018188,  0.000051584, -0.000001257,
VCV (3),   -0.000001478, -0.000001257,  0.000000476,
Cor (1),    1.000000000,  0.392503329, -0.332124984,
Cor (2),    0.392503329,  1.000000000, -0.253799923,
Cor (3),   -0.332124984, -0.253799923,  1.000000000,
St.dev,     0.006451732,  0.007182190,  0.000689628,
Skewness,   0.027513447,  0.391513966, -0.086063071,
Kurtosis,  -0.349128769,  0.801269801,  0.096929077,
AutoCor,    0.036426441,  0.521105895,  0.872146695,
Markow Autoregressive (lag 1) bivariate joint 3 asset model cond. params
uProb.,   0.876825658,  0.123174342,
Prob (1),   0.879762514,  0.120237486,
Prob (2),   0.855919431,  0.144080569,
Mean,     -0.000986357, -0.000855031,  0.000014946,
Cor (1),    1.000000000,  0.335844727, -0.701684049,
Cor (2),    0.335844727,  1.000000000, -0.468049316,
Cor (3),   -0.701684049, -0.468049316,  1.000000000,
VCV (1),    0.000033356,  0.000009548, -0.000000827,
VCV (2),    0.000009548,  0.000024229, -0.000000470,
VCV (3),   -0.000000827, -0.000000470,  0.000000042,
St.dev,     0.005775504,  0.004922287,  0.000204051,
Mean,      0.009164577,  0.006655426, -0.000562980,
Cor (1),    1.000000000,  0.419916982, -0.688017370,
Cor (2),    0.419916982,  1.000000000,  0.179469318,
Cor (3),   -0.688017370,  0.179469318,  1.000000000,
VCV (1),    0.000009718,  0.000010897, -0.000000702,
VCV (2),    0.000010897,  0.000069291,  0.000000489,
VCV (3),   -0.000000702,  0.000000489,  0.000000107,
St.dev,     0.003117395,  0.008324138,  0.000327199,
AutoCor,    0.041018394,  0.587697493,  0.941770331,

No.; 13; Score; 73.629577934252;
Markow Autoregressive (lag 1) bivariate joint 3 asset model uncond. params
uMean,      0.000392689,  0.000241163, -0.000040475,
VCV (1),    0.000043481, -0.000021064,  0.000000090,
VCV (2),   -0.000021064,  0.000134362,  0.000000249,
VCV (3),    0.000000090,  0.000000249,  0.000000136,
Cor (1),    1.000000000, -0.275581662,  0.036901478,
Cor (2),   -0.275581662,  1.000000000,  0.058120239,
Cor (3),    0.036901478,  0.058120239,  1.000000000,
St.dev,     0.006594001,  0.011591470,  0.000368996,
Skewness,   0.061293958, -0.009016642, -0.441422604,
Kurtosis,   0.465394455, -0.007830911, -0.255698700,
AutoCor,   -0.630973059, -0.393683988,  0.040438917,
Markow Autoregressive (lag 1) bivariate joint 3 asset model cond. params
uProb.,   0.538659141,  0.461340859,
Prob (1),   0.491557613,  0.508442387,
Prob (2),   0.593654635,  0.406345365,
Mean,      0.000737587, -0.002436084,  0.000194946,
Cor (1),    1.000000000, -0.714692383, -0.098608398,
Cor (2),   -0.714692383,  1.000000000,  0.805398729,
Cor (3),   -0.098608398,  0.805398729,  1.000000000,
VCV (1),    0.000041141, -0.000047292, -0.000000135,
VCV (2),   -0.000047292,  0.000106428,  0.000001773,
VCV (3),   -0.000000135,  0.000001773,  0.000000046,
St.dev,     0.006414164,  0.010316406,  0.000213366,
Mean,     -0.000010012,  0.003367103, -0.000315351,
Cor (1),    1.000000000,  0.796684230,  0.161904297,
Cor (2),    0.796684230,  1.000000000,  0.067708044,
Cor (3),    0.161904297,  0.067708044,  1.000000000,
VCV (1),    0.000008307,  0.000023218,  0.000000146,
VCV (2),    0.000023218,  0.000102243,  0.000000214,
VCV (3),    0.000000146,  0.000000214,  0.000000097,
St.dev,     0.002882160,  0.010111514,  0.000311867,
AutoCor,   -0.632667858, -0.413052215,  0.169538574,

No.; 14; Score; 74.522182440542;
Markow Autoregressive (lag 1) bivariate joint 3 asset model uncond. params
uMean,      0.000116747,  0.000036275,  0.000199721,
VCV (1),    0.000085073,  0.000023605, -0.000001092,
VCV (2),    0.000023605,  0.000114371,  0.000001098,
VCV (3),   -0.000001092,  0.000001098,  0.000000154,
Cor (1),    1.000000000,  0.239307285, -0.302119303,
Cor (2),    0.239307285,  1.000000000,  0.261844724,
Cor (3),   -0.302119303,  0.261844724,  1.000000000,
St.dev,     0.009223521,  0.010694442,  0.000391973,
Skewness,   0.148532278, -0.013170033, -0.137355011,
Kurtosis,  -0.177740528, -0.104278151, -0.388077502,
AutoCor,    0.480757249,  0.153039507,  0.166317549,
Markow Autoregressive (lag 1) bivariate joint 3 asset model cond. params
uProb.,   0.278060749,  0.721939251,
Prob (1),   0.462877265,  0.537122735,
Prob (2),   0.206877171,  0.793122829,
Mean,     -0.006845948,  0.007570162,  0.000566367,
Cor (1),    1.000000000, -0.708083063, -0.758845903,
Cor (2),   -0.708083063,  1.000000000,  0.511687012,
Cor (3),   -0.758845903,  0.511687012,  1.000000000,
VCV (1),    0.000024181, -0.000030663, -0.000000863,
VCV (2),   -0.000030663,  0.000077551,  0.000001042,
VCV (3),   -0.000000863,  0.000001042,  0.000000053,
St.dev,     0.004917430,  0.008806317,  0.000231259,
Mean,      0.002798485, -0.002865463,  0.000058505,
Cor (1),    1.000000000,  0.934662094,  0.074637345,
Cor (2),    0.934662094,  1.000000000, -0.105305616,
Cor (3),    0.074637345, -0.105305616,  1.000000000,
VCV (1),    0.000055448,  0.000068244,  0.000000191,
VCV (2),    0.000068244,  0.000096148, -0.000000355,
VCV (3),    0.000000191, -0.000000355,  0.000000118,
St.dev,     0.007446318,  0.009805526,  0.000344160,
AutoCor,    0.543959296,  0.128708449,  0.120734035,

No.; 15; Score; 115.27084900144;
Markow Autoregressive (lag 1) bivariate joint 3 asset model uncond. params
uMean,     -0.001127480,  0.005585052, -0.000560923,
VCV (1),    0.000007608,  0.000006826, -0.000000161,
VCV (2),    0.000006826,  0.000034053, -0.000000954,
VCV (3),   -0.000000161, -0.000000954,  0.000000307,
Cor (1),    1.000000000,  0.424089188, -0.105146172,
Cor (2),    0.424089188,  1.000000000, -0.295131610,
Cor (3),   -0.105146172, -0.295131610,  1.000000000,
St.dev,     0.002758299,  0.005835529,  0.000554178,
Skewness,   0.007688719, -0.667682379, -0.084651088,
Kurtosis,   0.158904910,  1.382727635,  0.428910857,
AutoCor,    0.030125514,  0.178860398, -0.223494580,
Markow Autoregressive (lag 1) bivariate joint 3 asset model cond. params
uProb.,   0.170972830,  0.829027170,
Prob (1),   0.218935101,  0.781064899,
Prob (2),   0.161081423,  0.838918577,
Mean,     -0.001059800,  0.000227916, -0.000471253,
Cor (1),    1.000000000, -0.111293945, -0.075434570,
Cor (2),   -0.111293945,  1.000000000, -0.002316894,
Cor (3),   -0.075434570, -0.002316894,  1.000000000,
VCV (1),    0.000011452, -0.000002901, -0.000000043,
VCV (2),   -0.000002901,  0.000059320, -0.000000003,
VCV (3),   -0.000000043, -0.000000003,  0.000000029,
St.dev,     0.003384125,  0.007701927,  0.000170115,
Mean,     -0.001141438,  0.006689870, -0.000579416,
Cor (1),    1.000000000,  0.754973144, -0.122734374,
Cor (2),    0.754973144,  1.000000000, -0.408392011,
Cor (3),   -0.122734374, -0.408392011,  1.000000000,
VCV (1),    0.000006806,  0.000008871, -0.000000188,
VCV (2),    0.000008871,  0.000020287, -0.000001079,
VCV (3),   -0.000000188, -0.000001079,  0.000000344,
St.dev,     0.002608825,  0.004504072,  0.000586366,
AutoCor,    0.030122071,  0.204316406, -0.225021973,

No.; 16; Score; 116.72136216181;
Markow Autoregressive (lag 1) bivariate joint 3 asset model uncond. params
uMean,      0.000061366,  0.000100251, -0.000099931,
VCV (1),    0.000163322,  0.000067417,  0.000002530,
VCV (2),    0.000067417,  0.000096802, -0.000004513,
VCV (3),    0.000002530, -0.000004513,  0.000000309,
Cor (1),    1.000000000,  0.536173257,  0.355923851,
Cor (2),    0.536173257,  1.000000000, -0.824776308,
Cor (3),    0.355923851, -0.824776308,  1.000000000,
St.dev,     0.012779766,  0.009838787,  0.000556113,
Skewness,   0.004153854,  0.002316655,  0.004682832,
Kurtosis,  -0.001901234, -0.001563579, -0.000445518,
AutoCor,   -0.735692949, -0.404207192, -0.633422400,
Markow Autoregressive (lag 1) bivariate joint 3 asset model cond. params
uProb.,   0.006586235,  0.993413765,
Prob (1),   0.188592488,  0.811407512,
Prob (2),   0.005379552,  0.994620448,
Mean,     -0.009265057, -0.005748334, -0.000438620,
Cor (1),    1.000000000,  0.529287541,  0.687954102,
Cor (2),    0.529287541,  1.000000000,  0.146311283,
Cor (3),    0.687954102,  0.146311283,  1.000000000,
VCV (1),    0.000005896,  0.000009206,  0.000000326,
VCV (2),    0.000009206,  0.000051308,  0.000000204,
VCV (3),    0.000000326,  0.000000204,  0.000000038,
St.dev,     0.002428144,  0.007162931,  0.000195067,
Mean,      0.000123200,  0.000139027, -0.000097685,
Cor (1),    1.000000000,  0.608851166,  0.360735920,
Cor (2),    0.608851166,  1.000000000, -0.874806432,
Cor (3),    0.360735920, -0.874806432,  1.000000000,
VCV (1),    0.000074330,  0.000047209,  0.000001337,
VCV (2),    0.000047209,  0.000080883, -0.000003383,
VCV (3),    0.000001337, -0.000003383,  0.000000185,
St.dev,     0.008621476,  0.008993503,  0.000430003,
AutoCor,   -0.738949057, -0.405586601, -0.635435573,

No.; 17; Score; 123.23428168678;
Markow Autoregressive (lag 1) bivariate joint 3 asset model uncond. params
uMean,     -0.000009430,  0.000318210,  0.000096354,
VCV (1),    0.000039330, -0.000010519, -0.000001303,
VCV (2),   -0.000010519,  0.000146125, -0.000003174,
VCV (3),   -0.000001303, -0.000003174,  0.000000251,
Cor (1),    1.000000000, -0.138751668, -0.414800436,
Cor (2),   -0.138751668,  1.000000000, -0.524175777,
Cor (3),   -0.414800436, -0.524175777,  1.000000000,
St.dev,     0.006271330,  0.012088214,  0.000500947,
Skewness,   0.573873064, -0.001987578,  0.057441519,
Kurtosis,  -0.750087837,  0.001143422,  0.016476142,
AutoCor,    0.286020425,  0.813973654,  0.835145608,
Markow Autoregressive (lag 1) bivariate joint 3 asset model cond. params
uProb.,   0.340576568,  0.659423432,
Prob (1),   0.511286928,  0.488713072,
Prob (2),   0.252408714,  0.747591286,
Mean,      0.007618549,  0.001052376, -0.000102315,
Cor (1),    1.000000000, -0.651475462, -0.575401073,
Cor (2),   -0.651475462,  1.000000000,  0.334118652,
Cor (3),   -0.575401073,  0.334118652,  1.000000000,
VCV (1),    0.000010484, -0.000014359, -0.000000299,
VCV (2),   -0.000014359,  0.000046336,  0.000000365,
VCV (3),   -0.000000299,  0.000000365,  0.000000026,
St.dev,     0.003237970,  0.006807070,  0.000160543,
Mean,     -0.003949100, -0.000060969,  0.000198962,
Cor (1),    1.000000000, -0.366491700, -0.580585641,
Cor (2),   -0.366491700,  1.000000000, -0.847207156,
Cor (3),   -0.580585641, -0.847207156,  1.000000000,
VCV (1),    0.000006687, -0.000006723, -0.000000373,
VCV (2),   -0.000006723,  0.000050321, -0.000001494,
VCV (3),   -0.000000373, -0.000001494,  0.000000062,
St.dev,     0.002585991,  0.007093715,  0.000248603,
AutoCor,    0.373936177,  0.815033177,  0.886095809,

No.; 18; Score; 136.93548654758;
Markow Autoregressive (lag 1) bivariate joint 3 asset model uncond. params
uMean,      0.000269678,  0.000406278, -0.000171843,
VCV (1),    0.000087523, -0.000017332, -0.000003343,
VCV (2),   -0.000017332,  0.000203387, -0.000002360,
VCV (3),   -0.000003343, -0.000002360,  0.000000589,
Cor (1),    1.000000000, -0.129902152, -0.465503159,
Cor (2),   -0.129902152,  1.000000000, -0.215594933,
Cor (3),   -0.465503159, -0.215594933,  1.000000000,
St.dev,     0.009355351,  0.014261381,  0.000767648,
Skewness,   0.021686776, -0.040340859, -0.210366366,
Kurtosis,   0.008477080, -0.104978519,  0.097731346,
AutoCor,   -0.865570631,  0.480358906, -0.732836290,
Markow Autoregressive (lag 1) bivariate joint 3 asset model cond. params
uProb.,   0.574860331,  0.425139669,
Prob (1),   0.328000310,  0.671999690,
Prob (2),   0.908656594,  0.091343406,
Mean,      0.001612439, -0.005390836,  0.000093023,
Cor (1),    1.000000000, -0.776254775, -0.782344757,
Cor (2),   -0.776254775,  1.000000000, -0.557523456,
Cor (3),   -0.782344757, -0.557523456,  1.000000000,
VCV (1),    0.000025141, -0.000033159, -0.000001240,
VCV (2),   -0.000033159,  0.000072580, -0.000001501,
VCV (3),   -0.000001240, -0.000001501,  0.000000100,
St.dev,     0.005014046,  0.008519389,  0.000316058,
Mean,     -0.001545960,  0.008244950, -0.000529987,
Cor (1),    1.000000000,  0.735246582, -0.612675781,
Cor (2),    0.735246582,  1.000000000,  0.243951739,
Cor (3),   -0.612675781,  0.243951739,  1.000000000,
VCV (1),    0.000013355,  0.000017838, -0.000001329,
VCV (2),    0.000017838,  0.000044077,  0.000000962,
VCV (3),   -0.000001329,  0.000000962,  0.000000353,
St.dev,     0.003654419,  0.006639018,  0.000593772,
AutoCor,   -0.873734407,  0.785618400, -0.762033691,

No.; 19; Score; 139.20415368768;
Markow Autoregressive (lag 1) bivariate joint 3 asset model uncond. params
uMean,      0.000251408,  0.000092025, -0.000098084,
VCV (1),    0.000061982, -0.000036795, -0.000001067,
VCV (2),   -0.000036795,  0.000207413,  0.000000451,
VCV (3),   -0.000001067,  0.000000451,  0.000000211,
Cor (1),    1.000000000, -0.324515538, -0.294886800,
Cor (2),   -0.324515538,  1.000000000,  0.068075247,
Cor (3),   -0.294886800,  0.068075247,  1.000000000,
St.dev,     0.007872853,  0.014401845,  0.000459753,
Skewness,   0.042767184,  0.043157922,  0.340950461,
Kurtosis,  -0.015909753,  0.207619083,  0.215426286,
AutoCor,    0.560430990,  0.781448795,  0.258586710,
Markow Autoregressive (lag 1) bivariate joint 3 asset model cond. params
uProb.,   0.351447992,  0.648552008,
Prob (1),   0.393628349,  0.606371651,
Prob (2),   0.328590609,  0.671409391,
Mean,      0.003982035, -0.001259319, -0.000309460,
Cor (1),    1.000000000, -0.497709961,  0.280913661,
Cor (2),   -0.497709961,  1.000000000, -0.775369330,
Cor (3),    0.280913661, -0.775369330,  1.000000000,
VCV (1),    0.000034179, -0.000013851,  0.000000433,
VCV (2),   -0.000013851,  0.000022659, -0.000000972,
VCV (3),    0.000000433, -0.000000972,  0.000000069,
St.dev,     0.005846283,  0.004760111,  0.000263442,
Mean,     -0.001770206,  0.000824313,  0.000016459,
Cor (1),    1.000000000, -0.320749006, -0.385957383,
Cor (2),   -0.320749006,  1.000000000,  0.176197833,
Cor (3),   -0.385957383,  0.176197833,  1.000000000,
VCV (1),    0.000032202, -0.000019084, -0.000001045,
VCV (2),   -0.000019084,  0.000109929,  0.000000882,
VCV (3),   -0.000001045,  0.000000882,  0.000000228,
St.dev,     0.005674718,  0.010484706,  0.000477242,
AutoCor,    0.629060746,  0.784883195,  0.283624816,

No.; 20; Score; 141.95631579584;
Markow Autoregressive (lag 1) bivariate joint 3 asset model uncond. params
uMean,      0.000127603,  0.000346743, -0.000152583,
VCV (1),    0.000019535, -0.000002540, -0.000001533,
VCV (2),   -0.000002540,  0.000222013, -0.000000132,
VCV (3),   -0.000001533, -0.000000132,  0.000000327,
Cor (1),    1.000000000, -0.038570728, -0.606862359,
Cor (2),   -0.038570728,  1.000000000, -0.015518264,
Cor (3),   -0.606862359, -0.015518264,  1.000000000,
St.dev,     0.004419896,  0.014900095,  0.000571548,
Skewness,   0.058223219,  0.007871994, -0.530783604,
Kurtosis,   0.193755724, -0.000853624,  0.491197655,
AutoCor,   -0.555491896, -0.764268545,  0.163163113,
Markow Autoregressive (lag 1) bivariate joint 3 asset model cond. params
uProb.,   0.474288893,  0.525711107,
Prob (1),   0.316001210,  0.683998790,
Prob (2),   0.617093731,  0.382906269,
Mean,     -0.000243927, -0.002359702,  0.000091131,
Cor (1),    1.000000000,  0.544280444, -0.910069573,
Cor (2),    0.544280444,  1.000000000,  0.505757158,
Cor (3),   -0.910069573,  0.505757158,  1.000000000,
VCV (1),    0.000007914,  0.000013728, -0.000000811,
VCV (2),    0.000013728,  0.000080377,  0.000001436,
VCV (3),   -0.000000811,  0.000001436,  0.000000100,
St.dev,     0.002813265,  0.008965333,  0.000316685,
Mean,      0.000462793,  0.002788458, -0.000372458,
Cor (1),    1.000000000, -0.398854981, -0.899233377,
Cor (2),   -0.398854981,  1.000000000, -0.040582324,
Cor (3),   -0.899233377, -0.040582324,  1.000000000,
VCV (1),    0.000018322, -0.000016098, -0.000002420,
VCV (2),   -0.000016098,  0.000088910, -0.000000241,
VCV (3),   -0.000002420, -0.000000241,  0.000000395,
St.dev,     0.004280469,  0.009429236,  0.000628799,
AutoCor,   -0.557124023, -0.778478270,  0.254264129,

No.; 21; Score; 246.83036546277;
Markow Autoregressive (lag 1) bivariate joint 3 asset model uncond. params
uMean,     -0.000104636,  0.000341962, -0.000088980,
VCV (1),    0.000247903,  0.000011541,  0.000000602,
VCV (2),    0.000011541,  0.000205083,  0.000000803,
VCV (3),    0.000000602,  0.000000803,  0.000000208,
Cor (1),    1.000000000,  0.051182372,  0.083783032,
Cor (2),    0.051182372,  1.000000000,  0.122872442,
Cor (3),    0.083783032,  0.122872442,  1.000000000,
St.dev,     0.015744921,  0.014320733,  0.000456124,
Skewness,   0.036400561,  0.007162941, -0.257915673,
Kurtosis,   0.004074306,  0.009517718, -0.290637028,
AutoCor,   -0.800472002,  0.933334494, -0.397205237,
Markow Autoregressive (lag 1) bivariate joint 3 asset model cond. params
uProb.,   0.480496469,  0.519503531,
Prob (1),   0.484514082,  0.515485918,
Prob (2),   0.476780519,  0.523219481,
Mean,     -0.004417687, -0.001011107, -0.000400643,
Cor (1),    1.000000000,  0.395226820, -0.505510119,
Cor (2),    0.395226820,  1.000000000,  0.914821670,
Cor (3),   -0.505510119,  0.914821670,  1.000000000,
VCV (1),    0.000047509,  0.000011450, -0.000001017,
VCV (2),    0.000011450,  0.000017666,  0.000001123,
VCV (3),   -0.000001017,  0.000001123,  0.000000085,
St.dev,     0.006892701,  0.004203099,  0.000291947,
Mean,      0.003884569,  0.001593435,  0.000199282,
Cor (1),    1.000000000,  0.240296067,  0.286005860,
Cor (2),    0.240296067,  1.000000000,  0.280758380,
Cor (3),    0.286005860,  0.280758380,  1.000000000,
VCV (1),    0.000071122,  0.000010812,  0.000000455,
VCV (2),    0.000010812,  0.000028466,  0.000000283,
VCV (3),    0.000000455,  0.000000283,  0.000000036,
St.dev,     0.008433384,  0.005335322,  0.000188747,
AutoCor,   -0.860748910,  0.941040609, -0.704965292,

No.; 22; Score; 257.16152725413;
Markow Autoregressive (lag 1) bivariate joint 3 asset model uncond. params
uMean,     -0.000154370, -0.000191299,  0.000056239,
VCV (1),    0.000375137, -0.000009353,  0.000000010,
VCV (2),   -0.000009353,  0.000042834,  0.000000866,
VCV (3),    0.000000010,  0.000000866,  0.000000227,
Cor (1),    1.000000000, -0.073787316,  0.001084760,
Cor (2),   -0.073787316,  1.000000000,  0.277780085,
Cor (3),    0.001084760,  0.277780085,  1.000000000,
St.dev,     0.019368463,  0.006544746,  0.000476555,
Skewness,  -0.034434440,  0.186188509,  0.132920028,
Kurtosis,   0.210555189, -0.051064530,  0.599900639,
AutoCor,    0.915437257, -0.259998413, -0.364036332,
Markow Autoregressive (lag 1) bivariate joint 3 asset model cond. params
uProb.,   0.361378051,  0.638621949,
Prob (1),   0.616097424,  0.383902576,
Prob (2),   0.217239581,  0.782760419,
Mean,      0.001801590, -0.003761317, -0.000006506,
Cor (1),    1.000000000,  0.640817995, -0.687124023,
Cor (2),    0.640817995,  1.000000000,  0.502761230,
Cor (3),   -0.687124023,  0.502761230,  1.000000000,
VCV (1),    0.000007995,  0.000008164, -0.000000498,
VCV (2),    0.000008164,  0.000020298,  0.000000580,
