Round No; 2; best result RLS; 8.015996666619

;;;
Statistical description of data for: Meginajums1
Calib/Tail/Per/Cur, 784, 9999, 23, 0,
Title,    INDEX WITH EQUAL WEIGHTS based on market value,EQUITY LM SNP,REX BOND     ,
Mean,       0.000158634,  0.000175148,  0.000011824,
VCV (1),    0.000022943, -0.000000281, -0.000000006,
VCV (2),   -0.000000281,  0.000027803, -0.000000034,
VCV (3),   -0.000000006, -0.000000034,  0.000000099,
St.dev,     0.004789897,  0.005272874,  0.000315163,
Skewness,  -1.581739356, -0.533728382, -0.333150084,
Kurtosis,  24.552038003,  6.345066446, 26.810331499,
AutoCor,   -0.072787598,  0.126724186, -0.366572783,
No.; 1; Score; 8.015996666619;
Markow Autoregressive (lag 1) bivariate joint 3 asset model uncond. params
uMean,     -0.004878770,  0.001709977, -0.000317278,
VCV (1),    0.000021829,  0.000005647, -0.000000392,
VCV (2),    0.000005647,  0.000022601,  0.000000759,
VCV (3),   -0.000000392,  0.000000759,  0.000000165,
Cor (1),    1.000000000,  0.254253967, -0.206382002,
Cor (2),    0.254253967,  1.000000000,  0.392785334,
Cor (3),   -0.206382002,  0.392785334,  1.000000000,
St.dev,     0.004672140,  0.004754055,  0.000406469,
Skewness,   0.032740678, -0.883286087, -0.030776656,
Kurtosis,   0.018334250,  1.147213040,  0.122645948,
AutoCor,    0.440819311, -0.216400978, -0.137826645,
Markow Autoregressive (lag 1) bivariate joint 3 asset model cond. params
uProb.,   0.742039103,  0.257960897,
Prob (1),   0.750273610,  0.249726390,
Prob (2),   0.718352076,  0.281647924,
Mean,     -0.004541067,  0.003390469, -0.000329327,
Cor (1),    1.000000000,  0.486672363, -0.147801690,
Cor (2),    0.486672363,  1.000000000,  0.820152550,
Cor (3),   -0.147801690,  0.820152550,  1.000000000,
VCV (1),    0.000018413,  0.000005865, -0.000000270,
VCV (2),    0.000005865,  0.000007887,  0.000000982,
VCV (3),   -0.000000270,  0.000000982,  0.000000182,
St.dev,     0.004291041,  0.002808355,  0.000426150,
Mean,     -0.005850190, -0.003124054, -0.000282617,
Cor (1),    1.000000000,  0.061489258, -0.658471680,
Cor (2),    0.061489258,  1.000000000,  0.113983276,
Cor (3),   -0.658471680,  0.113983276,  1.000000000,
VCV (1),    0.000013725,  0.000001169, -0.000000788,
VCV (2),    0.000001169,  0.000026333,  0.000000189,
VCV (3),   -0.000000788,  0.000000189,  0.000000104,
St.dev,     0.003704707,  0.005131613,  0.000322873,
AutoCor,    0.447058106, -0.355738745, -0.138256836,

No.; 2; Score; 16.03866827952;
Markow Autoregressive (lag 1) bivariate joint 3 asset model uncond. params
uMean,     -0.000054770, -0.000158628, -0.000183881,
VCV (1),    0.000038618, -0.000014405, -0.000000291,
VCV (2),   -0.000014405,  0.000026494,  0.000000149,
VCV (3),   -0.000000291,  0.000000149,  0.000000164,
Cor (1),    1.000000000, -0.450347557, -0.115677591,
Cor (2),   -0.450347557,  1.000000000,  0.071748883,
Cor (3),   -0.115677591,  0.071748883,  1.000000000,
St.dev,     0.006214357,  0.005147187,  0.000404755,
Skewness,   0.095592971,  0.256485588,  0.895276817,
Kurtosis,  -0.233170031,  0.190324681,  0.665924002,
AutoCor,   -0.095440818,  0.041396481,  0.111132108,
Markow Autoregressive (lag 1) bivariate joint 3 asset model cond. params
uProb.,   0.227171826,  0.772828174,
Prob (1),   0.164571557,  0.835428443,
Prob (2),   0.245573093,  0.754426907,
Mean,     -0.005560390, -0.002638949,  0.000373862,
Cor (1),    1.000000000, -0.026608368,  0.181251044,
Cor (2),   -0.026608368,  1.000000000, -0.367174497,
Cor (3),    0.181251044, -0.367174497,  1.000000000,
VCV (1),    0.000017544, -0.000000299,  0.000000253,
VCV (2),   -0.000000299,  0.000007180, -0.000000328,
VCV (3),    0.000000253, -0.000000328,  0.000000111,
St.dev,     0.004188527,  0.002679594,  0.000333605,
Mean,      0.001563599,  0.000570460, -0.000347829,
Cor (1),    1.000000000, -0.762817913,  0.585396629,
Cor (2),   -0.762817913,  1.000000000,  0.663787279,
Cor (3),    0.585396629,  0.663787279,  1.000000000,
VCV (1),    0.000032901, -0.000023865,  0.000000745,
VCV (2),   -0.000023865,  0.000029750,  0.000000803,
VCV (3),    0.000000745,  0.000000803,  0.000000049,
St.dev,     0.005735952,  0.005454329,  0.000221861,
AutoCor,   -0.099771484,  0.050363040,  0.353842935,

No.; 3; Score; 22.063725444354;
Markow Autoregressive (lag 1) bivariate joint 3 asset model uncond. params
uMean,      0.000156473,  0.000179754,  0.000064310,
VCV (1),    0.000052803, -0.000030724, -0.000000026,
VCV (2),   -0.000030724,  0.000052687,  0.000001375,
VCV (3),   -0.000000026,  0.000001375,  0.000000226,
Cor (1),    1.000000000, -0.582507111, -0.007467384,
Cor (2),   -0.582507111,  1.000000000,  0.398336072,
Cor (3),   -0.007467384,  0.398336072,  1.000000000,
St.dev,     0.007266550,  0.007258574,  0.000475707,
Skewness,  -0.017582127, -0.695263808, -0.027556755,
Kurtosis,  -0.007684436, -0.145985075,  0.163254663,
AutoCor,   -0.323561119,  0.265565343, -0.027966124,
Markow Autoregressive (lag 1) bivariate joint 3 asset model cond. params
uProb.,   0.542465373,  0.457534627,
Prob (1),   0.712129791,  0.287870209,
Prob (2),   0.341306671,  0.658693329,
Mean,     -0.001533974,  0.005029145,  0.000047121,
Cor (1),    1.000000000, -0.450796872, -0.024904734,
Cor (2),   -0.450796872,  1.000000000,  0.522726830,
Cor (3),   -0.024904734,  0.522726830,  1.000000000,
VCV (1),    0.000043839, -0.000009635, -0.000000086,
VCV (2),   -0.000009635,  0.000010419,  0.000000884,
VCV (3),   -0.000000086,  0.000000884,  0.000000274,
St.dev,     0.006621132,  0.003227906,  0.000523722,
Mean,      0.002160714, -0.005569813,  0.000084691,
Cor (1),    1.000000000, -0.904191174, -0.010615079,
Cor (2),   -0.904191174,  1.000000000,  0.836338082,
Cor (3),   -0.010615079,  0.836338082,  1.000000000,
VCV (1),    0.000041146, -0.000036995, -0.000000028,
VCV (2),   -0.000036995,  0.000040685,  0.000002188,
VCV (3),   -0.000000028,  0.000002188,  0.000000168,
St.dev,     0.006414493,  0.006378515,  0.000410162,
AutoCor,   -0.371170804,  0.147251038, -0.028584451,

No.; 4; Score; 25.745368433156;
Markow Autoregressive (lag 1) bivariate joint 3 asset model uncond. params
uMean,      0.000167342,  0.000268587,  0.000057217,
VCV (1),    0.000045029, -0.000007728,  0.000000272,
VCV (2),   -0.000007728,  0.000020538,  0.000000417,
VCV (3),    0.000000272,  0.000000417,  0.000000063,
Cor (1),    1.000000000, -0.254129053,  0.161747722,
Cor (2),   -0.254129053,  1.000000000,  0.367444885,
Cor (3),    0.161747722,  0.367444885,  1.000000000,
St.dev,     0.006710345,  0.004531870,  0.000250505,
Skewness,  -0.507089084,  0.860267110, -0.449810182,
Kurtosis,   0.107671014,  3.292512419,  2.257024182,
AutoCor,   -0.287425288,  0.016098650,  0.292536064,
Markow Autoregressive (lag 1) bivariate joint 3 asset model cond. params
uProb.,   0.759085056,  0.240914944,
Prob (1),   0.797803106,  0.202196894,
Prob (2),   0.637090577,  0.362909423,
Mean,      0.002738790, -0.000474851,  0.000082420,
Cor (1),    1.000000000, -0.679463213, -0.370180321,
Cor (2),   -0.679463213,  1.000000000,  0.565407082,
Cor (3),   -0.370180321,  0.565407082,  1.000000000,
VCV (1),    0.000011776, -0.000006511, -0.000000207,
VCV (2),   -0.000006511,  0.000007799,  0.000000257,
VCV (3),   -0.000000207,  0.000000257,  0.000000027,
St.dev,     0.003431638,  0.002792597,  0.000163050,
Mean,     -0.007934884,  0.002611045, -0.000022194,
Cor (1),    1.000000000,  0.435450054,  0.613754773,
Cor (2),    0.435450054,  1.000000000,  0.416358693,
Cor (3),    0.613754773,  0.416358693,  1.000000000,
VCV (1),    0.000017791,  0.000013428,  0.000000990,
VCV (2),    0.000013428,  0.000053448,  0.000001164,
VCV (3),    0.000000990,  0.000001164,  0.000000146,
St.dev,     0.004217944,  0.007310818,  0.000382331,
AutoCor,   -0.673330615,  0.002700257,  0.296878882,

No.; 5; Score; 26.300996171888;
Markow Autoregressive (lag 1) bivariate joint 3 asset model uncond. params
uMean,      0.000161391,  0.000251540,  0.000049801,
VCV (1),    0.000077839, -0.000033552,  0.000000614,
VCV (2),   -0.000033552,  0.000050148, -0.000000018,
VCV (3),    0.000000614, -0.000000018,  0.000000332,
Cor (1),    1.000000000, -0.537030010,  0.120783773,
Cor (2),   -0.537030010,  1.000000000, -0.004354892,
Cor (3),    0.120783773, -0.004354892,  1.000000000,
St.dev,     0.008822621,  0.007081513,  0.000575791,
Skewness,   0.252239348, -0.901910041,  0.092379825,
Kurtosis,   0.084266911,  1.043526246,  0.080055872,
AutoCor,   -0.136021940,  0.245215515, -0.260638166,
Markow Autoregressive (lag 1) bivariate joint 3 asset model cond. params
uProb.,   0.782904729,  0.217095271,
Prob (1),   0.828951789,  0.171048211,
Prob (2),   0.616846479,  0.383153521,
Mean,     -0.002243733,  0.002760161, -0.000022479,
Cor (1),    1.000000000, -0.627658203,  0.276201718,
Cor (2),   -0.627658203,  1.000000000,  0.250679015,
Cor (3),    0.276201718,  0.250679015,  1.000000000,
VCV (1),    0.000051415, -0.000019710,  0.000001027,
VCV (2),   -0.000019710,  0.000019179,  0.000000569,
VCV (3),    0.000001027,  0.000000569,  0.000000269,
St.dev,     0.007170394,  0.004379374,  0.000518520,
Mean,      0.008834924, -0.008795231,  0.000310464,
Cor (1),    1.000000000,  0.242130693, -0.828287878,
Cor (2),    0.242130693,  1.000000000,  0.270569705,
Cor (3),   -0.828287878,  0.270569705,  1.000000000,
VCV (1),    0.000058820,  0.000012852, -0.000003760,
VCV (2),    0.000012852,  0.000047895,  0.000001108,
VCV (3),   -0.000003760,  0.000001108,  0.000000350,
St.dev,     0.007669420,  0.006920627,  0.000591914,
AutoCor,   -0.263479755,  0.272587230, -0.289122338,

No.; 6; Score; 27.700024432952;
Markow Autoregressive (lag 1) bivariate joint 3 asset model uncond. params
uMean,      0.000197540,  0.000239643,  0.000060208,
VCV (1),    0.000064038,  0.000031543,  0.000001148,
VCV (2),    0.000031543,  0.000063588,  0.000001347,
VCV (3),    0.000001148,  0.000001347,  0.000000154,
Cor (1),    1.000000000,  0.494315833,  0.366078030,
Cor (2),    0.494315833,  1.000000000,  0.430895271,
Cor (3),    0.366078030,  0.430895271,  1.000000000,
St.dev,     0.008002347,  0.007974196,  0.000391971,
Skewness,  -0.037631379,  0.071757571,  0.005356293,
Kurtosis,  -1.098076403, -0.584065379, -0.161031402,
AutoCor,    0.264731799,  0.248772524, -0.378821064,
Markow Autoregressive (lag 1) bivariate joint 3 asset model cond. params
uProb.,   0.387104547,  0.612895453,
Prob (1),   0.638711064,  0.361288936,
Prob (2),   0.228189961,  0.771810039,
Mean,      0.008679548,  0.007597597,  0.000319556,
Cor (1),    1.000000000, -0.259128063, -0.759051705,
Cor (2),   -0.259128063,  1.000000000,  0.936033700,
Cor (3),   -0.759051705,  0.936033700,  1.000000000,
VCV (1),    0.000008442, -0.000003783, -0.000000510,
VCV (2),   -0.000003783,  0.000025253,  0.000001088,
VCV (3),   -0.000000510,  0.000001088,  0.000000054,
St.dev,     0.002905447,  0.005025229,  0.000231360,
Mean,     -0.005159693, -0.004407638, -0.000103597,
Cor (1),    1.000000000, -0.375100218, -0.037181150,
Cor (2),   -0.375100218,  1.000000000, -0.314108287,
Cor (3),   -0.037181150, -0.314108287,  1.000000000,
VCV (1),    0.000024758, -0.000010530, -0.000000047,
VCV (2),   -0.000010530,  0.000031832, -0.000000447,
VCV (3),   -0.000000047, -0.000000447,  0.000000064,
St.dev,     0.004975735,  0.005642008,  0.000252140,
AutoCor,   -0.091482309,  0.060603641, -0.680488247,

No.; 7; Score; 28.585263632084;
Markow Autoregressive (lag 1) bivariate joint 3 asset model uncond. params
uMean,      0.000283131,  0.000045158,  0.000300694,
VCV (1),    0.000025253, -0.000021465,  0.000000415,
VCV (2),   -0.000021465,  0.000065906, -0.000000498,
VCV (3),    0.000000415, -0.000000498,  0.000000165,
Cor (1),    1.000000000, -0.526151957,  0.203076787,
Cor (2),   -0.526151957,  1.000000000, -0.150966653,
Cor (3),    0.203076787, -0.150966653,  1.000000000,
St.dev,     0.005025206,  0.008118248,  0.000406573,
Skewness,  -0.002734523, -0.181370419, -0.427290848,
Kurtosis,  -0.484837653, -0.441397122,  1.044826851,
AutoCor,    0.274420718,  0.478087449,  0.089406656,
Markow Autoregressive (lag 1) bivariate joint 3 asset model cond. params
uProb.,   0.507759962,  0.492240038,
Prob (1),   0.611289743,  0.388710257,
Prob (2),   0.400965973,  0.599034027,
Mean,      0.003754804, -0.005514892,  0.000397194,
Cor (1),    1.000000000, -0.069665527, -0.566717706,
Cor (2),   -0.069665527,  1.000000000,  0.634830285,
Cor (3),   -0.566717706,  0.634830285,  1.000000000,
VCV (1),    0.000011460, -0.000001087, -0.000000465,
VCV (2),   -0.000001087,  0.000021232,  0.000000709,
VCV (3),   -0.000000465,  0.000000709,  0.000000059,
St.dev,     0.003385255,  0.004607822,  0.000242325,
Mean,     -0.003298002,  0.005780512,  0.000201150,
Cor (1),    1.000000000, -0.116042050,  0.364624023,
Cor (2),   -0.116042050,  1.000000000, -0.384061302,
Cor (3),    0.364624023, -0.384061302,  1.000000000,
VCV (1),    0.000011273, -0.000001261,  0.000000617,
VCV (2),   -0.000001261,  0.000010469, -0.000000626,
VCV (3),    0.000000617, -0.000000626,  0.000000254,
St.dev,     0.003357500,  0.003235609,  0.000503591,
AutoCor,    0.336579530,  0.729098840,  0.081946397,

No.; 8; Score; 30.004634724071;
Markow Autoregressive (lag 1) bivariate joint 3 asset model uncond. params
uMean,      0.000227446,  0.000483167, -0.000323744,
VCV (1),    0.000072880, -0.000019659,  0.000002264,
VCV (2),   -0.000019659,  0.000031126, -0.000000272,
VCV (3),    0.000002264, -0.000000272,  0.000000150,
Cor (1),    1.000000000, -0.412765285,  0.684454777,
Cor (2),   -0.412765285,  1.000000000, -0.125721049,
Cor (3),    0.684454777, -0.125721049,  1.000000000,
St.dev,     0.008536995,  0.005579024,  0.000387443,
Skewness,   0.104305350, -0.448165684,  0.023448287,
Kurtosis,  -0.382169916,  0.103665180, -0.795873730,
AutoCor,   -0.406546131,  0.147863271,  0.068427934,
Markow Autoregressive (lag 1) bivariate joint 3 asset model cond. params
uProb.,   0.339840429,  0.660159571,
Prob (1),   0.362314149,  0.637685851,
Prob (2),   0.328271288,  0.671728712,
Mean,      0.008165252, -0.004273015,  0.000092344,
Cor (1),    1.000000000,  0.155880022, -0.184249300,
Cor (2),    0.155880022,  1.000000000,  0.705559101,
Cor (3),   -0.184249300,  0.705559101,  1.000000000,
VCV (1),    0.000012289,  0.000002759, -0.000000120,
VCV (2),    0.000002759,  0.000025498,  0.000000659,
VCV (3),   -0.000000120,  0.000000659,  0.000000034,
St.dev,     0.003505619,  0.005049532,  0.000185099,
Mean,     -0.003858819,  0.002931579, -0.000537940,
Cor (1),    1.000000000, -0.105978897,  0.827919938,
Cor (2),   -0.105978897,  1.000000000,  0.726837481,
Cor (3),    0.827919938,  0.726837481,  1.000000000,
VCV (1),    0.000019562, -0.000001816,  0.000000992,
VCV (2),   -0.000001816,  0.000015007,  0.000000763,
VCV (3),    0.000000992,  0.000000763,  0.000000073,
St.dev,     0.004422841,  0.003873918,  0.000271007,
AutoCor,   -0.759894682,  0.215903377,  0.118676758,

No.; 9; Score; 32.083175770194;
Markow Autoregressive (lag 1) bivariate joint 3 asset model uncond. params
uMean,     -0.000210976,  0.000137165, -0.000212383,
VCV (1),    0.000039306, -0.000015061, -0.000000835,
VCV (2),   -0.000015061,  0.000062683,  0.000001446,
VCV (3),   -0.000000835,  0.000001446,  0.000000135,
Cor (1),    1.000000000, -0.303417181, -0.362236875,
Cor (2),   -0.303417181,  1.000000000,  0.496379648,
Cor (3),   -0.362236875,  0.496379648,  1.000000000,
St.dev,     0.006269433,  0.007917237,  0.000367886,
Skewness,  -0.071327711,  0.981072182, -0.373220237,
Kurtosis,  -0.272936107,  1.687505889, -0.210336746,
AutoCor,    0.043504859,  0.575339183,  0.170801942,
Markow Autoregressive (lag 1) bivariate joint 3 asset model cond. params
uProb.,   0.739098544,  0.260901456,
Prob (1),   0.874890230,  0.125109770,
Prob (2),   0.354419060,  0.645580940,
Mean,      0.001988068, -0.002427290, -0.000317601,
Cor (1),    1.000000000,  0.599989483, -0.048231392,
Cor (2),    0.599989483,  1.000000000,  0.485552941,
Cor (3),   -0.048231392,  0.485552941,  1.000000000,
VCV (1),    0.000026426,  0.000011276, -0.000000090,
VCV (2),    0.000011276,  0.000013365,  0.000000643,
VCV (3),   -0.000000090,  0.000000643,  0.000000131,
St.dev,     0.005140661,  0.003655806,  0.000361964,
Mean,     -0.006440573,  0.007401921,  0.000085685,
Cor (1),    1.000000000, -0.767117444, -0.639385209,
Cor (2),   -0.767117444,  1.000000000,  0.512405916,
Cor (3),   -0.639385209,  0.512405916,  1.000000000,
VCV (1),    0.000018887, -0.000027992, -0.000000445,
VCV (2),   -0.000027992,  0.000070496,  0.000000689,
VCV (3),   -0.000000445,  0.000000689,  0.000000026,
St.dev,     0.004345941,  0.008396192,  0.000160239,
AutoCor,   -0.211664880,  0.598543293,  0.065333770,

No.; 10; Score; 34.538764195229;
Markow Autoregressive (lag 1) bivariate joint 3 asset model uncond. params
uMean,      0.000110094,  0.000364577,  0.000259391,
VCV (1),    0.000073682,  0.000001685, -0.000002634,
VCV (2),    0.000001685,  0.000027788,  0.000000750,
VCV (3),   -0.000002634,  0.000000750,  0.000000365,
Cor (1),    1.000000000,  0.037227488, -0.507711061,
Cor (2),    0.037227488,  1.000000000,  0.235494532,
Cor (3),   -0.507711061,  0.235494532,  1.000000000,
St.dev,     0.008583803,  0.005271451,  0.000604504,
Skewness,   0.920140857,  0.011262853, -0.131695189,
Kurtosis,   0.641922307,  0.022526220, -0.006180329,
AutoCor,   -0.030887617,  0.712003248, -0.605842721,
Markow Autoregressive (lag 1) bivariate joint 3 asset model cond. params
uProb.,   0.500267027,  0.499732973,
Prob (1),   0.521644629,  0.478355371,
Prob (2),   0.478866579,  0.521133421,
Mean,     -0.004811154,  0.000099454,  0.000505791,
Cor (1),    1.000000000,  0.981000398, -0.219237237,
Cor (2),    0.981000398,  1.000000000,  0.810173003,
Cor (3),   -0.219237237,  0.810173003,  1.000000000,
VCV (1),    0.000009855,  0.000010476, -0.000000219,
VCV (2),    0.000010476,  0.000011572,  0.000000878,
VCV (3),   -0.000000219,  0.000000878,  0.000000102,
St.dev,     0.003139290,  0.003401804,  0.000318710,
Mean,      0.005036602,  0.000629983,  0.000012727,
Cor (1),    1.000000000, -0.260493164, -0.624523230,
Cor (2),   -0.260493164,  1.000000000,  0.964176525,
Cor (3),   -0.624523230,  0.964176525,  1.000000000,
VCV (1),    0.000088617, -0.000009694, -0.000002483,
VCV (2),   -0.000009694,  0.000015628,  0.000001610,
VCV (3),   -0.000002483,  0.000001610,  0.000000178,
St.dev,     0.009413666,  0.003953258,  0.000422355,
AutoCor,   -0.067014160,  0.713702160, -0.735244760,

No.; 11; Score; 38.670118192558;
Markow Autoregressive (lag 1) bivariate joint 3 asset model uncond. params
uMean,      0.000115461,  0.000238232,  0.000034506,
VCV (1),    0.000055976,  0.000001230, -0.000000125,
VCV (2),    0.000001230,  0.000078017, -0.000000087,
VCV (3),   -0.000000125, -0.000000087,  0.000000108,
Cor (1),    1.000000000,  0.018605279, -0.050852957,
Cor (2),    0.018605279,  1.000000000, -0.029888495,
Cor (3),   -0.050852957, -0.029888495,  1.000000000,
St.dev,     0.007481716,  0.008832734,  0.000329156,
Skewness,  -0.014362130,  0.475499379, -0.201352221,
Kurtosis,   0.482085236, -0.005362910,  0.639864065,
AutoCor,   -0.619497655,  0.420888432, -0.474851598,
Markow Autoregressive (lag 1) bivariate joint 3 asset model cond. params
uProb.,   0.429750526,  0.570249474,
Prob (1),   0.473583197,  0.526416803,
Prob (2),   0.396717417,  0.603282583,
Mean,      0.000226873, -0.005370764, -0.000022668,
Cor (1),    1.000000000, -0.644970265,  0.030265467,
Cor (2),   -0.644970265,  1.000000000, -0.391794903,
Cor (3),    0.030265467, -0.391794903,  1.000000000,
VCV (1),    0.000011304, -0.000006464,  0.000000037,
VCV (2),   -0.000006464,  0.000008886, -0.000000429,
VCV (3),    0.000000037, -0.000000429,  0.000000135,
St.dev,     0.003362199,  0.002980906,  0.000367381,
Mean,      0.000031499,  0.004465274,  0.000077594,
Cor (1),    1.000000000,  0.163035012, -0.122094105,
Cor (2),    0.163035012,  1.000000000, -0.273274160,
Cor (3),   -0.122094105, -0.273274160,  1.000000000,
VCV (1),    0.000051945,  0.000008909, -0.000000176,
VCV (2),    0.000008909,  0.000057479, -0.000000413,
VCV (3),   -0.000000176, -0.000000413,  0.000000040,
St.dev,     0.007207315,  0.007581506,  0.000199493,
AutoCor,   -0.619614045,  0.571080564, -0.487688312,

No.; 12; Score; 39.923615997422;
Markow Autoregressive (lag 1) bivariate joint 3 asset model uncond. params
uMean,      0.000164354,  0.000253634, -0.000057389,
VCV (1),    0.000044300, -0.000005404, -0.000000197,
VCV (2),   -0.000005404,  0.000043426,  0.000000356,
VCV (3),   -0.000000197,  0.000000356,  0.000000507,
Cor (1),    1.000000000, -0.123217446, -0.041480428,
Cor (2),   -0.123217446,  1.000000000,  0.075795068,
Cor (3),   -0.041480428,  0.075795068,  1.000000000,
St.dev,     0.006655792,  0.006589844,  0.000711818,
Skewness,   0.017612860, -0.002011134,  0.032307622,
Kurtosis,  -0.021520960, -0.009056489,  0.040148064,
AutoCor,    0.585467163,  0.490506240, -0.918846908,
Markow Autoregressive (lag 1) bivariate joint 3 asset model cond. params
uProb.,   0.592598331,  0.407401669,
Prob (1),   0.456046855,  0.543953145,
Prob (2),   0.791223382,  0.208776618,
Mean,      0.001900468, -0.001139410, -0.000163484,
Cor (1),    1.000000000, -0.309868602, -0.790203576,
Cor (2),   -0.309868602,  1.000000000,  0.352898056,
Cor (3),   -0.790203576,  0.352898056,  1.000000000,
VCV (1),    0.000022422, -0.000007880, -0.000000629,
VCV (2),   -0.000007880,  0.000028842,  0.000000318,
VCV (3),   -0.000000629,  0.000000318,  0.000000028,
St.dev,     0.004735158,  0.005370470,  0.000167977,
Mean,     -0.002360962,  0.002279928,  0.000096933,
Cor (1),    1.000000000,  0.371386343,  0.856396355,
Cor (2),    0.371386343,  1.000000000,  0.035094083,
Cor (3),    0.856396355,  0.035094083,  1.000000000,
VCV (1),    0.000019175,  0.000008573,  0.000001202,
VCV (2),    0.000008573,  0.000027792,  0.000000059,
VCV (3),    0.000001202,  0.000000059,  0.000000103,
St.dev,     0.004378943,  0.005271792,  0.000320632,
AutoCor,    0.686589200,  0.547907157, -0.938337086,

No.; 13; Score; 40.429926759912;
Markow Autoregressive (lag 1) bivariate joint 3 asset model uncond. params
uMean,      0.000161952,  0.000069572,  0.000032393,
VCV (1),    0.000092715, -0.000003397, -0.000000068,
VCV (2),   -0.000003397,  0.000016295,  0.000000644,
VCV (3),   -0.000000068,  0.000000644,  0.000000095,
Cor (1),    1.000000000, -0.087392211, -0.023079662,
Cor (2),   -0.087392211,  1.000000000,  0.517888016,
Cor (3),   -0.023079662,  0.517888016,  1.000000000,
St.dev,     0.009628856,  0.004036697,  0.000307931,
Skewness,  -0.022154433, -0.202457573,  0.000877672,
Kurtosis,  -0.669424496,  0.174767349,  2.002823637,
AutoCor,    0.472046124,  0.146088436, -0.257690246,
Markow Autoregressive (lag 1) bivariate joint 3 asset model cond. params
uProb.,   0.402947839,  0.597052161,
Prob (1),   0.786753384,  0.213246616,
Prob (2),   0.143919190,  0.856080810,
Mean,     -0.008670261, -0.001370895,  0.000032528,
Cor (1),    1.000000000,  0.117904166, -0.338606166,
Cor (2),    0.117904166,  1.000000000,  0.760137640,
Cor (3),   -0.338606166,  0.760137640,  1.000000000,
VCV (1),    0.000030553,  0.000002845, -0.000000791,
VCV (2),    0.000002845,  0.000019061,  0.000001403,
VCV (3),   -0.000000791,  0.000001403,  0.000000179,
St.dev,     0.005527439,  0.004365910,  0.000422718,
Mean,      0.006122773,  0.001041737,  0.000032303,
Cor (1),    1.000000000, -0.959892562,  0.381813816,
Cor (2),   -0.959892562,  1.000000000,  0.278270341,
Cor (3),    0.381813816,  0.278270341,  1.000000000,
VCV (1),    0.000042374, -0.000021497,  0.000000413,
VCV (2),   -0.000021497,  0.000011836,  0.000000159,
VCV (3),    0.000000413,  0.000000159,  0.000000028,
St.dev,     0.006509522,  0.003440365,  0.000166352,
AutoCor,    0.247637532,  0.099384846, -0.257690361,

No.; 14; Score; 41.081982916422;
Markow Autoregressive (lag 1) bivariate joint 3 asset model uncond. params
uMean,      0.004134070, -0.004309688, -0.000215692,
VCV (1),    0.000047788, -0.000025743, -0.000001823,
VCV (2),   -0.000025743,  0.000065390,  0.000001617,
VCV (3),   -0.000001823,  0.000001617,  0.000000157,
Cor (1),    1.000000000, -0.460524157, -0.665640494,
Cor (2),   -0.460524157,  1.000000000,  0.504544130,
Cor (3),   -0.665640494,  0.504544130,  1.000000000,
St.dev,     0.006912882,  0.008086402,  0.000396242,
Skewness,  -0.236505614,  0.154642232, -0.407330865,
Kurtosis,  -0.056161768,  0.085426378, -0.355881221,
AutoCor,    0.357405669, -0.064883512,  0.158643985,
Markow Autoregressive (lag 1) bivariate joint 3 asset model cond. params
uProb.,   0.658849679,  0.341150321,
Prob (1),   0.664907342,  0.335092658,
Prob (2),   0.647150762,  0.352849238,
Mean,      0.006946735, -0.006286079, -0.000386173,
Cor (1),    1.000000000, -0.237204590, -0.832664971,
Cor (2),   -0.237204590,  1.000000000,  0.518492394,
Cor (3),   -0.832664971,  0.518492394,  1.000000000,
VCV (1),    0.000021492, -0.000007898, -0.000001391,
VCV (2),   -0.000007898,  0.000051587,  0.000001342,
VCV (3),   -0.000001391,  0.000001342,  0.000000130,
St.dev,     0.004635899,  0.007182420,  0.000360352,
Mean,     -0.001297916, -0.000492766,  0.000113553,
Cor (1),    1.000000000, -0.689291992,  0.422973633,
Cor (2),   -0.689291992,  1.000000000,  0.207928588,
Cor (3),    0.422973633,  0.207928588,  1.000000000,
VCV (1),    0.000028314, -0.000030459,  0.000000379,
VCV (2),   -0.000030459,  0.000068963,  0.000000291,
VCV (3),    0.000000379,  0.000000291,  0.000000028,
St.dev,     0.005321122,  0.008304413,  0.000168239,
AutoCor,    0.517028809, -0.075660620,  0.237036133,

No.; 15; Score; 43.881122439759;
Markow Autoregressive (lag 1) bivariate joint 3 asset model uncond. params
uMean,      0.000216267,  0.000309673,  0.000212991,
VCV (1),    0.000097995, -0.000058773,  0.000002081,
VCV (2),   -0.000058773,  0.000059182, -0.000000840,
VCV (3),    0.000002081, -0.000000840,  0.000000182,
Cor (1),    1.000000000, -0.771762895,  0.492399584,
Cor (2),   -0.771762895,  1.000000000, -0.255789635,
Cor (3),    0.492399584, -0.255789635,  1.000000000,
St.dev,     0.009899257,  0.007692987,  0.000426986,
Skewness,  -0.047488091, -0.016796440, -0.042492239,
Kurtosis,  -0.413024907, -0.697840221, -0.432497695,
AutoCor,   -0.025798779, -0.233883894, -0.134931908,
Markow Autoregressive (lag 1) bivariate joint 3 asset model cond. params
uProb.,   0.518019299,  0.481980701,
Prob (1),   0.272770079,  0.727229921,
Prob (2),   0.781606260,  0.218393740,
Mean,      0.006668822, -0.005388847,  0.000494392,
Cor (1),    1.000000000, -0.476862793, -0.106063409,
Cor (2),   -0.476862793,  1.000000000,  0.247134972,
Cor (3),   -0.106063409,  0.247134972,  1.000000000,
VCV (1),    0.000044289, -0.000015833, -0.000000214,
VCV (2),   -0.000015833,  0.000024891,  0.000000374,
VCV (3),   -0.000000214,  0.000000374,  0.000000092,
St.dev,     0.006654988,  0.004989054,  0.000303161,
Mean,     -0.006718757,  0.006434281, -0.000089450,
Cor (1),    1.000000000, -0.633045681,  0.226635742,
Cor (2),   -0.633045681,  1.000000000,  0.941463659,
Cor (3),    0.226635742,  0.941463659,  1.000000000,
VCV (1),    0.000046909, -0.000020481,  0.000000480,
VCV (2),   -0.000020481,  0.000022314,  0.000001374,
VCV (3),    0.000000480,  0.000001374,  0.000000095,
St.dev,     0.006849041,  0.004723794,  0.000308935,
AutoCor,    0.380147041,  0.161331567,  0.192423019,

