Round No; 7; best result RLS; 17.57544853253

;;;
No.; 1; Score; 17.57544853253;
Markow Autoregressive (lag 1) bivariate joint 3 asset model uncond. params
uMean,      0.001776414,  0.001225018,  0.000737126,
VCV (1),    0.000003629,  0.000001648, -0.000000045,
VCV (2),    0.000001648,  0.000001374,  0.000000082,
VCV (3),   -0.000000045,  0.000000082,  0.000000948,
Cor (1),    1.000000000,  0.737991255, -0.024333947,
Cor (2),    0.737991255,  1.000000000,  0.071920202,
Cor (3),   -0.024333947,  0.071920202,  1.000000000,
St.dev,     0.001905046,  0.001172339,  0.000973426,
Skewness,   0.132388978, -0.923437120,  0.183536810,
Kurtosis,   0.379132435,  3.376262468,  0.511771932,
AutoCor,    0.021169852,  0.218970699,  0.071749075,
Markow Autoregressive (lag 1) bivariate joint 3 asset model cond. params
uProb.,   0.979047583,  0.020952417,
Prob (1),   0.988836285,  0.011163715,
Prob (2),   0.521649057,  0.478350943,
Mean,      0.001729463,  0.001309177,  0.000705342,
Cor (1),    1.000000000,  0.979072758, -0.021236786,
Cor (2),    0.979072758,  1.000000000,  0.229343087,
Cor (3),   -0.021236786,  0.229343087,  1.000000000,
VCV (1),    0.000003420,  0.000001815, -0.000000037,
VCV (2),    0.000001815,  0.000001005,  0.000000215,
VCV (3),   -0.000000037,  0.000000215,  0.000000875,
St.dev,     0.001849458,  0.001002451,  0.000935650,
Mean,      0.003970292, -0.002707512,  0.002222304,
Cor (1),    1.000000000,  0.644305820, -0.925990440,
Cor (2),    0.644305820,  1.000000000, -0.125574723,
Cor (3),   -0.925990440, -0.125574723,  1.000000000,
VCV (1),    0.000008454,  0.000002557, -0.000003762,
VCV (2),    0.000002557,  0.000001864, -0.000000240,
VCV (3),   -0.000003762, -0.000000240,  0.000001953,
St.dev,     0.002907600,  0.001365132,  0.001397366,
AutoCor,    0.008141156,  0.140239644,  0.051016494,

No.; 2; Score; 24.074095055765;
Markow Autoregressive (lag 1) bivariate joint 3 asset model uncond. params
uMean,      0.001845114,  0.001866929,  0.003874683,
VCV (1),    0.000028885, -0.000001032,  0.000000004,
VCV (2),   -0.000001032,  0.000003748, -0.000000075,
VCV (3),    0.000000004, -0.000000075,  0.000000974,
Cor (1),    1.000000000, -0.099197594,  0.000736581,
Cor (2),   -0.099197594,  1.000000000, -0.039043622,
Cor (3),    0.000736581, -0.039043622,  1.000000000,
St.dev,     0.005374502,  0.001935868,  0.000986847,
Skewness,  -0.076264412,  0.035234050, -0.006921809,
Kurtosis,   0.035391485, 14.981074979,  0.125107933,
AutoCor,    0.040644048,  0.491696353,  0.212121781,
Markow Autoregressive (lag 1) bivariate joint 3 asset model cond. params
uProb.,   0.959092746,  0.040907254,
Prob (1),   0.963430421,  0.036569579,
Prob (2),   0.857393601,  0.142606399,
Mean,      0.002174419,  0.001864764,  0.003876993,
Cor (1),    1.000000000, -0.077768221, -0.043534970,
Cor (2),   -0.077768221,  1.000000000, -0.158484056,
Cor (3),   -0.043534970, -0.158484056,  1.000000000,
VCV (1),    0.000026612, -0.000000441, -0.000000212,
VCV (2),   -0.000000441,  0.000001206, -0.000000164,
VCV (3),   -0.000000212, -0.000000164,  0.000000889,
St.dev,     0.005158671,  0.001098078,  0.000942977,
Mean,     -0.005875616,  0.001917685,  0.003820536,
Cor (1),    1.000000000, -0.499485273,  0.767769686,
Cor (2),   -0.499485273,  1.000000000,  0.251620194,
Cor (3),    0.767769686,  0.251620194,  1.000000000,
VCV (1),    0.000019275, -0.000014074,  0.000004627,
VCV (2),   -0.000014074,  0.000041190,  0.000002217,
VCV (3),    0.000004627,  0.000002217,  0.000001885,
St.dev,     0.004390291,  0.006417954,  0.001372789,
AutoCor,    0.034332668,  0.491707660,  0.212135405,

No.; 3; Score; 24.398469575232;
Markow Autoregressive (lag 1) bivariate joint 3 asset model uncond. params
uMean,      0.001667726,  0.003365236, -0.003921134,
VCV (1),    0.000006868,  0.000005097, -0.000000008,
VCV (2),    0.000005097,  0.000007281, -0.000000053,
VCV (3),   -0.000000008, -0.000000053,  0.000000923,
Cor (1),    1.000000000,  0.720738522, -0.003260686,
Cor (2),    0.720738522,  1.000000000, -0.020527647,
Cor (3),   -0.003260686, -0.020527647,  1.000000000,
St.dev,     0.002620749,  0.002698355,  0.000960479,
Skewness,  -0.034187679,  0.181680781, -0.022953689,
Kurtosis,   0.043456073,  8.498964247,  0.075927249,
AutoCor,    0.013132830,  0.074464952,  0.139209272,
Markow Autoregressive (lag 1) bivariate joint 3 asset model cond. params
uProb.,   0.978455575,  0.021544425,
Prob (1),   0.984834444,  0.015165556,
Prob (2),   0.688754664,  0.311245336,
Mean,      0.001729496,  0.003350780, -0.003913765,
Cor (1),    1.000000000,  0.831997395, -0.038108619,
Cor (2),    0.831997395,  1.000000000,  0.001039083,
Cor (3),   -0.038108619,  0.001039083,  1.000000000,
VCV (1),    0.000006678,  0.000005008, -0.000000093,
VCV (2),    0.000005008,  0.000005425,  0.000000002,
VCV (3),   -0.000000093,  0.000000002,  0.000000883,
St.dev,     0.002584218,  0.002329236,  0.000939674,
Mean,     -0.001137585,  0.004021759, -0.004255793,
Cor (1),    1.000000000,  0.423121429,  0.786122020,
Cor (2),    0.423121429,  1.000000000, -0.184407687,
Cor (3),    0.786122020, -0.184407687,  1.000000000,
VCV (1),    0.000007450,  0.000010912,  0.000002863,
VCV (2),    0.000010912,  0.000089265, -0.000002325,
VCV (3),    0.000002863, -0.000002325,  0.000001781,
St.dev,     0.002729499,  0.009448023,  0.001334467,
AutoCor,    0.005809518,  0.074175710,  0.138788808,

No.; 4; Score; 28.413514484915;
Markow Autoregressive (lag 1) bivariate joint 3 asset model uncond. params
uMean,     -0.000444712,  0.003676077,  0.003705411,
VCV (1),    0.000070459, -0.000002440, -0.000000011,
VCV (2),   -0.000002440,  0.000017475,  0.000000011,
VCV (3),   -0.000000011,  0.000000011,  0.000000918,
Cor (1),    1.000000000, -0.069533527, -0.001378188,
Cor (2),   -0.069533527,  1.000000000,  0.002773589,
Cor (3),   -0.001378188,  0.002773589,  1.000000000,
St.dev,     0.008393958,  0.004180335,  0.000958130,
Skewness,   0.006452004,  0.014967983,  0.009825453,
Kurtosis,  -0.005920421,  0.059756377,  0.033994541,
AutoCor,    0.004533794,  0.630323090,  0.169346117,
Markow Autoregressive (lag 1) bivariate joint 3 asset model cond. params
uProb.,   0.995611630,  0.004388370,
Prob (1),   0.997249765,  0.002750235,
Prob (2),   0.623959834,  0.376040166,
Mean,     -0.000411181,  0.003664348,  0.003703233,
Cor (1),    1.000000000, -0.090312082,  0.003239795,
Cor (2),   -0.090312082,  1.000000000,  0.000840318,
Cor (3),    0.003239795,  0.000840318,  1.000000000,
VCV (1),    0.000070455, -0.000002444,  0.000000026,
VCV (2),   -0.000002444,  0.000010395,  0.000000003,
VCV (3),    0.000000026,  0.000000003,  0.000000885,
St.dev,     0.008393723,  0.003224197,  0.000940904,
Mean,     -0.008052050,  0.006337234,  0.004199439,
Cor (1),    1.000000000,  0.932562695, -0.865988370,
Cor (2),    0.932562695,  1.000000000,  0.058488781,
Cor (3),   -0.865988370,  0.058488781,  1.000000000,
VCV (1),    0.000013064,  0.000019930, -0.000004557,
VCV (2),    0.000019930,  0.000034960,  0.000000503,
VCV (3),   -0.000004557,  0.000000503,  0.000002119,
St.dev,     0.003614349,  0.005912738,  0.001455817,
AutoCor,    0.003193933,  0.630783026,  0.169106848,

No.; 5; Score; 29.11076340102;
Markow Autoregressive (lag 1) bivariate joint 3 asset model uncond. params
uMean,      0.001060951,  0.002931587,  0.002527609,
VCV (1),    0.000002574,  0.000001436, -0.000000054,
VCV (2),    0.000001436,  0.000212438, -0.000000021,
VCV (3),   -0.000000054, -0.000000021,  0.000000947,
Cor (1),    1.000000000,  0.061395995, -0.034526154,
Cor (2),    0.061395995,  1.000000000, -0.001512587,
Cor (3),   -0.034526154, -0.001512587,  1.000000000,
St.dev,     0.001604414,  0.014575242,  0.000973268,
Skewness,  -0.405886783, -0.000219324, -0.003705587,
Kurtosis,   4.960282394,  0.000111190,  0.125424333,
AutoCor,    0.018301763,  0.605204428,  0.223635728,
Markow Autoregressive (lag 1) bivariate joint 3 asset model cond. params
uProb.,   0.999242765,  0.000757235,
Prob (1),   0.999609193,  0.000390807,
Prob (2),   0.515707258,  0.484292742,
Mean,      0.001067543,  0.002927876,  0.002527772,
Cor (1),    1.000000000,  0.082181154, -0.042775327,
Cor (2),    0.082181154,  1.000000000, -0.001044904,
Cor (3),   -0.042775327, -0.001044904,  1.000000000,
VCV (1),    0.000002472,  0.000001499, -0.000000064,
VCV (2),    0.000001499,  0.000134656, -0.000000011,
VCV (3),   -0.000000064, -0.000000011,  0.000000895,
St.dev,     0.001572107,  0.011604156,  0.000945877,
Mean,     -0.007637449,  0.007829327,  0.002312893,
Cor (1),    1.000000000, -0.701213286,  0.502435575,
Cor (2),   -0.701213286,  1.000000000, -0.345059711,
Cor (3),    0.502435575, -0.345059711,  1.000000000,
VCV (1),    0.000062082, -0.000048752,  0.000010995,
VCV (2),   -0.000048752,  0.000077860, -0.000008457,
VCV (3),    0.000010995, -0.000008457,  0.000007714,
St.dev,     0.007879199,  0.008823841,  0.002777420,
AutoCor,    0.007694545,  0.605214809,  0.223626128,

No.; 6; Score; 30.782397430867;
Markow Autoregressive (lag 1) bivariate joint 3 asset model uncond. params
uMean,      0.004619972,  0.003140137,  0.004703691,
VCV (1),    0.000005853,  0.000000997, -0.000000025,
VCV (2),    0.000000997,  0.000019157, -0.000000095,
VCV (3),   -0.000000025, -0.000000095,  0.000001065,
Cor (1),    1.000000000,  0.094117327, -0.010085613,
Cor (2),    0.094117327,  1.000000000, -0.020939493,
Cor (3),   -0.010085613, -0.020939493,  1.000000000,
St.dev,     0.002419327,  0.004376826,  0.001031804,
Skewness,  -0.004810772, -0.009087645,  0.016544637,
Kurtosis,   0.020469750,  0.032056433,  0.454073927,
AutoCor,    0.016788018,  0.261330509,  0.405446645,
Markow Autoregressive (lag 1) bivariate joint 3 asset model cond. params
uProb.,   0.999658781,  0.000341219,
Prob (1),   0.999739910,  0.000260090,
Prob (2),   0.761978600,  0.238021400,
Mean,      0.004621077,  0.003144129,  0.004703412,
Cor (1),    1.000000000,  0.095288010, -0.008189000,
Cor (2),    0.095288010,  1.000000000, -0.018973000,
Cor (3),   -0.008189000, -0.018973000,  1.000000000,
VCV (1),    0.000005842,  0.000000972, -0.000000019,
VCV (2),    0.000000972,  0.000017798, -0.000000075,
VCV (3),   -0.000000019, -0.000000075,  0.000000882,
St.dev,     0.002417048,  0.004218791,  0.000939330,
Mean,      0.001382139, -0.008556487,  0.005521255,
Cor (1),    1.000000000,  0.829525426, -0.728863826,
Cor (2),    0.829525426,  1.000000000, -0.684478983,
Cor (3),   -0.728863826, -0.684478983,  1.000000000,
VCV (1),    0.000022900,  0.000023665, -0.000016186,
VCV (2),    0.000023665,  0.000035539, -0.000018936,
VCV (3),   -0.000016186, -0.000018936,  0.000021535,
St.dev,     0.004785410,  0.005961479,  0.004640580,
AutoCor,    0.016652840,  0.261388104,  0.405482588,

No.; 7; Score; 31.529784978565;
Markow Autoregressive (lag 1) bivariate joint 3 asset model uncond. params
uMean,     -0.003169974,  0.004907273, -0.001431954,
VCV (1),    0.000008716,  0.000000321,  0.000000000,
VCV (2),    0.000000321,  0.000135956, -0.000000056,
VCV (3),    0.000000000, -0.000000056,  0.000000944,
Cor (1),    1.000000000,  0.009334346,  0.000109771,
Cor (2),    0.009334346,  1.000000000, -0.004914842,
Cor (3),    0.000109771, -0.004914842,  1.000000000,
St.dev,     0.002952288,  0.011660001,  0.000971688,
Skewness,   0.371716918,  0.002268420, -0.174722581,
Kurtosis,   7.954478929,  0.012012928,  1.290041815,
AutoCor,    0.042947591,  0.242600065,  0.069158642,
Markow Autoregressive (lag 1) bivariate joint 3 asset model cond. params
uProb.,   0.994232869,  0.005767131,
Prob (1),   0.994260149,  0.005739851,
Prob (2),   0.989529965,  0.010470035,
Mean,     -0.003187653,  0.004917703, -0.001424468,
Cor (1),    1.000000000,  0.013510035,  0.018375341,
Cor (2),    0.013510035,  1.000000000, -0.002272613,
Cor (3),    0.018375341, -0.002272613,  1.000000000,
VCV (1),    0.000007618,  0.000000423,  0.000000048,
VCV (2),    0.000000423,  0.000128607, -0.000000024,
VCV (3),    0.000000048, -0.000000024,  0.000000892,
St.dev,     0.002760023,  0.011340496,  0.000944330,
Mean,     -0.000122140,  0.003109203, -0.002722505,
Cor (1),    1.000000000, -0.261043725, -0.113909035,
Cor (2),   -0.261043725,  1.000000000, -0.800334009,
Cor (3),   -0.113909035, -0.800334009,  1.000000000,
VCV (1),    0.000185911, -0.000012314, -0.000004258,
VCV (2),   -0.000012314,  0.000011969, -0.000007591,
VCV (3),   -0.000004258, -0.000007591,  0.000007516,
St.dev,     0.013634919,  0.003459574,  0.002741460,
AutoCor,    0.043185325,  0.242632881,  0.069824701,

No.; 8; Score; 31.882449532937;
Markow Autoregressive (lag 1) bivariate joint 3 asset model uncond. params
uMean,      0.001245311, -0.001939773,  0.004203801,
VCV (1),    0.000096964,  0.000010607, -0.000000019,
VCV (2),    0.000010607,  0.000003191, -0.000000014,
VCV (3),   -0.000000019, -0.000000014,  0.000000995,
Cor (1),    1.000000000,  0.602993380, -0.001963374,
Cor (2),    0.602993380,  1.000000000, -0.007980367,
Cor (3),   -0.001963374, -0.007980367,  1.000000000,
St.dev,     0.009847017,  0.001786356,  0.000997287,
Skewness,  -0.003414473, -0.038337682,  0.003548689,
Kurtosis,  -0.000942181,  0.731774390,  0.119042774,
AutoCor,    0.055121848,  0.019558476,  0.328736274,
Markow Autoregressive (lag 1) bivariate joint 3 asset model cond. params
uProb.,   0.998057798,  0.001942202,
Prob (1),   0.999574516,  0.000425484,
Prob (2),   0.218647509,  0.781352491,
Mean,      0.001230114, -0.001937691,  0.004203538,
Cor (1),    1.000000000,  0.611831381, -0.001904112,
Cor (2),    0.611831381,  1.000000000,  0.001795843,
Cor (3),   -0.001904112,  0.001795843,  1.000000000,
VCV (1),    0.000096738,  0.000010630, -0.000000018,
VCV (2),    0.000010630,  0.000003120,  0.000000003,
VCV (3),   -0.000000018,  0.000000003,  0.000000879,
St.dev,     0.009835571,  0.001766460,  0.000937618,
Mean,      0.009054433, -0.003010031,  0.004338719,
Cor (1),    1.000000000,  0.102342661, -0.354672511,
Cor (2),    0.102342661,  1.000000000, -0.631758497,
Cor (3),   -0.354672511, -0.631758497,  1.000000000,
VCV (1),    0.000004972,  0.000001403, -0.000001764,
VCV (2),    0.000001403,  0.000037774, -0.000008659,
VCV (3),   -0.000001764, -0.000008659,  0.000004973,
St.dev,     0.002229735,  0.006146035,  0.002230091,
AutoCor,    0.054232472,  0.019026272,  0.328720169,

No.; 9; Score; 32.59594407034;
Markow Autoregressive (lag 1) bivariate joint 3 asset model uncond. params
uMean,     -0.003560123, -0.001741218,  0.002035809,
VCV (1),    0.000019306, -0.000008709, -0.000000021,
VCV (2),   -0.000008709,  0.000064477, -0.000000059,
VCV (3),   -0.000000021, -0.000000059,  0.000001148,
Cor (1),    1.000000000, -0.246853226, -0.004390973,
Cor (2),   -0.246853226,  1.000000000, -0.006882551,
Cor (3),   -0.004390973, -0.006882551,  1.000000000,
St.dev,     0.004393847,  0.008029730,  0.001071455,
Skewness,  -1.334435526, -0.369579892,  0.132047338,
Kurtosis,   1.113412086,  0.388257083,  0.348146842,
AutoCor,    0.034961311,  0.178709699,  0.140819869,
Markow Autoregressive (lag 1) bivariate joint 3 asset model cond. params
uProb.,   0.752440986,  0.247559014,
Prob (1),   0.755063994,  0.244936006,
Prob (2),   0.744468509,  0.255531491,
Mean,     -0.001433450, -0.003044023,  0.001953146,
Cor (1),    1.000000000, -0.143933819,  0.134558337,
Cor (2),   -0.143933819,  1.000000000, -0.128149161,
Cor (3),    0.134558337, -0.128149161,  1.000000000,
VCV (1),    0.000002746, -0.000002057,  0.000000211,
VCV (2),   -0.000002057,  0.000074355, -0.000001044,
VCV (3),    0.000000211, -0.000001044,  0.000000893,
St.dev,     0.001657235,  0.008622918,  0.000945160,
Mean,     -0.010024017,  0.002218580,  0.002287059,
Cor (1),    1.000000000,  0.634846176,  0.285436889,
Cor (2),    0.634846176,  1.000000000,  0.580981706,
Cor (3),    0.285436889,  0.580981706,  1.000000000,
VCV (1),    0.000013905,  0.000005109,  0.000001406,
VCV (2),    0.000005109,  0.000004658,  0.000001656,
VCV (3),    0.000001406,  0.000001656,  0.000001745,
St.dev,     0.003728983,  0.002158198,  0.001320921,
AutoCor,    0.095211095,  0.193330540,  0.143219208,

No.; 10; Score; 34.870509384669;
Markow Autoregressive (lag 1) bivariate joint 3 asset model uncond. params
uMean,     -0.005042554,  0.004152846, -0.000391808,
VCV (1),    0.000008667,  0.000000014,  0.000000011,
VCV (2),    0.000000014,  0.000029603, -0.000000044,
VCV (3),    0.000000011, -0.000000044,  0.000001005,
Cor (1),    1.000000000,  0.000851133,  0.003703772,
Cor (2),    0.000851133,  1.000000000, -0.007982915,
Cor (3),    0.003703772, -0.007982915,  1.000000000,
St.dev,     0.002943952,  0.005440831,  0.001002544,
Skewness,   0.045866366,  0.003691668, -0.258363768,
Kurtosis,   1.907865448,  0.066993287,  2.988356705,
AutoCor,    0.014119671,  0.408240280,  0.322132440,
Markow Autoregressive (lag 1) bivariate joint 3 asset model cond. params
uProb.,   0.999715108,  0.000284892,
Prob (1),   0.999823224,  0.000176776,
Prob (2),   0.620323488,  0.379676512,
Mean,     -0.005043525,  0.004152067, -0.000389359,
Cor (1),    1.000000000,  0.000252160,  0.010273407,
Cor (2),    0.000252160,  1.000000000, -0.008921448,
Cor (3),    0.010273407, -0.008921448,  1.000000000,
VCV (1),    0.000008548,  0.000000004,  0.000000028,
VCV (2),    0.000000004,  0.000024600, -0.000000042,
VCV (3),    0.000000028, -0.000000042,  0.000000880,
St.dev,     0.002923775,  0.004959844,  0.000937945,
Mean,     -0.001635727,  0.006889297, -0.008988752,
Cor (1),    1.000000000,  0.078296851, -0.465668345,
Cor (2),    0.078296851,  1.000000000,  0.614506602,
Cor (3),   -0.465668345,  0.614506602,  1.000000000,
VCV (1),    0.000406565,  0.000025477, -0.000031499,
VCV (2),    0.000025477,  0.000260413,  0.000033267,
VCV (3),   -0.000031499,  0.000033267,  0.000011254,
St.dev,     0.020163463,  0.016137331,  0.003354700,
AutoCor,    0.013980178,  0.408242352,  0.320904584,

No.; 11; Score; 35.068001299491;
Markow Autoregressive (lag 1) bivariate joint 3 asset model uncond. params
uMean,      0.002681091, -0.000978903,  0.004342772,
VCV (1),    0.000020711, -0.000008528, -0.000000062,
VCV (2),   -0.000008528,  0.000024915, -0.000000016,
VCV (3),   -0.000000062, -0.000000016,  0.000001297,
Cor (1),    1.000000000, -0.375410991, -0.011868186,
Cor (2),   -0.375410991,  1.000000000, -0.002790988,
Cor (3),   -0.011868186, -0.002790988,  1.000000000,
St.dev,     0.004550888,  0.004991543,  0.001138900,
Skewness,   0.830818964, -0.877838291,  0.185299400,
Kurtosis,  -0.233318298,  0.773551341,  0.332835312,
AutoCor,    0.010553364,  0.171419167,  0.100274823,
Markow Autoregressive (lag 1) bivariate joint 3 asset model cond. params
uProb.,   0.689671159,  0.310328841,
Prob (1),   0.635927727,  0.364072273,
Prob (2),   0.809109930,  0.190890070,
Mean,      0.000060879,  0.001227814,  0.004192711,
Cor (1),    1.000000000, -0.085453771,  0.045902112,
Cor (2),   -0.085453771,  1.000000000, -0.622472962,
Cor (3),    0.045902112, -0.622472962,  1.000000000,
VCV (1),    0.000002186, -0.000000304,  0.000000067,
VCV (2),   -0.000000304,  0.000005799, -0.000001474,
VCV (3),    0.000000067, -0.000001474,  0.000000967,
St.dev,     0.001478617,  0.002408019,  0.000983169,
Mean,      0.008504219, -0.005883084,  0.004676268,
Cor (1),    1.000000000,  0.832359023, -0.788722127,
Cor (2),    0.832359023,  1.000000000,  0.831331147,
Cor (3),   -0.788722127,  0.831331147,  1.000000000,
VCV (1),    0.000007875,  0.000011418, -0.000002986,
VCV (2),    0.000011418,  0.000023893,  0.000005483,
VCV (3),   -0.000002986,  0.000005483,  0.000001821,
St.dev,     0.002806242,  0.004888065,  0.001349271,
AutoCor,    0.524679810,  0.436034867,  0.111248846,

No.; 12; Score; 35.943052621192;
Markow Autoregressive (lag 1) bivariate joint 3 asset model uncond. params
uMean,     -0.000145264,  0.003077738,  0.000983198,
VCV (1),    0.000040657,  0.000015029, -0.000000053,
VCV (2),    0.000015029,  0.000085005, -0.000000063,
VCV (3),   -0.000000053, -0.000000063,  0.000001211,
Cor (1),    1.000000000,  0.255649773, -0.007536497,
Cor (2),    0.255649773,  1.000000000, -0.006241115,
Cor (3),   -0.007536497, -0.006241115,  1.000000000,
St.dev,     0.006376271,  0.009219840,  0.001100250,
Skewness,   1.446771754, -0.006334783,  0.073760323,
Kurtosis,   3.626347480, -0.002929498,  0.354519072,
AutoCor,    0.000525185,  0.705313760,  0.091239094,
Markow Autoregressive (lag 1) bivariate joint 3 asset model cond. params
uProb.,   0.635804115,  0.364195885,
Prob (1),   0.607768644,  0.392231356,
Prob (2),   0.684747741,  0.315252259,
Mean,     -0.002390450,  0.001761899,  0.000923305,
Cor (1),    1.000000000, -0.162784645, -0.715108224,
Cor (2),   -0.162784645,  1.000000000,  0.402066274,
Cor (3),   -0.715108224,  0.402066274,  1.000000000,
VCV (1),    0.000001197, -0.000001112, -0.000000735,
VCV (2),   -0.000001112,  0.000038994,  0.000002357,
VCV (3),   -0.000000735,  0.000002357,  0.000000882,
St.dev,     0.001094127,  0.006244500,  0.000938917,
Mean,      0.003774326,  0.005374898,  0.001087758,
Cor (1),    1.000000000,  0.518322102,  0.040570435,
Cor (2),    0.518322102,  1.000000000, -0.587453813,
Cor (3),    0.040570435, -0.587453813,  1.000000000,
VCV (1),    0.000085339,  0.000028610,  0.000000494,
VCV (2),    0.000028610,  0.000035703, -0.000004630,
VCV (3),    0.000000494, -0.000004630,  0.000001740,
St.dev,     0.009237919,  0.005975174,  0.001318950,
AutoCor,    0.021935298,  0.734156783,  0.092113849,

No.; 13; Score; 35.996043252542;
Markow Autoregressive (lag 1) bivariate joint 3 asset model uncond. params
uMean,      0.000909176, -0.005895531,  0.004728898,
VCV (1),    0.000001041,  0.000000367, -0.000000027,
VCV (2),    0.000000367,  0.000002175, -0.000000034,
VCV (3),   -0.000000027, -0.000000034,  0.000000934,
Cor (1),    1.000000000,  0.243899691, -0.026933129,
Cor (2),    0.243899691,  1.000000000, -0.023954001,
Cor (3),   -0.026933129, -0.023954001,  1.000000000,
St.dev,     0.001020399,  0.001474956,  0.000966479,
Skewness,  -0.025121634,  0.002501925,  0.018545924,
Kurtosis,   0.242772454,  0.025479815,  0.601711563,
AutoCor,    0.030671604,  0.159597367,  0.230909630,
Markow Autoregressive (lag 1) bivariate joint 3 asset model cond. params
uProb.,   0.999954999,  0.000045001,
Prob (1),   0.999964064,  0.000035936,
Prob (2),   0.798525732,  0.201474268,
Mean,      0.000909516, -0.005895631,  0.004728804,
Cor (1),    1.000000000,  0.247225432, -0.027306547,
Cor (2),    0.247225432,  1.000000000, -0.024264129,
Cor (3),   -0.027306547, -0.024264129,  1.000000000,
VCV (1),    0.000001037,  0.000000367, -0.000000026,
VCV (2),    0.000000367,  0.000002119, -0.000000033,
VCV (3),   -0.000000026, -0.000000033,  0.000000882,
St.dev,     0.001018515,  0.001455589,  0.000938886,
Mean,     -0.006654453, -0.003683723,  0.006813515,
Cor (1),    1.000000000, -0.669684858,  0.449840694,
Cor (2),   -0.669684858,  1.000000000,  0.039255287,
Cor (3),    0.449840694,  0.039255287,  1.000000000,
VCV (1),    0.000008105, -0.000009951,  0.000009779,
VCV (2),   -0.000009951,  0.000027244,  0.000001564,
VCV (3),    0.000009779,  0.000001564,  0.000058301,
St.dev,     0.002846961,  0.005219576,  0.007635505,
AutoCor,    0.030248310,  0.159593132,  0.230915802,

No.; 14; Score; 36.356700428837;
Markow Autoregressive (lag 1) bivariate joint 3 asset model uncond. params
uMean,     -0.001127161,  0.002407757,  0.003202978,
VCV (1),    0.000010690,  0.000009809, -0.000000032,
VCV (2),    0.000009809,  0.000100102, -0.000000054,
VCV (3),   -0.000000032, -0.000000054,  0.000001331,
Cor (1),    1.000000000,  0.299851130, -0.008488759,
Cor (2),    0.299851130,  1.000000000, -0.004690072,
Cor (3),   -0.008488759, -0.004690072,  1.000000000,
St.dev,     0.003269622,  0.010005080,  0.001153616,
Skewness,   0.878343332, -0.080440231, -0.063129576,
Kurtosis,   1.930834300,  0.011185161,  0.408475907,
AutoCor,    0.032729007,  0.425048221,  0.226244461,
Markow Autoregressive (lag 1) bivariate joint 3 asset model cond. params
uProb.,   0.632116812,  0.367883188,
Prob (1),   0.506319081,  0.493680919,
Prob (2),   0.848269284,  0.151730716,
Mean,     -0.002088311,  0.000466293,  0.003253389,
Cor (1),    1.000000000,  0.629196193, -0.623068536,
Cor (2),    0.629196193,  1.000000000,  0.391747735,
Cor (3),   -0.623068536,  0.391747735,  1.000000000,
VCV (1),    0.000003020,  0.000009895, -0.000001015,
VCV (2),    0.000009895,  0.000081876,  0.000003322,
VCV (3),   -0.000001015,  0.000003322,  0.000000878,
St.dev,     0.001737937,  0.009048533,  0.000937251,
Mean,      0.000524340,  0.005743686,  0.003116360,
Cor (1),    1.000000000,  0.003195633,  0.309622470,
Cor (2),    0.003195633,  1.000000000, -0.527157873,
Cor (3),    0.309622470, -0.527157873,  1.000000000,
VCV (1),    0.000019317,  0.000000105,  0.000001880,
VCV (2),    0.000000105,  0.000055639, -0.000005432,
VCV (3),    0.000001880, -0.000005432,  0.000001909,
St.dev,     0.004395075,  0.007459139,  0.001381540,
AutoCor,    0.098063282,  0.478105948,  0.228114849,

No.; 15; Score; 36.865882598119;
Markow Autoregressive (lag 1) bivariate joint 3 asset model uncond. params
uMean,      0.002751949, -0.004228793, -0.000259167,
VCV (1),    0.000009875, -0.000002903, -0.000000088,
VCV (2),   -0.000002903,  0.000007140, -0.000000007,
VCV (3),   -0.000000088, -0.000000007,  0.000001152,
Cor (1),    1.000000000, -0.345744396, -0.026158567,
Cor (2),   -0.345744396,  1.000000000, -0.002285171,
Cor (3),   -0.026158567, -0.002285171,  1.000000000,
St.dev,     0.003142488,  0.002672097,  0.001073233,
Skewness,  -1.923136905,  1.350149022, -0.175828328,
Kurtosis,   5.438992791,  6.123646740,  1.003579187,
AutoCor,    0.026600570,  0.248474277,  0.102213764,
Markow Autoregressive (lag 1) bivariate joint 3 asset model cond. params
uProb.,   0.873668652,  0.126331348,
Prob (1),   0.858165665,  0.141834335,
Prob (2),   0.980882533,  0.019117467,
Mean,      0.003564683, -0.004593109, -0.000216642,
Cor (1),    1.000000000,  0.200903379, -0.314418713,
Cor (2),    0.200903379,  1.000000000,  0.870132498,
Cor (3),   -0.314418713,  0.870132498,  1.000000000,
VCV (1),    0.000002936,  0.000000541, -0.000000506,
VCV (2),    0.000000541,  0.000002468,  0.000001285,
VCV (3),   -0.000000506,  0.000001285,  0.000000884,
St.dev,     0.001713475,  0.001571073,  0.000940060,
Mean,     -0.002868666, -0.001709297, -0.000553251,
Cor (1),    1.000000000, -0.426117988,  0.125176993,
Cor (2),   -0.426117988,  1.000000000, -0.921015373,
Cor (3),    0.125176993, -0.921015373,  1.000000000,
VCV (1),    0.000020695, -0.000010194,  0.000000954,
VCV (2),   -0.000010194,  0.000027655, -0.000008116,
VCV (3),    0.000000954, -0.000008116,  0.000002808,
St.dev,     0.004549131,  0.005258756,  0.001675773,
AutoCor,    0.155123169,  0.303231887,  0.104682701,

No.; 16; Score; 38.113971256565;
Markow Autoregressive (lag 1) bivariate joint 3 asset model uncond. params
uMean,      0.005228480,  0.002240588,  0.000866009,
VCV (1),    0.000009873, -0.000003433, -0.000000036,
VCV (2),   -0.000003433,  0.000011519, -0.000000016,
VCV (3),   -0.000000036, -0.000000016,  0.000001404,
Cor (1),    1.000000000, -0.321964209, -0.009699070,
Cor (2),   -0.321964209,  1.000000000, -0.003967613,
Cor (3),   -0.009699070, -0.003967613,  1.000000000,
St.dev,     0.003142142,  0.003393901,  0.001185075,
Skewness,  -0.369080841,  0.050429647, -0.032952038,
Kurtosis,  -0.344340018,  1.871035698,  0.245635854,
AutoCor,    0.019311957,  0.233794476,  0.036519093,
Markow Autoregressive (lag 1) bivariate joint 3 asset model cond. params
uProb.,   0.435710593,  0.564289407,
Prob (1),   0.453246602,  0.546753398,
Prob (2),   0.422170333,  0.577829667,
Mean,      0.007557855,  0.002322931,  0.000917732,
Cor (1),    1.000000000, -0.901840945,  0.721865786,
Cor (2),   -0.901840945,  1.000000000,  0.235125224,
Cor (3),    0.721865786,  0.235125224,  1.000000000,
VCV (1),    0.000003149, -0.000007368,  0.000001244,
VCV (2),   -0.000007368,  0.000021201,  0.000001051,
VCV (3),    0.000001244,  0.000001051,  0.000000943,
St.dev,     0.001774456,  0.004604463,  0.000970846,
Mean,      0.003429876,  0.002177007,  0.000826072,
Cor (1),    1.000000000, -0.135957716, -0.324807355,
Cor (2),   -0.135957716,  1.000000000, -0.373741687,
Cor (3),   -0.324807355, -0.373741687,  1.000000000,
VCV (1),    0.000007639, -0.000000642, -0.000001189,
VCV (2),   -0.000000642,  0.000002917, -0.000000845,
VCV (3),   -0.000001189, -0.000000845,  0.000001754,
St.dev,     0.002763958,  0.001707897,  0.001324404,
AutoCor,    0.010639725,  0.233886657,  0.036527110,

No.; 17; Score; 38.335809122143;
Markow Autoregressive (lag 1) bivariate joint 3 asset model uncond. params
uMean,     -0.001655102,  0.000270909,  0.003034355,
VCV (1),    0.000007424,  0.000001445, -0.000000027,
VCV (2),    0.000001445,  0.000023965, -0.000000095,
VCV (3),   -0.000000027, -0.000000095,  0.000001401,
Cor (1),    1.000000000,  0.108353476, -0.008497312,
Cor (2),    0.108353476,  1.000000000, -0.016364441,
Cor (3),   -0.008497312, -0.016364441,  1.000000000,
St.dev,     0.002724779,  0.004895405,  0.001183742,
Skewness,   0.241961162, -0.653619603,  0.069005614,
Kurtosis,   0.146645424,  0.559060751,  0.294798758,
AutoCor,    0.041704614,  0.330628447,  0.322340728,
Markow Autoregressive (lag 1) bivariate joint 3 asset model cond. params
uProb.,   0.572464626,  0.427535374,
Prob (1),   0.602429022,  0.397570978,
Prob (2),   0.532342666,  0.467657334,
Mean,     -0.000913352, -0.001596837,  0.002958630,
Cor (1),    1.000000000,  0.530872813, -0.165125483,
Cor (2),    0.530872813,  1.000000000, -0.253150400,
Cor (3),   -0.165125483, -0.253150400,  1.000000000,
VCV (1),    0.000008383,  0.000007957, -0.000000447,
VCV (2),    0.000007957,  0.000026803, -0.000001226,
VCV (3),   -0.000000447, -0.000001226,  0.000000875,
St.dev,     0.002895264,  0.005177138,  0.000935221,
Mean,     -0.002648296,  0.002771799,  0.003135749,
Cor (1),    1.000000000, -0.971855311,  0.255914951,
Cor (2),   -0.971855311,  1.000000000,  0.535892576,
Cor (3),    0.255914951,  0.535892576,  1.000000000,
VCV (1),    0.000004395, -0.000003053,  0.000000709,
VCV (2),   -0.000003053,  0.000002245,  0.000001061,
VCV (3),    0.000000709,  0.000001061,  0.000001747,
St.dev,     0.002096443,  0.001498234,  0.001321666,
AutoCor,    0.038578155,  0.393705167,  0.323730557,

No.; 18; Score; 38.539260526875;
Markow Autoregressive (lag 1) bivariate joint 3 asset model uncond. params
uMean,     -0.000973424,  0.003264769, -0.003978661,
VCV (1),    0.000009127, -0.000002079, -0.000000033,
VCV (2),   -0.000002079,  0.000004597, -0.000000042,
VCV (3),   -0.000000033, -0.000000042,  0.000001192,
Cor (1),    1.000000000, -0.320914275, -0.010031746,
Cor (2),   -0.320914275,  1.000000000, -0.017869132,
Cor (3),   -0.010031746, -0.017869132,  1.000000000,
St.dev,     0.003021154,  0.002144160,  0.001091954,
Skewness,   2.448736914, -0.155983436, -0.019049687,
Kurtosis,   6.565445107,  2.489219895,  0.178964055,
AutoCor,    0.026797724,  0.071757784,  0.423975422,
Markow Autoregressive (lag 1) bivariate joint 3 asset model cond. params
uProb.,   0.891512923,  0.108487077,
Prob (1),   0.878942814,  0.121057186,
Prob (2),   0.994810151,  0.005189849,
Mean,     -0.001865131,  0.003307724, -0.003968548,
Cor (1),    1.000000000, -0.885649222, -0.264250486,
Cor (2),   -0.885649222,  1.000000000, -0.250162633,
Cor (3),   -0.264250486, -0.250162633,  1.000000000,
VCV (1),    0.000001028, -0.000001583, -0.000000251,
VCV (2),   -0.000001583,  0.000003110, -0.000000413,
VCV (3),   -0.000000251, -0.000000413,  0.000000876,
St.dev,     0.001013697,  0.001763462,  0.000935759,
Mean,      0.006354345,  0.002911783, -0.004061765,
Cor (1),    1.000000000, -0.199823744,  0.512186423,
Cor (2),   -0.199823744,  1.000000000,  0.547240405,
Cor (3),    0.512186423,  0.547240405,  1.000000000,
VCV (1),    0.000011892, -0.000002796,  0.000002376,
VCV (2),   -0.000002796,  0.000016461,  0.000002987,
VCV (3),    0.000002376,  0.000002987,  0.000001809,
St.dev,     0.003448445,  0.004057241,  0.001345173,
AutoCor,    0.386285787,  0.072378619,  0.424356183,

No.; 19; Score; 38.799112425637;
Markow Autoregressive (lag 1) bivariate joint 3 asset model uncond. params
uMean,     -0.004164569,  0.004907216, -0.001254767,
VCV (1),    0.000035316,  0.000003607, -0.000000044,
VCV (2),    0.000003607,  0.000010415, -0.000000027,
VCV (3),   -0.000000044, -0.000000027,  0.000001153,
Cor (1),    1.000000000,  0.188097778, -0.006900525,
Cor (2),    0.188097778,  1.000000000, -0.007711011,
Cor (3),   -0.006900525, -0.007711011,  1.000000000,
St.dev,     0.005942704,  0.003227185,  0.001073615,
Skewness,   0.263652519,  0.547003251, -0.030064480,
Kurtosis,  -0.025541624,  0.140166624,  0.317886976,
AutoCor,    0.020638850,  0.187981880,  0.088415526,
Markow Autoregressive (lag 1) bivariate joint 3 asset model cond. params
uProb.,   0.766944223,  0.233055777,
Prob (1),   0.707483232,  0.292516768,
Prob (2),   0.962619544,  0.037380456,
Mean,     -0.002996505,  0.003673994, -0.001236501,
Cor (1),    1.000000000,  0.962949568,  0.007565261,
Cor (2),    0.962949568,  1.000000000, -0.085648892,
Cor (3),    0.007565261, -0.085648892,  1.000000000,
VCV (1),    0.000036558,  0.000010243,  0.000000044,
VCV (2),    0.000010243,  0.000003095, -0.000000146,
VCV (3),    0.000000044, -0.000000146,  0.000000936,
St.dev,     0.006046285,  0.001759348,  0.000967473,
Mean,     -0.008008455,  0.008965524, -0.001314875,
Cor (1),    1.000000000,  0.109591166, -0.138475147,
Cor (2),    0.109591166,  1.000000000,  0.229087772,
Cor (3),   -0.138475147,  0.229087772,  1.000000000,
VCV (1),    0.000011475,  0.000000807, -0.000000633,
VCV (2),    0.000000807,  0.000004728,  0.000000672,
VCV (3),   -0.000000633,  0.000000672,  0.000001822,
St.dev,     0.003387430,  0.002174441,  0.001349803,
AutoCor,    0.060806603,  0.597916121,  0.088743078,

No.; 20; Score; 39.239146836287;
Markow Autoregressive (lag 1) bivariate joint 3 asset model uncond. params
uMean,      0.004704507,  0.005790375,  0.003248633,
VCV (1),    0.000026956,  0.000020950, -0.000000027,
VCV (2),    0.000020950,  0.000020511,  0.000000084,
VCV (3),   -0.000000027,  0.000000084,  0.000001087,
Cor (1),    1.000000000,  0.890961235, -0.005071957,
Cor (2),    0.890961235,  1.000000000,  0.017712637,
Cor (3),   -0.005071957,  0.017712637,  1.000000000,
St.dev,     0.005191891,  0.004528882,  0.001042462,
Skewness,  -1.956388463, -2.212387924, -0.183543869,
Kurtosis,   3.342782018,  4.420112238,  0.440765703,
AutoCor,    0.039644106,  0.025627637,  0.145785317,
Markow Autoregressive (lag 1) bivariate joint 3 asset model cond. params
uProb.,   0.893838261,  0.106161739,
Prob (1),   0.882578088,  0.117421912,
Prob (2),   0.988644288,  0.011355712,
Mean,      0.006322241,  0.007216680,  0.003314615,
Cor (1),    1.000000000,  0.606892589, -0.652091312,
Cor (2),    0.606892589,  1.000000000, -0.847662822,
Cor (3),   -0.652091312, -0.847662822,  1.000000000,
VCV (1),    0.000002324,  0.000000949, -0.000000949,
VCV (2),    0.000000949,  0.000001053, -0.000000830,
VCV (3),   -0.000000949, -0.000000830,  0.000000911,
St.dev,     0.001524622,  0.001026146,  0.000954305,
Mean,     -0.008916146, -0.006218528,  0.002693090,
Cor (1),    1.000000000, -0.088601313,  0.065392030,
Cor (2),   -0.088601313,  1.000000000,  0.262400424,
Cor (3),    0.065392030,  0.262400424,  1.000000000,
VCV (1),    0.000004582, -0.000000527,  0.000000197,
VCV (2),   -0.000000527,  0.000007715,  0.000001027,
VCV (3),    0.000000197,  0.000001027,  0.000001987,
St.dev,     0.002140558,  0.002777664,  0.001409681,
AutoCor,    0.692066611,  0.692517940,  0.154576968,

No.; 21; Score; 40.056523702187;
Markow Autoregressive (lag 1) bivariate joint 3 asset model uncond. params
uMean,      0.000664309, -0.002382448, -0.004312217,
VCV (1),    0.000018786,  0.000022526, -0.000000014,
VCV (2),    0.000022526,  0.000080542, -0.000000101,
VCV (3),   -0.000000014, -0.000000101,  0.000001140,
Cor (1),    1.000000000,  0.579113294, -0.002928393,
Cor (2),    0.579113294,  1.000000000, -0.010593028,
Cor (3),   -0.002928393, -0.010593028,  1.000000000,
St.dev,     0.004334278,  0.008974525,  0.001067559,
Skewness,   1.574393048, -0.489271479,  0.222084317,
Kurtosis,   5.936857943,  1.302977377,  0.416214246,
AutoCor,    0.036061204,  0.366430374,  0.170540575,
Markow Autoregressive (lag 1) bivariate joint 3 asset model cond. params
uProb.,   0.868499137,  0.131500863,
Prob (1),   0.861581291,  0.138418709,
Prob (2),   0.914188142,  0.085811858,
Mean,     -0.000093697, -0.001342792, -0.004413447,
Cor (1),    1.000000000,  0.862223313, -0.197489549,
Cor (2),    0.862223313,  1.000000000,  0.120986890,
Cor (3),   -0.197489549,  0.120986890,  1.000000000,
VCV (1),    0.000007476,  0.000015982, -0.000000518,
VCV (2),    0.000015982,  0.000045952,  0.000000787,
VCV (3),   -0.000000518,  0.000000787,  0.000000920,
St.dev,     0.002734307,  0.006778781,  0.000959000,
Mean,      0.005670568, -0.009248866, -0.003643641,
Cor (1),    1.000000000,  0.982852402, -0.045936347,
Cor (2),    0.982852402,  1.000000000, -0.059694135,
Cor (3),   -0.045936347, -0.059694135,  1.000000000,
VCV (1),    0.000064232,  0.000100308, -0.000000494,
VCV (2),    0.000100308,  0.000162159, -0.000001020,
VCV (3),   -0.000000494, -0.000001020,  0.000001800,
St.dev,     0.008014504,  0.012734177,  0.001341689,
AutoCor,    0.058506062,  0.407183067,  0.184628803,

No.; 22; Score; 40.769522166872;
Markow Autoregressive (lag 1) bivariate joint 3 asset model uncond. params
uMean,      0.001347449,  0.002020536,  0.004627122,
VCV (1),    0.000125212, -0.000009191,  0.000000002,
VCV (2),   -0.000009191,  0.000025717, -0.000000032,
VCV (3),    0.000000002, -0.000000032,  0.000001048,
Cor (1),    1.000000000, -0.161974474,  0.000183897,
Cor (2),   -0.161974474,  1.000000000, -0.006126490,
Cor (3),    0.000183897, -0.006126490,  1.000000000,
St.dev,     0.011189810,  0.005071158,  0.001023597,
Skewness,   0.048659017, -1.254774281,  0.139361330,
Kurtosis,   0.112003547,  4.176688294,  0.335697555,
AutoCor,    0.053565924,  0.538205007,  0.233108297,
Markow Autoregressive (lag 1) bivariate joint 3 asset model cond. params
uProb.,   0.940662133,  0.059337867,
Prob (1),   0.968607877,  0.031392123,
Prob (2),   0.497648178,  0.502351822,
Mean,      0.001565438,  0.002720858,  0.004583759,
Cor (1),    1.000000000, -0.295832412, -0.005571465,
Cor (2),   -0.295832412,  1.000000000,  0.162400597,
Cor (3),   -0.005571465,  0.162400597,  1.000000000,
VCV (1),    0.000130937, -0.000010736, -0.000000061,
VCV (2),   -0.000010736,  0.000010058,  0.000000490,
VCV (3),   -0.000000061,  0.000000490,  0.000000904,
St.dev,     0.011442788,  0.003171477,  0.000950915,
Mean,     -0.002108258, -0.009081426,  0.005314533,
Cor (1),    1.000000000, -0.727486776,  0.620779279,
Cor (2),   -0.727486776,  1.000000000, -0.123162187,
Cor (3),    0.620779279, -0.123162187,  1.000000000,
VCV (1),    0.000016288, -0.000019824,  0.000003492,
VCV (2),   -0.000019824,  0.000045589, -0.000001159,
VCV (3),    0.000003492, -0.000001159,  0.000001943,
St.dev,     0.004035780,  0.006751983,  0.001393959,
AutoCor,    0.051039575,  0.567345469,  0.226143425,

No.; 23; Score; 40.883431472788;
