Round No; 4; best result RLS; 8.6183812337526

;;;
Statistical description of data for: Meginajums1
Calib/Tail/Per/Cur, 784, 9999, 23, 0,
Title,    INDEX WITH EQUAL WEIGHTS based on market value,EQUITY LM SNP,REX BOND     ,
Mean,       0.000158634,  0.000175148,  0.000011824,
VCV (1),    0.000022943, -0.000000281, -0.000000006,
VCV (2),   -0.000000281,  0.000027803, -0.000000034,
VCV (3),   -0.000000006, -0.000000034,  0.000000099,
St.dev,     0.004789897,  0.005272874,  0.000315163,
Skewness,  -1.581739356, -0.533728382, -0.333150084,
Kurtosis,  24.552038003,  6.345066446, 26.810331499,
AutoCor,   -0.072787598,  0.126724186, -0.366572783,
No.; 1; Score; 8.6183812337526;
Markow Autoregressive (lag 1) bivariate joint 3 asset model uncond. params
uMean,     -0.004988345,  0.002072551, -0.000482050,
VCV (1),    0.000026562,  0.000012335, -0.000000095,
VCV (2),    0.000012335,  0.000088694,  0.000001437,
VCV (3),   -0.000000095,  0.000001437,  0.000010893,
Cor (1),    1.000000000,  0.254127616, -0.005590470,
Cor (2),    0.254127616,  1.000000000,  0.046228022,
Cor (3),   -0.005590470,  0.046228022,  1.000000000,
St.dev,     0.005153878,  0.009417753,  0.003300454,
Skewness,  -0.196301650, -0.004275129,  0.000118717,
Kurtosis,   0.063750496,  0.001434033,  0.005663658,
AutoCor,    0.371440214, -0.777743929, -0.993494111,
Markow Autoregressive (lag 1) bivariate joint 3 asset model cond. params
uProb.,   0.736033566,  0.263966434,
Prob (1),   0.750559338,  0.249440662,
Prob (2),   0.695530480,  0.304469520,
Mean,     -0.005870747,  0.002578567, -0.000493259,
Cor (1),    1.000000000,  0.819418945, -0.198090820,
Cor (2),    0.819418945,  1.000000000,  0.665163574,
Cor (3),   -0.198090820,  0.665163574,  1.000000000,
VCV (1),    0.000024565,  0.000023389, -0.000000307,
VCV (2),    0.000023389,  0.000033166,  0.000001197,
VCV (3),   -0.000000307,  0.000001197,  0.000000098,
St.dev,     0.004956336,  0.005758970,  0.000312353,
Mean,     -0.002527889,  0.000661595, -0.000450797,
Cor (1),    1.000000000,  0.130363769,  0.133369141,
Cor (2),    0.130363769,  1.000000000, -0.696184979,
Cor (3),    0.133369141, -0.696184979,  1.000000000,
VCV (1),    0.000009151,  0.000002356,  0.000000206,
VCV (2),    0.000002356,  0.000035695, -0.000002122,
VCV (3),    0.000000206, -0.000002122,  0.000000260,
St.dev,     0.003025076,  0.005974516,  0.000510272,
AutoCor,    0.399604493, -0.784501953, -0.993527832,

No.; 2; Score; 9.9282016901533;
Markow Autoregressive (lag 1) bivariate joint 3 asset model uncond. params
uMean,      0.000163589,  0.000173023,  0.000030558,
VCV (1),    0.000032466,  0.000003796, -0.000000186,
VCV (2),    0.000003796,  0.000030800,  0.000000046,
VCV (3),   -0.000000186,  0.000000046,  0.000000051,
Cor (1),    1.000000000,  0.120052690, -0.143621604,
Cor (2),    0.120052690,  1.000000000,  0.036850957,
Cor (3),   -0.143621604,  0.036850957,  1.000000000,
St.dev,     0.005697879,  0.005549771,  0.000226758,
Skewness,  -0.486238942,  0.075092298,  0.257706020,
Kurtosis,   0.556989978, -0.051936391,  0.011276214,
AutoCor,    0.240333312,  0.188529399, -0.240484869,
Markow Autoregressive (lag 1) bivariate joint 3 asset model cond. params
uProb.,   0.617558171,  0.382441829,
Prob (1),   0.556166792,  0.443833208,
Prob (2),   0.716691542,  0.283308458,
Mean,      0.001974099,  0.001844946, -0.000062185,
Cor (1),    1.000000000,  0.476047971, -0.016121520,
Cor (2),    0.476047971,  1.000000000,  0.638957534,
Cor (3),   -0.016121520,  0.638957534,  1.000000000,
VCV (1),    0.000014678,  0.000009449, -0.000000011,
VCV (2),    0.000009449,  0.000026842,  0.000000572,
VCV (3),   -0.000000011,  0.000000572,  0.000000030,
St.dev,     0.003831177,  0.005180957,  0.000172654,
Mean,     -0.002759979, -0.002526759,  0.000180317,
Cor (1),    1.000000000, -0.613930662,  0.198430294,
Cor (2),   -0.613930662,  1.000000000, -0.099714522,
Cor (3),    0.198430294, -0.099714522,  1.000000000,
VCV (1),    0.000040145, -0.000017887,  0.000000260,
VCV (2),   -0.000017887,  0.000021145, -0.000000095,
VCV (3),    0.000000260, -0.000000095,  0.000000043,
St.dev,     0.006336012,  0.004598338,  0.000206976,
AutoCor,    0.318419187,  0.248468637, -0.270076308,

No.; 3; Score; 13.864653460742;
Markow Autoregressive (lag 1) bivariate joint 3 asset model uncond. params
uMean,      0.000162846,  0.000158803, -0.000002515,
VCV (1),    0.000045076, -0.000006647, -0.000002093,
VCV (2),   -0.000006647,  0.000044244,  0.000001239,
VCV (3),   -0.000002093,  0.000001239,  0.000000558,
Cor (1),    1.000000000, -0.148845431, -0.417147864,
Cor (2),   -0.148845431,  1.000000000,  0.249192428,
Cor (3),   -0.417147864,  0.249192428,  1.000000000,
St.dev,     0.006713876,  0.006651619,  0.000747291,
Skewness,  -0.042676109, -0.014733972, -0.096469909,
Kurtosis,  -0.544354398, -0.157559806,  0.042929529,
AutoCor,   -0.017170432,  0.042392254, -0.622277716,
Markow Autoregressive (lag 1) bivariate joint 3 asset model cond. params
uProb.,   0.388009109,  0.611990891,
Prob (1),   0.533402671,  0.466597329,
Prob (2),   0.295827955,  0.704172045,
Mean,     -0.005878925,  0.004479154,  0.000229486,
Cor (1),    1.000000000,  0.426462923, -0.089088682,
Cor (2),    0.426462923,  1.000000000,  0.643081704,
Cor (3),   -0.089088682,  0.643081704,  1.000000000,
VCV (1),    0.000016874,  0.000009528, -0.000000162,
VCV (2),    0.000009528,  0.000029579,  0.000001548,
VCV (3),   -0.000000162,  0.000001548,  0.000000196,
St.dev,     0.004107853,  0.005438629,  0.000442735,
Mean,      0.003993397, -0.002580348, -0.000149607,
Cor (1),    1.000000000,  0.363272335, -0.541115019,
Cor (2),    0.363272335,  1.000000000, -0.004545269,
Cor (3),   -0.541115019, -0.004545269,  1.000000000,
VCV (1),    0.000022209,  0.000010006, -0.000001483,
VCV (2),    0.000010006,  0.000034161, -0.000000015,
VCV (3),   -0.000001483, -0.000000015,  0.000000338,
St.dev,     0.004712636,  0.005844726,  0.000581683,
AutoCor,   -0.285975202, -0.028876254, -0.678241511,

No.; 4; Score; 14.679954588595;
Markow Autoregressive (lag 1) bivariate joint 3 asset model uncond. params
uMean,      0.000124869,  0.000207055,  0.000046362,
VCV (1),    0.000009554, -0.000002683, -0.000000851,
VCV (2),   -0.000002683,  0.000045185,  0.000000474,
VCV (3),   -0.000000851,  0.000000474,  0.000000220,
Cor (1),    1.000000000, -0.129118038, -0.586516004,
Cor (2),   -0.129118038,  1.000000000,  0.150161236,
Cor (3),   -0.586516004,  0.150161236,  1.000000000,
St.dev,     0.003091033,  0.006722001,  0.000469469,
Skewness,   0.191215923, -0.123598662, -0.035015790,
Kurtosis,   0.096162560,  0.147850001,  0.101863121,
AutoCor,   -0.245706709, -0.032972068, -0.113540211,
Markow Autoregressive (lag 1) bivariate joint 3 asset model cond. params
uProb.,   0.392223989,  0.607776011,
Prob (1),   0.085834238,  0.914165762,
Prob (2),   0.589950467,  0.410049533,
Mean,      0.001523074,  0.001686939,  0.000009107,
Cor (1),    1.000000000, -0.356493957, -0.708455981,
Cor (2),   -0.356493957,  1.000000000,  0.595773033,
Cor (3),   -0.708455981,  0.595773033,  1.000000000,
VCV (1),    0.000009834, -0.000006163, -0.000001148,
VCV (2),   -0.000006163,  0.000030394,  0.000001698,
VCV (3),   -0.000001148,  0.000001698,  0.000000267,
St.dev,     0.003136000,  0.005513088,  0.000516857,
Mean,     -0.000777453, -0.000747977,  0.000070403,
Cor (1),    1.000000000, -0.139115749, -0.515041738,
Cor (2),   -0.139115749,  1.000000000, -0.083371939,
Cor (3),   -0.515041738, -0.083371939,  1.000000000,
VCV (1),    0.000006717, -0.000002609, -0.000000573,
VCV (2),   -0.000002609,  0.000052383, -0.000000259,
VCV (3),   -0.000000573, -0.000000259,  0.000000184,
St.dev,     0.002591666,  0.007237577,  0.000429230,
AutoCor,   -0.206393656, -0.017759462, -0.111946532,

No.; 5; Score; 17.908948758107;
Markow Autoregressive (lag 1) bivariate joint 3 asset model uncond. params
uMean,      0.000190748,  0.000137189,  0.000031982,
VCV (1),    0.000023964,  0.000024239, -0.000000127,
VCV (2),    0.000024239,  0.000050384,  0.000002207,
VCV (3),   -0.000000127,  0.000002207,  0.000000228,
Cor (1),    1.000000000,  0.697558652, -0.054234366,
Cor (2),    0.697558652,  1.000000000,  0.651121999,
Cor (3),   -0.054234366,  0.651121999,  1.000000000,
St.dev,     0.004895349,  0.007098159,  0.000477558,
Skewness,   0.403198220,  0.425702235,  0.945022879,
Kurtosis,   0.306436514,  1.164160219,  0.610446288,
AutoCor,   -0.487221812,  0.151384280, -0.106744939,
Markow Autoregressive (lag 1) bivariate joint 3 asset model cond. params
uProb.,   0.571608482,  0.428391518,
Prob (1),   0.365703468,  0.634296532,
Prob (2),   0.846350270,  0.153649730,
Mean,     -0.001621439, -0.001282942, -0.000233128,
Cor (1),    1.000000000,  0.949740746, -0.610902074,
Cor (2),    0.949740746,  1.000000000,  0.846122975,
Cor (3),   -0.610902074,  0.846122975,  1.000000000,
VCV (1),    0.000008045,  0.000011748, -0.000000350,
VCV (2),    0.000011748,  0.000019021,  0.000000746,
VCV (3),   -0.000000350,  0.000000746,  0.000000041,
St.dev,     0.002836317,  0.004361295,  0.000202250,
Mean,      0.002608773,  0.002032090,  0.000385721,
Cor (1),    1.000000000,  0.840100117, -0.593617024,
Cor (2),    0.840100117,  1.000000000,  0.631622176,
Cor (3),   -0.593617024,  0.631622176,  1.000000000,
VCV (1),    0.000024061,  0.000037328, -0.000001460,
VCV (2),    0.000037328,  0.000082055,  0.000002869,
VCV (3),   -0.000001460,  0.000002869,  0.000000251,
St.dev,     0.004905170,  0.009058434,  0.000501404,
AutoCor,   -0.488693079,  0.187045811,  0.154379572,

No.; 6; Score; 19.846269696199;
Markow Autoregressive (lag 1) bivariate joint 3 asset model uncond. params
uMean,      0.000223618,  0.000139860,  0.000036829,
VCV (1),    0.000033621, -0.000001857, -0.000001088,
VCV (2),   -0.000001857,  0.000040794, -0.000001564,
VCV (3),   -0.000001088, -0.000001564,  0.000000226,
Cor (1),    1.000000000, -0.050137430, -0.394566893,
Cor (2),   -0.050137430,  1.000000000, -0.514858320,
Cor (3),   -0.394566893, -0.514858320,  1.000000000,
St.dev,     0.005798381,  0.006387046,  0.000475479,
Skewness,  -0.467715732,  0.236050733, -1.078089290,
Kurtosis,  -0.315402481,  0.203379579,  1.942456257,
AutoCor,    0.087675341, -0.082900970,  0.185787083,
Markow Autoregressive (lag 1) bivariate joint 3 asset model cond. params
uProb.,   0.640182934,  0.359817066,
Prob (1),   0.855388569,  0.144611431,
Prob (2),   0.257291216,  0.742708784,
Mean,     -0.002400783, -0.001446467,  0.000209136,
Cor (1),    1.000000000, -0.524177897, -0.147691952,
Cor (2),   -0.524177897,  1.000000000, -0.283030983,
Cor (3),   -0.147691952, -0.283030983,  1.000000000,
VCV (1),    0.000028558, -0.000015034, -0.000000184,
VCV (2),   -0.000015034,  0.000028806, -0.000000355,
VCV (3),   -0.000000184, -0.000000355,  0.000000055,
St.dev,     0.005343975,  0.005367106,  0.000233642,
Mean,      0.004892925,  0.002962238, -0.000269736,
Cor (1),    1.000000000,  0.111622999, -0.307500052,
Cor (2),    0.111622999,  1.000000000, -0.564925231,
Cor (3),   -0.307500052, -0.564925231,  1.000000000,
VCV (1),    0.000006076,  0.000001884, -0.000000469,
VCV (2),    0.000001884,  0.000046871, -0.000002392,
VCV (3),   -0.000000469, -0.000002392,  0.000000383,
St.dev,     0.002464965,  0.006846253,  0.000618589,
AutoCor,   -0.205054296, -0.166855145,  0.060080407,

No.; 7; Score; 23.474471057982;
Markow Autoregressive (lag 1) bivariate joint 3 asset model uncond. params
uMean,      0.000197507,  0.000135740,  0.000019295,
VCV (1),    0.000022327,  0.000013775, -0.000000252,
VCV (2),    0.000013775,  0.000052242, -0.000001032,
VCV (3),   -0.000000252, -0.000001032,  0.000000129,
Cor (1),    1.000000000,  0.403321768, -0.148481678,
Cor (2),    0.403321768,  1.000000000, -0.397398020,
Cor (3),   -0.148481678, -0.397398020,  1.000000000,
St.dev,     0.004725195,  0.007227897,  0.000359222,
Skewness,   0.015485964,  1.142159027, -1.230157067,
Kurtosis,  -0.028655483,  1.451831343,  5.056245717,
AutoCor,    0.301573475,  0.180755143,  0.156892499,
Markow Autoregressive (lag 1) bivariate joint 3 asset model cond. params
uProb.,   0.772266326,  0.227733674,
Prob (1),   0.834995607,  0.165004393,
Prob (2),   0.559545429,  0.440454571,
Mean,     -0.000656466, -0.002667604,  0.000085547,
Cor (1),    1.000000000,  0.210400239, -0.365214456,
Cor (2),    0.210400239,  1.000000000,  0.982467324,
Cor (3),   -0.365214456,  0.982467324,  1.000000000,
VCV (1),    0.000018393,  0.000003674, -0.000000277,
VCV (2),    0.000003674,  0.000016578,  0.000000707,
VCV (3),   -0.000000277,  0.000000707,  0.000000031,
St.dev,     0.004288672,  0.004071566,  0.000176676,
Mean,      0.003093408,  0.009642142, -0.000205374,
Cor (1),    1.000000000,  0.386415581,  0.270156119,
Cor (2),    0.386415581,  1.000000000, -0.896204765,
Cor (3),    0.270156119, -0.896204765,  1.000000000,
VCV (1),    0.000016710,  0.000011758,  0.000000686,
VCV (2),    0.000011758,  0.000055406, -0.000004141,
VCV (3),    0.000000686, -0.000004141,  0.000000385,
St.dev,     0.004087830,  0.007443491,  0.000620797,
AutoCor,    0.304827327,  0.082149406,  0.141433570,

No.; 8; Score; 36.593290885421;
Markow Autoregressive (lag 1) bivariate joint 3 asset model uncond. params
uMean,      0.000169081,  0.000247769, -0.000413568,
VCV (1),    0.000056569, -0.000012887, -0.000002137,
VCV (2),   -0.000012887,  0.000078130, -0.000001324,
VCV (3),   -0.000002137, -0.000001324,  0.000000231,
Cor (1),    1.000000000, -0.193843666, -0.591624459,
Cor (2),   -0.193843666,  1.000000000, -0.311820513,
Cor (3),   -0.591624459, -0.311820513,  1.000000000,
St.dev,     0.007521245,  0.008839110,  0.000480233,
Skewness,  -0.115768574, -0.931554068,  0.154123885,
Kurtosis,   0.431172667,  0.391112572,  0.038441337,
AutoCor,   -0.566901341,  0.417444123, -0.318027298,
Markow Autoregressive (lag 1) bivariate joint 3 asset model cond. params
uProb.,   0.372815637,  0.627184363,
Prob (1),   0.578532416,  0.421467584,
Prob (2),   0.250531925,  0.749468075,
Mean,      0.001205818, -0.008206077, -0.000164929,
Cor (1),    1.000000000, -0.842548735, -0.981117317,
Cor (2),   -0.842548735,  1.000000000, -0.447277832,
Cor (3),   -0.981117317, -0.447277832,  1.000000000,
VCV (1),    0.000013440, -0.000023094, -0.000001545,
VCV (2),   -0.000023094,  0.000055897, -0.000001436,
VCV (3),   -0.000001545, -0.000001436,  0.000000184,
St.dev,     0.003666106,  0.007476404,  0.000429512,
Mean,     -0.000447184,  0.005272967, -0.000561366,
Cor (1),    1.000000000, -0.109128418, -0.673518142,
Cor (2),   -0.109128418,  1.000000000,  0.670348459,
Cor (3),   -0.673518142,  0.670348459,  1.000000000,
VCV (1),    0.000051485, -0.000002215, -0.000001805,
VCV (2),   -0.000002215,  0.000008003,  0.000000708,
VCV (3),   -0.000001805,  0.000000708,  0.000000139,
St.dev,     0.007175313,  0.002828895,  0.000373474,
AutoCor,   -0.577124023,  0.524036590, -0.440480003,

No.; 9; Score; 37.670890606962;
Markow Autoregressive (lag 1) bivariate joint 3 asset model uncond. params
uMean,      0.000114578,  0.000088862,  0.000042767,
VCV (1),    0.000031225, -0.000028601, -0.000000155,
VCV (2),   -0.000028601,  0.000071651, -0.000002519,
VCV (3),   -0.000000155, -0.000002519,  0.000000259,
Cor (1),    1.000000000, -0.604673495, -0.054600238,
Cor (2),   -0.604673495,  1.000000000, -0.584518118,
Cor (3),   -0.054600238, -0.584518118,  1.000000000,
St.dev,     0.005587966,  0.008464693,  0.000509118,
Skewness,   0.059513952, -0.086877438, -0.133212808,
Kurtosis,  -0.676965174, -0.423143924, -0.088182946,
AutoCor,   -0.239360016, -0.113498375,  0.373696450,
Markow Autoregressive (lag 1) bivariate joint 3 asset model cond. params
uProb.,   0.275896141,  0.724103859,
Prob (1),   0.082228857,  0.917771143,
Prob (2),   0.349686738,  0.650313262,
Mean,      0.006676113, -0.008956710,  0.000364774,
Cor (1),    1.000000000,  0.964350870, -0.715665425,
Cor (2),    0.964350870,  1.000000000,  0.033894187,
Cor (3),   -0.715665425,  0.033894187,  1.000000000,
VCV (1),    0.000006593,  0.000013262, -0.000000562,
VCV (2),    0.000013262,  0.000028688,  0.000000056,
VCV (3),   -0.000000562,  0.000000056,  0.000000094,
St.dev,     0.002567626,  0.005356123,  0.000305916,
Mean,     -0.002385480,  0.003535382, -0.000079923,
Cor (1),    1.000000000, -0.481160191, -0.683269623,
Cor (2),   -0.481160191,  1.000000000, -0.662404790,
Cor (3),   -0.683269623, -0.662404790,  1.000000000,
VCV (1),    0.000017069, -0.000013330, -0.000001247,
VCV (2),   -0.000013330,  0.000044965, -0.000001962,
VCV (3),   -0.000001247, -0.000001962,  0.000000195,
St.dev,     0.004131412,  0.006705593,  0.000441810,
AutoCor,   -0.208260962,  0.005087641,  0.488994054,

