Round No; 3; best result RLS; 7.3165301194662

;;;
Statistical description of data for: Meginajums1
Calib/Tail/Per/Cur, 784, 9999, 23, 0,
Title,    INDEX WITH EQUAL WEIGHTS based on market value,EQUITY LM SNP,REX BOND     ,
Mean,       0.000158634,  0.000175148,  0.000011824,
VCV (1),    0.000022943, -0.000000281, -0.000000006,
VCV (2),   -0.000000281,  0.000027803, -0.000000034,
VCV (3),   -0.000000006, -0.000000034,  0.000000099,
St.dev,     0.004789897,  0.005272874,  0.000315163,
Skewness,  -1.581739356, -0.533728382, -0.333150084,
Kurtosis,  24.552038003,  6.345066446, 26.810331499,
AutoCor,   -0.072787598,  0.126724186, -0.366572783,
No.; 1; Score; 7.3165301194662;
Markow Autoregressive (lag 1) bivariate joint 3 asset model uncond. params
uMean,     -0.006113153,  0.000630201, -0.000277467,
VCV (1),    0.000059697, -0.000003452,  0.000000764,
VCV (2),   -0.000003452,  0.000059816, -0.000001113,
VCV (3),    0.000000764, -0.000001113,  0.000000201,
Cor (1),    1.000000000, -0.057760549,  0.220238533,
Cor (2),   -0.057760549,  1.000000000, -0.320543810,
Cor (3),    0.220238533, -0.320543810,  1.000000000,
St.dev,     0.007726380,  0.007734096,  0.000448753,
Skewness,  -0.074609390, -0.030971717,  0.071476706,
Kurtosis,   0.222705304, -0.058676186, -0.011517438,
AutoCor,   -0.745822736, -0.575321754, -0.035191331,
Markow Autoregressive (lag 1) bivariate joint 3 asset model cond. params
uProb.,   0.384233974,  0.615766026,
Prob (1),   0.395609849,  0.604390151,
Prob (2),   0.377135502,  0.622864498,
Mean,     -0.007209603,  0.004546917, -0.000447058,
Cor (1),    1.000000000,  0.581945801,  0.828801269,
Cor (2),    0.581945801,  1.000000000, -0.129448242,
Cor (3),    0.828801269, -0.129448242,  1.000000000,
VCV (1),    0.000041737,  0.000017868,  0.000002136,
VCV (2),    0.000017868,  0.000022587, -0.000000245,
VCV (3),    0.000002136, -0.000000245,  0.000000159,
St.dev,     0.006460410,  0.004752570,  0.000398976,
Mean,     -0.005428975, -0.001813804, -0.000171644,
Cor (1),    1.000000000, -0.564371850, -0.181632512,
Cor (2),   -0.564371850,  1.000000000, -0.397084961,
Cor (3),   -0.181632512, -0.397084961,  1.000000000,
VCV (1),    0.000015038, -0.000011751, -0.000000313,
VCV (2),   -0.000011751,  0.000028828, -0.000000949,
VCV (3),   -0.000000313, -0.000000949,  0.000000198,
St.dev,     0.003877908,  0.005369163,  0.000445059,
AutoCor,   -0.755549316, -0.688452149, -0.040441895,

No.; 2; Score; 10.755570046861;
Markow Autoregressive (lag 1) bivariate joint 3 asset model uncond. params
uMean,      0.000178255,  0.000197534, -0.000010965,
VCV (1),    0.000013977, -0.000000920, -0.000000717,
VCV (2),   -0.000000920,  0.000042663, -0.000000183,
VCV (3),   -0.000000717, -0.000000183,  0.000000273,
Cor (1),    1.000000000, -0.037669844, -0.366918338,
Cor (2),   -0.037669844,  1.000000000, -0.053670272,
Cor (3),   -0.366918338, -0.053670272,  1.000000000,
St.dev,     0.003738529,  0.006531716,  0.000522526,
Skewness,  -0.171183528,  0.003718161, -0.165879125,
Kurtosis,  -0.185396337, -0.000337289, -0.029799979,
AutoCor,   -0.333958624,  0.191120685, -0.280765804,
Markow Autoregressive (lag 1) bivariate joint 3 asset model cond. params
uProb.,   0.525301031,  0.474698969,
Prob (1),   0.233837096,  0.766162904,
Prob (2),   0.847834501,  0.152165499,
Mean,      0.002241166,  0.000996822, -0.000225232,
Cor (1),    1.000000000, -0.882536013, -0.606300030,
Cor (2),   -0.882536013,  1.000000000,  0.398054098,
Cor (3),   -0.606300030,  0.398054098,  1.000000000,
VCV (1),    0.000007746, -0.000015655, -0.000000842,
VCV (2),   -0.000015655,  0.000040622,  0.000001265,
VCV (3),   -0.000000842,  0.000001265,  0.000000249,
St.dev,     0.002783169,  0.006373564,  0.000498724,
Mean,     -0.002104560, -0.000686956,  0.000226142,
Cor (1),    1.000000000,  0.561177147,  0.353315082,
Cor (2),    0.561177147,  1.000000000, -0.528278826,
Cor (3),    0.353315082, -0.528278826,  1.000000000,
VCV (1),    0.000010234,  0.000011316,  0.000000471,
VCV (2),    0.000011316,  0.000039730, -0.000001386,
VCV (3),    0.000000471, -0.000001386,  0.000000173,
St.dev,     0.003199024,  0.006303137,  0.000416310,
AutoCor,   -0.191655804,  0.204686875, -0.204585049,

No.; 3; Score; 13.416475709599;
Markow Autoregressive (lag 1) bivariate joint 3 asset model uncond. params
uMean,      0.000151885,  0.000200774,  0.000042912,
VCV (1),    0.000043262,  0.000013829, -0.000000444,
VCV (2),    0.000013829,  0.000050536,  0.000000468,
VCV (3),   -0.000000444,  0.000000468,  0.000000229,
Cor (1),    1.000000000,  0.295766200, -0.140862680,
Cor (2),    0.295766200,  1.000000000,  0.137603122,
Cor (3),   -0.140862680,  0.137603122,  1.000000000,
St.dev,     0.006577420,  0.007108888,  0.000478807,
Skewness,  -0.029971542,  0.363586611,  0.089277564,
Kurtosis,  -0.080262725,  0.413759455, -0.947416163,
AutoCor,   -0.139207327,  0.027252044, -0.244415812,
Markow Autoregressive (lag 1) bivariate joint 3 asset model cond. params
uProb.,   0.612592928,  0.387407072,
Prob (1),   0.468611697,  0.531388303,
Prob (2),   0.840265292,  0.159734708,
Mean,      0.002520489,  0.001883628, -0.000271556,
Cor (1),    1.000000000, -0.031095858,  0.395105511,
Cor (2),   -0.031095858,  1.000000000,  0.881670791,
Cor (3),    0.395105511,  0.881670791,  1.000000000,
VCV (1),    0.000034504, -0.000001447,  0.000000678,
VCV (2),   -0.000001447,  0.000062796,  0.000002042,
VCV (3),    0.000000678,  0.000002042,  0.000000085,
St.dev,     0.005874002,  0.007924367,  0.000292265,
Mean,     -0.003593503, -0.002460263,  0.000540170,
Cor (1),    1.000000000,  0.861158446,  0.619634774,
Cor (2),    0.861158446,  1.000000000,  0.133172563,
Cor (3),    0.619634774,  0.133172563,  1.000000000,
VCV (1),    0.000033655,  0.000021818,  0.000000827,
VCV (2),    0.000021818,  0.000019073,  0.000000134,
VCV (3),    0.000000827,  0.000000134,  0.000000053,
St.dev,     0.005801318,  0.004367310,  0.000230017,
AutoCor,   -0.079246792,  0.066036787,  0.028573578,

No.; 4; Score; 14.318357079737;
Markow Autoregressive (lag 1) bivariate joint 3 asset model uncond. params
uMean,      0.000115991,  0.000180396,  0.000019783,
VCV (1),    0.000034671,  0.000010153, -0.000001622,
VCV (2),    0.000010153,  0.000043580,  0.000000806,
VCV (3),   -0.000001622,  0.000000806,  0.000000266,
Cor (1),    1.000000000,  0.261186391, -0.534470738,
Cor (2),    0.261186391,  1.000000000,  0.237037096,
Cor (3),   -0.534470738,  0.237037096,  1.000000000,
St.dev,     0.005888205,  0.006601545,  0.000515346,
Skewness,   0.275208766,  0.160068771, -0.065155953,
Kurtosis,  -0.374433967, -0.036137461, -0.001477871,
AutoCor,   -0.146579705,  0.428799164, -0.617270583,
Markow Autoregressive (lag 1) bivariate joint 3 asset model cond. params
uProb.,   0.804385669,  0.195614331,
Prob (1),   0.767839419,  0.232160581,
Prob (2),   0.954667502,  0.045332498,
Mean,     -0.001892140,  0.001188342,  0.000111469,
Cor (1),    1.000000000,  0.953378016, -0.753648532,
Cor (2),    0.953378016,  1.000000000,  0.261619248,
Cor (3),   -0.753648532,  0.261619248,  1.000000000,
VCV (1),    0.000019791,  0.000025005, -0.000001183,
VCV (2),    0.000025005,  0.000034759,  0.000000544,
VCV (3),   -0.000001183,  0.000000544,  0.000000125,
St.dev,     0.004448658,  0.005895649,  0.000352950,
Mean,      0.008373628, -0.003964381, -0.000357239,
Cor (1),    1.000000000, -0.337266129,  0.709403170,
Cor (2),   -0.337266129,  1.000000000,  0.638499676,
Cor (3),    0.709403170,  0.638499676,  1.000000000,
VCV (1),    0.000009977, -0.000003254,  0.000000776,
VCV (2),   -0.000003254,  0.000009329,  0.000000675,
VCV (3),    0.000000776,  0.000000675,  0.000000120,
St.dev,     0.003158676,  0.003054296,  0.000346306,
AutoCor,   -0.109682569,  0.494071750, -0.681679528,

No.; 5; Score; 15.609235973023;
Markow Autoregressive (lag 1) bivariate joint 3 asset model uncond. params
uMean,      0.000099764,  0.000200430,  0.000003873,
VCV (1),    0.000031415,  0.000021145,  0.000000661,
VCV (2),    0.000021145,  0.000039735, -0.000000541,
VCV (3),    0.000000661, -0.000000541,  0.000000166,
Cor (1),    1.000000000,  0.598492564,  0.289536599,
Cor (2),    0.598492564,  1.000000000, -0.210931962,
Cor (3),    0.289536599, -0.210931962,  1.000000000,
St.dev,     0.005604946,  0.006303539,  0.000407055,
Skewness,   0.044026277,  0.032343447,  0.172244520,
Kurtosis,  -0.340828409,  0.914870068,  1.169475324,
AutoCor,    0.074463063,  0.095389440,  0.112308657,
Markow Autoregressive (lag 1) bivariate joint 3 asset model cond. params
uProb.,   0.566149891,  0.433850109,
Prob (1),   0.488058082,  0.511941918,
Prob (2),   0.668055292,  0.331944708,
Mean,      0.003214521,  0.000308150,  0.000036563,
Cor (1),    1.000000000,  0.952910339,  0.300814920,
Cor (2),    0.952910339,  1.000000000, -0.268501453,
Cor (3),    0.300814920, -0.268501453,  1.000000000,
VCV (1),    0.000019258,  0.000032011,  0.000000664,
VCV (2),    0.000032011,  0.000058600, -0.000001034,
VCV (3),    0.000000664, -0.000001034,  0.000000253,
St.dev,     0.004388364,  0.007655063,  0.000503225,
Mean,     -0.003964816,  0.000059861, -0.000038785,
Cor (1),    1.000000000,  0.325551370,  0.385098633,
Cor (2),    0.325551370,  1.000000000,  0.134320648,
Cor (3),    0.385098633,  0.134320648,  1.000000000,
VCV (1),    0.000015479,  0.000004834,  0.000000315,
VCV (2),    0.000004834,  0.000014247,  0.000000105,
VCV (3),    0.000000315,  0.000000105,  0.000000043,
St.dev,     0.003934276,  0.003774461,  0.000207971,
AutoCor,    0.246229077,  0.095494425,  0.114789633,

No.; 6; Score; 16.643313997154;
Markow Autoregressive (lag 1) bivariate joint 3 asset model uncond. params
uMean,      0.000195197,  0.000152717,  0.000034896,
VCV (1),    0.000023908,  0.000015478, -0.000000443,
VCV (2),    0.000015478,  0.000044833, -0.000001540,
VCV (3),   -0.000000443, -0.000001540,  0.000000211,
Cor (1),    1.000000000,  0.472766549, -0.197017002,
Cor (2),    0.472766549,  1.000000000, -0.499992543,
Cor (3),   -0.197017002, -0.499992543,  1.000000000,
St.dev,     0.004889537,  0.006695764,  0.000459859,
Skewness,   0.084903509,  0.468015377,  0.383758614,
Kurtosis,  -0.261714717, -0.827236593, -0.565631604,
AutoCor,    0.209761346, -0.273781496, -0.256901204,
Markow Autoregressive (lag 1) bivariate joint 3 asset model cond. params
uProb.,   0.444469600,  0.555530400,
Prob (1),   0.242117269,  0.757882731,
Prob (2),   0.606367957,  0.393632043,
Mean,      0.003536115,  0.006494079, -0.000339951,
Cor (1),    1.000000000,  0.295578450,  0.063303816,
Cor (2),    0.295578450,  1.000000000,  0.218271053,
Cor (3),    0.063303816,  0.218271053,  1.000000000,
VCV (1),    0.000010962,  0.000004287,  0.000000045,
VCV (2),    0.000004287,  0.000019191,  0.000000205,
VCV (3),    0.000000045,  0.000000205,  0.000000046,
St.dev,     0.003310891,  0.004380707,  0.000214625,
Mean,     -0.002477809, -0.004920889,  0.000334804,
Cor (1),    1.000000000, -0.715696625,  0.890287591,
Cor (2),   -0.715696625,  1.000000000,  0.479028149,
Cor (3),    0.890287591,  0.479028149,  1.000000000,
VCV (1),    0.000009974, -0.000006145,  0.000001045,
VCV (2),   -0.000006145,  0.000007391,  0.000000484,
VCV (3),    0.000001045,  0.000000484,  0.000000138,
St.dev,     0.003158216,  0.002718562,  0.000371741,
AutoCor,    0.552019613, -0.043861238, -0.135062273,

No.; 7; Score; 21.294705582895;
Markow Autoregressive (lag 1) bivariate joint 3 asset model uncond. params
uMean,      0.000130549,  0.000109872,  0.000043308,
VCV (1),    0.000026547,  0.000018040,  0.000000051,
VCV (2),    0.000018040,  0.000065644,  0.000001111,
VCV (3),    0.000000051,  0.000001111,  0.000000650,
Cor (1),    1.000000000,  0.432150132,  0.012355553,
Cor (2),    0.432150132,  1.000000000,  0.170108217,
Cor (3),    0.012355553,  0.170108217,  1.000000000,
St.dev,     0.005152352,  0.008102114,  0.000806321,
Skewness,  -0.095799575, -0.559864907, -0.261587312,
Kurtosis,   0.112230500,  0.548837486,  0.146999641,
AutoCor,   -0.385650126, -0.143370673, -0.611265215,
Markow Autoregressive (lag 1) bivariate joint 3 asset model cond. params
uProb.,   0.602640862,  0.397359138,
Prob (1),   0.794978715,  0.205021285,
Prob (2),   0.310938373,  0.689061627,
Mean,     -0.000538917, -0.002410344, -0.000211186,
Cor (1),    1.000000000,  0.333501464, -0.317851136,
Cor (2),    0.333501464,  1.000000000,  0.054936819,
Cor (3),   -0.317851136,  0.054936819,  1.000000000,
VCV (1),    0.000025576,  0.000014963, -0.000000854,
VCV (2),    0.000014963,  0.000078710,  0.000000259,
VCV (3),   -0.000000854,  0.000000259,  0.000000282,
St.dev,     0.005057249,  0.008871872,  0.000531051,
Mean,      0.001145870,  0.003932070,  0.000429278,
Cor (1),    1.000000000,  0.876370711,  0.994332823,
Cor (2),    0.876370711,  1.000000000, -0.132858370,
Cor (3),    0.994332823, -0.132858370,  1.000000000,
VCV (1),    0.000015446,  0.000012268,  0.000000945,
VCV (2),    0.000012268,  0.000012687, -0.000000114,
VCV (3),    0.000000945, -0.000000114,  0.000000058,
St.dev,     0.003930088,  0.003561827,  0.000241864,
AutoCor,   -0.408503477, -0.251271774, -0.806198147,

No.; 8; Score; 21.52831883972;
Markow Autoregressive (lag 1) bivariate joint 3 asset model uncond. params
uMean,      0.000126322,  0.000245993, -0.000010959,
VCV (1),    0.000033040,  0.000011927,  0.000001847,
VCV (2),    0.000011927,  0.000030907,  0.000000381,
VCV (3),    0.000001847,  0.000000381,  0.000000332,
Cor (1),    1.000000000,  0.373242158,  0.557221486,
Cor (2),    0.373242158,  1.000000000,  0.118893042,
Cor (3),    0.557221486,  0.118893042,  1.000000000,
St.dev,     0.005748064,  0.005559408,  0.000576546,
Skewness,   0.144951494,  0.115160226, -0.129621435,
Kurtosis,   0.137162987,  0.011254647,  0.125190015,
AutoCor,   -0.558961689,  0.347618181, -0.763276298,
Markow Autoregressive (lag 1) bivariate joint 3 asset model cond. params
uProb.,   0.497434616,  0.502565384,
Prob (1),   0.540069764,  0.459930236,
Prob (2),   0.455234737,  0.544765263,
Mean,      0.001494262, -0.001659620,  0.000152054,
Cor (1),    1.000000000,  0.813386444,  0.918553587,
Cor (2),    0.813386444,  1.000000000,  0.744036868,
Cor (3),    0.918553587,  0.744036868,  1.000000000,
VCV (1),    0.000026631,  0.000018705,  0.000000991,
VCV (2),    0.000018705,  0.000019857,  0.000000693,
VCV (3),    0.000000991,  0.000000693,  0.000000044,
St.dev,     0.005160541,  0.004456138,  0.000209118,
Mean,     -0.001227652,  0.002132151, -0.000172307,
Cor (1),    1.000000000,  0.889285207,  0.463448546,
Cor (2),    0.889285207,  1.000000000,  0.579652166,
Cor (3),    0.463448546,  0.579652166,  1.000000000,
VCV (1),    0.000013566,  0.000016942,  0.000000639,
VCV (2),    0.000016942,  0.000026753,  0.000001122,
VCV (3),    0.000000639,  0.000001122,  0.000000140,
St.dev,     0.003683218,  0.005172369,  0.000374113,
AutoCor,   -0.597194611,  0.382199794, -0.836150108,

No.; 9; Score; 23.669176822484;
Markow Autoregressive (lag 1) bivariate joint 3 asset model uncond. params
uMean,      0.000199594,  0.000135736, -0.000013120,
VCV (1),    0.000016504, -0.000002743,  0.000000500,
VCV (2),   -0.000002743,  0.000049716,  0.000000636,
VCV (3),    0.000000500,  0.000000636,  0.000000101,
Cor (1),    1.000000000, -0.095768151,  0.386580252,
Cor (2),   -0.095768151,  1.000000000,  0.283347148,
Cor (3),    0.386580252,  0.283347148,  1.000000000,
St.dev,     0.004062464,  0.007050943,  0.000318471,
Skewness,  -0.005573690,  0.620117653, -0.135277663,
Kurtosis,   0.007630914,  1.562695814,  0.232965547,
AutoCor,    0.173094982,  0.185279299,  0.235871914,
Markow Autoregressive (lag 1) bivariate joint 3 asset model cond. params
uProb.,   0.400090956,  0.599909044,
Prob (1),   0.469961406,  0.530038594,
Prob (2),   0.353492999,  0.646507001,
Mean,      0.000381565,  0.002678953,  0.000048405,
Cor (1),    1.000000000, -0.105181026, -0.419733814,
Cor (2),   -0.105181026,  1.000000000,  0.159975275,
Cor (3),   -0.419733814,  0.159975275,  1.000000000,
VCV (1),    0.000014961, -0.000003763, -0.000000390,
VCV (2),   -0.000003763,  0.000085554,  0.000000355,
VCV (3),   -0.000000390,  0.000000355,  0.000000058,
St.dev,     0.003867920,  0.009249553,  0.000239949,
Mean,      0.000078234, -0.001560384, -0.000054152,
Cor (1),    1.000000000, -0.148217253,  0.749561896,
Cor (2),   -0.148217253,  1.000000000,  0.447428088,
Cor (3),    0.749561896,  0.447428088,  1.000000000,
VCV (1),    0.000016672, -0.000002409,  0.000001047,
VCV (2),   -0.000002409,  0.000015839,  0.000000609,
VCV (3),    0.000001047,  0.000000609,  0.000000117,
St.dev,     0.004083118,  0.003979877,  0.000342123,
AutoCor,    0.173170858,  0.191816927,  0.238919833,

No.; 10; Score; 23.710219363008;
Markow Autoregressive (lag 1) bivariate joint 3 asset model uncond. params
uMean,      0.000152481,  0.000159830,  0.000010969,
VCV (1),    0.000020075,  0.000016553,  0.000000895,
VCV (2),    0.000016553,  0.000064828,  0.000000892,
VCV (3),    0.000000895,  0.000000892,  0.000000129,
Cor (1),    1.000000000,  0.458844044,  0.556345833,
Cor (2),    0.458844044,  1.000000000,  0.308418269,
Cor (3),    0.556345833,  0.308418269,  1.000000000,
St.dev,     0.004480518,  0.008051575,  0.000359143,
Skewness,   0.218215592, -0.154944505, -0.084440661,
Kurtosis,   0.506311654, -0.664608156,  0.057398587,
AutoCor,   -0.371001854,  0.199649449,  0.093389491,
Markow Autoregressive (lag 1) bivariate joint 3 asset model cond. params
uProb.,   0.539201088,  0.460798912,
Prob (1),   0.606620210,  0.393379790,
Prob (2),   0.460311007,  0.539688993,
Mean,      0.000886883,  0.005879546,  0.000078610,
Cor (1),    1.000000000,  0.561945240,  0.557066227,
Cor (2),    0.561945240,  1.000000000,  0.341381285,
Cor (3),    0.557066227,  0.341381285,  1.000000000,
VCV (1),    0.000023996,  0.000013019,  0.000000890,
VCV (2),    0.000013019,  0.000022368,  0.000000527,
VCV (3),    0.000000890,  0.000000527,  0.000000106,
St.dev,     0.004898536,  0.004729446,  0.000326205,
Mean,     -0.000706874, -0.006533062, -0.000068180,
Cor (1),    1.000000000,  0.878300379,  0.800110847,
Cor (2),    0.878300379,  1.000000000,  0.159854151,
Cor (3),    0.800110847,  0.159854151,  1.000000000,
VCV (1),    0.000007772,  0.000012730,  0.000000839,
VCV (2),    0.000012730,  0.000027030,  0.000000313,
VCV (3),    0.000000839,  0.000000313,  0.000000142,
St.dev,     0.002787861,  0.005198997,  0.000376236,
AutoCor,   -0.387792752,  0.276569126,  0.091097827,

No.; 11; Score; 25.174025136678;
Markow Autoregressive (lag 1) bivariate joint 3 asset model uncond. params
uMean,      0.000111917,  0.000148887, -0.000052541,
VCV (1),    0.000047834, -0.000002122, -0.000000210,
VCV (2),   -0.000002122,  0.000021601,  0.000000186,
VCV (3),   -0.000000210,  0.000000186,  0.000000753,
Cor (1),    1.000000000, -0.066024677, -0.035074049,
Cor (2),   -0.066024677,  1.000000000,  0.046044292,
Cor (3),   -0.035074049,  0.046044292,  1.000000000,
St.dev,     0.006916229,  0.004647638,  0.000867569,
Skewness,  -0.364438743, -0.080271488,  0.031606933,
Kurtosis,  -0.451510189,  0.204194041,  0.027533481,
AutoCor,   -0.296823292,  0.464106515, -0.894251852,
Markow Autoregressive (lag 1) bivariate joint 3 asset model cond. params
uProb.,   0.579681866,  0.420318134,
Prob (1),   0.489684754,  0.510315246,
Prob (2),   0.703801408,  0.296198592,
Mean,      0.004518687,  0.000568158, -0.000194676,
Cor (1),    1.000000000,  0.427471681,  0.949660828,
Cor (2),    0.427471681,  1.000000000, -0.563080456,
Cor (3),    0.949660828, -0.563080456,  1.000000000,
VCV (1),    0.000013347,  0.000005355,  0.000000933,
VCV (2),    0.000005355,  0.000011760, -0.000000519,
VCV (3),    0.000000933, -0.000000519,  0.000000072,
St.dev,     0.003653291,  0.003429311,  0.000268992,
Mean,     -0.005965681, -0.000429352,  0.000143484,
Cor (1),    1.000000000, -0.879350887, -0.156602424,
Cor (2),   -0.879350887,  1.000000000,  0.834746639,
Cor (3),   -0.156602424,  0.834746639,  1.000000000,
VCV (1),    0.000023582, -0.000020606, -0.000000308,
VCV (2),   -0.000020606,  0.000023284,  0.000001630,
VCV (3),   -0.000000308,  0.000001630,  0.000000164,
St.dev,     0.004856170,  0.004825335,  0.000404754,
AutoCor,   -0.402045311,  0.471805125, -0.920396268,

