Round No; 2; best result RLS; 9.3977997201422

;;;
Statistical description of data for: Meginajums1
Calib/Tail/Per/Cur, 784, 9999, 23, 0,
Title,    INDEX WITH EQUAL WEIGHTS based on market value,EQUITY LM SNP,REX BOND     ,
Mean,       0.000158634,  0.000175148,  0.000011824,
VCV (1),    0.000022943, -0.000000281, -0.000000006,
VCV (2),   -0.000000281,  0.000027803, -0.000000034,
VCV (3),   -0.000000006, -0.000000034,  0.000000099,
St.dev,     0.004789897,  0.005272874,  0.000315163,
Skewness,  -1.581739356, -0.533728382, -0.333150084,
Kurtosis,  24.552038003,  6.345066446, 26.810331499,
AutoCor,   -0.072787598,  0.126724186, -0.366572783,
No.; 1; Score; 9.3977997201422;
Markow Autoregressive (lag 1) bivariate joint 3 asset model uncond. params
uMean,     -0.003529442,  0.001091681, -0.000339085,
VCV (1),    0.000022515,  0.000017837, -0.000000305,
VCV (2),    0.000017837,  0.000040394, -0.000000493,
VCV (3),   -0.000000305, -0.000000493,  0.000000119,
Cor (1),    1.000000000,  0.591451388, -0.186883663,
Cor (2),    0.591451388,  1.000000000, -0.225372463,
Cor (3),   -0.186883663, -0.225372463,  1.000000000,
St.dev,     0.004744960,  0.006355638,  0.000344511,
Skewness,  -0.111765211, -0.297488118,  0.023525083,
Kurtosis,  -0.029075304, -0.234486446, -0.252875432,
AutoCor,   -0.289518189, -0.159205906,  0.055606403,
Markow Autoregressive (lag 1) bivariate joint 3 asset model cond. params
uProb.,   0.648476230,  0.351523770,
Prob (1),   0.755298989,  0.244701011,
Prob (2),   0.451414109,  0.548585891,
Mean,     -0.001961896,  0.004246427, -0.000487524,
Cor (1),    1.000000000,  0.739488840,  0.431654498,
Cor (2),    0.739488840,  1.000000000,  0.752402470,
Cor (3),    0.431654498,  0.752402470,  1.000000000,
VCV (1),    0.000013870,  0.000010326,  0.000000462,
VCV (2),    0.000010326,  0.000014058,  0.000000811,
VCV (3),    0.000000462,  0.000000811,  0.000000083,
St.dev,     0.003724278,  0.003749380,  0.000287473,
Mean,     -0.006421186, -0.004728061, -0.000065250,
Cor (1),    1.000000000, -0.011458301, -0.494116715,
Cor (2),   -0.011458301,  1.000000000, -0.435451821,
Cor (3),   -0.494116715, -0.435451821,  1.000000000,
VCV (1),    0.000015703, -0.000000193, -0.000000512,
VCV (2),   -0.000000193,  0.000018126, -0.000000485,
VCV (3),   -0.000000512, -0.000000485,  0.000000068,
St.dev,     0.003962722,  0.004257463,  0.000261429,
AutoCor,   -0.439107019, -0.545070049, -0.073712610,

No.; 2; Score; 23.312621693541;
Markow Autoregressive (lag 1) bivariate joint 3 asset model uncond. params
uMean,      0.000143295,  0.000066288, -0.000005480,
VCV (1),    0.000032899, -0.000011622, -0.000000508,
VCV (2),   -0.000011622,  0.000031380,  0.000000720,
VCV (3),   -0.000000508,  0.000000720,  0.000000122,
Cor (1),    1.000000000, -0.361704516, -0.253605436,
Cor (2),   -0.361704516,  1.000000000,  0.367947101,
Cor (3),   -0.253605436,  0.367947101,  1.000000000,
St.dev,     0.005735728,  0.005601789,  0.000349167,
Skewness,   0.339619758,  0.179756491,  0.211277071,
Kurtosis,  -0.021726303, -0.059595229,  0.145908404,
AutoCor,   -0.234175883, -0.082092875,  0.280306128,
Markow Autoregressive (lag 1) bivariate joint 3 asset model cond. params
uProb.,   0.553841211,  0.446158789,
Prob (1),   0.564534020,  0.435465980,
Prob (2),   0.540567644,  0.459432356,
Mean,      0.002721538, -0.002455066,  0.000085520,
Cor (1),    1.000000000,  0.017613840, -0.727379035,
Cor (2),    0.017613840,  1.000000000,  0.559453251,
Cor (3),   -0.727379035,  0.559453251,  1.000000000,
VCV (1),    0.000029305,  0.000000430, -0.000001411,
VCV (2),    0.000000430,  0.000020310,  0.000000904,
VCV (3),   -0.000001411,  0.000000904,  0.000000128,
St.dev,     0.005413414,  0.004506673,  0.000358431,
Mean,     -0.003057218,  0.003196183, -0.000118442,
Cor (1),    1.000000000, -0.436679456, -0.226286569,
Cor (2),   -0.436679456,  1.000000000,  0.900526004,
Cor (3),   -0.226286569,  0.900526004,  1.000000000,
VCV (1),    0.000013186, -0.000008194, -0.000000214,
VCV (2),   -0.000008194,  0.000026704,  0.000001210,
VCV (3),   -0.000000214,  0.000001210,  0.000000068,
St.dev,     0.003631298,  0.005167620,  0.000260057,
AutoCor,   -0.320601160, -0.117726299,  0.303909471,

No.; 3; Score; 28.886850764186;
Markow Autoregressive (lag 1) bivariate joint 3 asset model uncond. params
uMean,      0.000104168,  0.000235780,  0.000014934,
VCV (1),    0.000058684,  0.000004591, -0.000000365,
VCV (2),    0.000004591,  0.000069570,  0.000000038,
VCV (3),   -0.000000365,  0.000000038,  0.000000112,
Cor (1),    1.000000000,  0.071846551, -0.142680749,
Cor (2),    0.071846551,  1.000000000,  0.013781218,
Cor (3),   -0.142680749,  0.013781218,  1.000000000,
St.dev,     0.007660523,  0.008340858,  0.000334092,
Skewness,  -0.395929850,  0.013802358, -0.125790885,
Kurtosis,  -0.268237660, -0.065042401,  0.088568282,
AutoCor,    0.148902737,  0.397816867, -0.122327433,
Markow Autoregressive (lag 1) bivariate joint 3 asset model cond. params
uProb.,   0.423173511,  0.576826489,
Prob (1),   0.226009756,  0.773990244,
Prob (2),   0.567817490,  0.432182510,
Mean,      0.005667107,  0.004382035, -0.000083002,
Cor (1),    1.000000000, -0.197400431,  0.234694757,
Cor (2),   -0.197400431,  1.000000000, -0.392900264,
Cor (3),    0.234694757, -0.392900264,  1.000000000,
VCV (1),    0.000009888, -0.000003840,  0.000000260,
VCV (2),   -0.000003840,  0.000038276, -0.000000857,
VCV (3),    0.000000260, -0.000000857,  0.000000124,
St.dev,     0.003144539,  0.006186726,  0.000352654,
Mean,     -0.003976935, -0.002806011,  0.000086781,
Cor (1),    1.000000000, -0.320393848, -0.066656932,
Cor (2),   -0.320393848,  1.000000000,  0.668841623,
Cor (3),   -0.066656932,  0.668841623,  1.000000000,
VCV (1),    0.000042008, -0.000013055, -0.000000128,
VCV (2),   -0.000013055,  0.000039522,  0.000001247,
VCV (3),   -0.000000128,  0.000001247,  0.000000088,
St.dev,     0.006481368,  0.006286619,  0.000296596,
AutoCor,    0.458528929,  0.561590107, -0.107560266,

No.; 4; Score; 42.655945262652;
Markow Autoregressive (lag 1) bivariate joint 3 asset model uncond. params
uMean,      0.001558571, -0.000542158,  0.000393756,
VCV (1),    0.000033021,  0.000001607,  0.000000171,
VCV (2),    0.000001607,  0.000078196,  0.000000654,
VCV (3),    0.000000171,  0.000000654,  0.000000068,
Cor (1),    1.000000000,  0.031617470,  0.114203952,
Cor (2),    0.031617470,  1.000000000,  0.284438026,
Cor (3),    0.114203952,  0.284438026,  1.000000000,
St.dev,     0.005746370,  0.008842831,  0.000260166,
Skewness,  -0.445195060,  0.180495539,  0.041323365,
Kurtosis,   0.529089116,  0.351247433,  0.021610957,
AutoCor,    0.339890564,  0.759254338,  0.016617474,
Markow Autoregressive (lag 1) bivariate joint 3 asset model cond. params
uProb.,   0.451461129,  0.548538871,
Prob (1),   0.531749280,  0.468250720,
Prob (2),   0.385381985,  0.614618015,
Mean,      0.003690089,  0.001655819,  0.000440636,
Cor (1),    1.000000000,  0.868150949,  0.169593951,
Cor (2),    0.868150949,  1.000000000,  0.523886845,
Cor (3),    0.169593951,  0.523886845,  1.000000000,
VCV (1),    0.000009387,  0.000018482,  0.000000139,
VCV (2),    0.000018482,  0.000048281,  0.000000977,
VCV (3),    0.000000139,  0.000000977,  0.000000072,
St.dev,     0.003063854,  0.006948441,  0.000268372,
Mean,     -0.000195722, -0.002351148,  0.000355172,
Cor (1),    1.000000000, -0.893391895,  0.029906722,
Cor (2),   -0.893391895,  1.000000000,  0.277487632,
Cor (3),    0.029906722,  0.277487632,  1.000000000,
VCV (1),    0.000038559, -0.000018127,  0.000000046,
VCV (2),   -0.000018127,  0.000010677,  0.000000224,
VCV (3),    0.000000046,  0.000000224,  0.000000061,
St.dev,     0.006209565,  0.003267641,  0.000246575,
AutoCor,    0.364603918,  0.792088154,  0.013054968,

No.; 5; Score; 48.163723565729;
Markow Autoregressive (lag 1) bivariate joint 3 asset model uncond. params
uMean,      0.005058653, -0.004123307, -0.000201219,
VCV (1),    0.000066227, -0.000009564, -0.000002795,
VCV (2),   -0.000009564,  0.000095694,  0.000000693,
VCV (3),   -0.000002795,  0.000000693,  0.000000310,
Cor (1),    1.000000000, -0.120142276, -0.616999952,
Cor (2),   -0.120142276,  1.000000000,  0.127224911,
Cor (3),   -0.616999952,  0.127224911,  1.000000000,
St.dev,     0.008137994,  0.009782355,  0.000556683,
Skewness,   0.150096589, -0.037043894,  0.239845562,
Kurtosis,  -0.509588699,  0.025960956, -0.598579475,
AutoCor,   -0.009968254,  0.801038895,  0.010828128,
Markow Autoregressive (lag 1) bivariate joint 3 asset model cond. params
uProb.,   0.607957488,  0.392042512,
Prob (1),   0.670668879,  0.329331121,
Prob (2),   0.510708189,  0.489291811,
Mean,      0.009525906, -0.005430121, -0.000544370,
Cor (1),    1.000000000,  0.281676340, -0.173863080,
Cor (2),    0.281676340,  1.000000000,  0.419980595,
Cor (3),   -0.173863080,  0.419980595,  1.000000000,
VCV (1),    0.000041913,  0.000010936, -0.000000386,
VCV (2),    0.000010936,  0.000035962,  0.000000864,
VCV (3),   -0.000000386,  0.000000864,  0.000000118,
St.dev,     0.006474025,  0.005996852,  0.000343173,
Mean,     -0.001868912, -0.002096773,  0.000330920,
Cor (1),    1.000000000, -0.819661426, -0.253101090,
Cor (2),   -0.819661426,  1.000000000, -0.796486978,
Cor (3),   -0.253101090, -0.796486978,  1.000000000,
VCV (1),    0.000022717, -0.000018433, -0.000000433,
VCV (2),   -0.000018433,  0.000022261, -0.000001348,
VCV (3),   -0.000000433, -0.000001348,  0.000000129,
St.dev,     0.004766281,  0.004718196,  0.000358702,
AutoCor,   -0.159028894,  0.819285420, -0.203107141,

No.; 6; Score; 52.213260225773;
Markow Autoregressive (lag 1) bivariate joint 3 asset model uncond. params
uMean,      0.000178797,  0.000209665,  0.000022877,
VCV (1),    0.000054186,  0.000021638,  0.000000423,
VCV (2),    0.000021638,  0.000103439, -0.000001830,
VCV (3),    0.000000423, -0.000001830,  0.000000205,
Cor (1),    1.000000000,  0.289015663,  0.126901500,
Cor (2),    0.289015663,  1.000000000, -0.397230490,
Cor (3),    0.126901500, -0.397230490,  1.000000000,
St.dev,     0.007361135,  0.010170510,  0.000453053,
Skewness,  -0.020481650,  0.358095166, -0.322226524,
Kurtosis,  -0.002680533, -0.554998041, -0.620547262,
AutoCor,    0.530523829,  0.349110645, -0.118597430,
Markow Autoregressive (lag 1) bivariate joint 3 asset model cond. params
uProb.,   0.561283948,  0.438716052,
Prob (1),   0.619764958,  0.380235042,
Prob (2),   0.486464591,  0.513535409,
Mean,     -0.001235206,  0.006740538, -0.000273165,
Cor (1),    1.000000000,  0.922206096,  0.090392403,
Cor (2),    0.922206096,  1.000000000,  0.573735920,
Cor (3),    0.090392403,  0.573735920,  1.000000000,
VCV (1),    0.000037622,  0.000039987,  0.000000184,
VCV (2),    0.000039987,  0.000049973,  0.000001347,
VCV (3),    0.000000184,  0.000001347,  0.000000110,
St.dev,     0.006133708,  0.007069192,  0.000332069,
Mean,      0.001987841, -0.008145795,  0.000401628,
Cor (1),    1.000000000,  0.019571325, -0.517516437,
Cor (2),    0.019571325,  1.000000000,  0.200638250,
Cor (3),   -0.517516437,  0.200638250,  1.000000000,
VCV (1),    0.000033922,  0.000000336, -0.000000551,
VCV (2),    0.000000336,  0.000008673,  0.000000108,
VCV (3),   -0.000000551,  0.000000108,  0.000000033,
St.dev,     0.005824290,  0.002944957,  0.000182820,
AutoCor,    0.550204787,  0.590081299, -0.421872453,

No.; 7; Score; 74.556888603477;
Markow Autoregressive (lag 1) bivariate joint 3 asset model uncond. params
uMean,      0.000213615,  0.000152221,  0.000030874,
VCV (1),    0.000055942,  0.000006263, -0.000000074,
VCV (2),    0.000006263,  0.000121659, -0.000000732,
VCV (3),   -0.000000074, -0.000000732,  0.000000253,
Cor (1),    1.000000000,  0.075913814, -0.019641847,
Cor (2),    0.075913814,  1.000000000, -0.132144725,
Cor (3),   -0.019641847, -0.132144725,  1.000000000,
St.dev,     0.007479465,  0.011029897,  0.000502499,
Skewness,  -0.027507946,  0.063371765, -0.080990437,
Kurtosis,   0.015177285, -0.004910525,  0.023376410,
AutoCor,    0.514605754,  0.707274834, -0.788357274,
Markow Autoregressive (lag 1) bivariate joint 3 asset model cond. params
uProb.,   0.639576978,  0.360423022,
Prob (1),   0.486501269,  0.513498731,
Prob (2),   0.911212512,  0.088787488,
Mean,      0.001018469,  0.002703749, -0.000073550,
Cor (1),    1.000000000,  0.098919416, -0.054558711,
Cor (2),    0.098919416,  1.000000000, -0.321056064,
Cor (3),   -0.054558711, -0.321056064,  1.000000000,
VCV (1),    0.000036326,  0.000004009, -0.000000106,
VCV (2),    0.000004009,  0.000045218, -0.000000697,
VCV (3),   -0.000000106, -0.000000697,  0.000000104,
St.dev,     0.006027075,  0.006724403,  0.000322960,
Mean,     -0.001214614, -0.004375512,  0.000216175,
Cor (1),    1.000000000, -0.112181120,  0.436589229,
Cor (2),   -0.112181120,  1.000000000,  0.043361615,
Cor (3),    0.436589229,  0.043361615,  1.000000000,
VCV (1),    0.000044162, -0.000003056,  0.000000489,
VCV (2),   -0.000003056,  0.000016799,  0.000000030,
VCV (3),    0.000000489,  0.000000030,  0.000000028,
St.dev,     0.006645462,  0.004098674,  0.000168481,
AutoCor,    0.534311973,  0.826046125, -0.818536729,

No.; 8; Score; 75.245280513891;
Markow Autoregressive (lag 1) bivariate joint 3 asset model uncond. params
uMean,      0.000167854,  0.000210593, -0.000135713,
VCV (1),    0.000106413, -0.000007599,  0.000000343,
VCV (2),   -0.000007599,  0.000055145,  0.000001500,
VCV (3),    0.000000343,  0.000001500,  0.000000109,
Cor (1),    1.000000000, -0.099204840,  0.100459025,
Cor (2),   -0.099204840,  1.000000000,  0.610919636,
Cor (3),    0.100459025,  0.610919636,  1.000000000,
St.dev,     0.010315648,  0.007425984,  0.000330608,
Skewness,  -0.028708673,  0.248983133,  0.862744803,
Kurtosis,   0.179588731,  0.407793078,  1.628317498,
AutoCor,   -0.842292587,  0.655191725,  0.033265836,
Markow Autoregressive (lag 1) bivariate joint 3 asset model cond. params
uProb.,   0.730631914,  0.269368086,
Prob (1),   0.674243159,  0.325756841,
Prob (2),   0.883580336,  0.116419664,
Mean,      0.000514256, -0.001089371, -0.000226964,
Cor (1),    1.000000000,  0.039081510,  0.983094236,
Cor (2),    0.039081510,  1.000000000,  0.910429988,
Cor (3),    0.983094236,  0.910429988,  1.000000000,
VCV (1),    0.000017706,  0.000000609,  0.000000912,
VCV (2),    0.000000609,  0.000013702,  0.000000743,
VCV (3),    0.000000912,  0.000000743,  0.000000049,
St.dev,     0.004207840,  0.003701616,  0.000220461,
Mean,     -0.000771726,  0.003736607,  0.000111796,
Cor (1),    1.000000000, -0.704221482, -0.216021012,
Cor (2),   -0.704221482,  1.000000000,  0.673054038,
Cor (3),   -0.216021012,  0.673054038,  1.000000000,
VCV (1),    0.000065111, -0.000039993, -0.000000754,
VCV (2),   -0.000039993,  0.000049532,  0.000002049,
VCV (3),   -0.000000754,  0.000002049,  0.000000187,
St.dev,     0.008069165,  0.007037887,  0.000432549,
AutoCor,   -0.844234481,  0.733566224,  0.096452315,

No.; 9; Score; 75.680347585948;
Markow Autoregressive (lag 1) bivariate joint 3 asset model uncond. params
uMean,      0.000159120,  0.000166701,  0.000024620,
VCV (1),    0.000119456,  0.000034146,  0.000000991,
VCV (2),    0.000034146,  0.000070448,  0.000000882,
VCV (3),    0.000000991,  0.000000882,  0.000000556,
Cor (1),    1.000000000,  0.372225504,  0.121601523,
Cor (2),    0.372225504,  1.000000000,  0.140809604,
Cor (3),    0.121601523,  0.140809604,  1.000000000,
St.dev,     0.010929609,  0.008393313,  0.000745875,
Skewness,  -0.580549084, -1.013324142,  0.001450639,
Kurtosis,   0.181806631,  0.883696133,  0.000135847,
AutoCor,    0.447220394, -0.178663499, -0.941051758,
Markow Autoregressive (lag 1) bivariate joint 3 asset model cond. params
uProb.,   0.632793935,  0.367206065,
Prob (1),   0.661439909,  0.338560091,
Prob (2),   0.583429285,  0.416570715,
Mean,      0.005636050,  0.004366129,  0.000092845,
Cor (1),    1.000000000,  0.001893924,  0.371474855,
Cor (2),    0.001893924,  1.000000000,  0.117756303,
Cor (3),    0.371474855,  0.117756303,  1.000000000,
VCV (1),    0.000013037,  0.000000023,  0.000000299,
VCV (2),    0.000000023,  0.000011380,  0.000000089,
VCV (3),    0.000000299,  0.000000089,  0.000000050,
St.dev,     0.003610640,  0.003373393,  0.000223292,
Mean,     -0.009279090, -0.007070033, -0.000092950,
Cor (1),    1.000000000, -0.276305713,  0.658579476,
Cor (2),   -0.276305713,  1.000000000,  0.295498418,
Cor (3),    0.658579476,  0.295498418,  1.000000000,
VCV (1),    0.000064038, -0.000019055,  0.000001089,
VCV (2),   -0.000019055,  0.000074268,  0.000000526,
VCV (3),    0.000001089,  0.000000526,  0.000000043,
St.dev,     0.008002382,  0.008617879,  0.000206651,
AutoCor,    0.728864958, -0.373392422, -0.955959566,

No.; 10; Score; 79.950748127854;
Markow Autoregressive (lag 1) bivariate joint 3 asset model uncond. params
uMean,      0.000194706,  0.000182499,  0.000016063,
VCV (1),    0.000090596, -0.000013219, -0.000000416,
VCV (2),   -0.000013219,  0.000113057, -0.000000666,
VCV (3),   -0.000000416, -0.000000666,  0.000000402,
Cor (1),    1.000000000, -0.130615265, -0.068898770,
Cor (2),   -0.130615265,  1.000000000, -0.098834010,
Cor (3),   -0.068898770, -0.098834010,  1.000000000,
St.dev,     0.009518170,  0.010632840,  0.000634022,
Skewness,   0.270438924, -0.113487941,  0.272894903,
Kurtosis,   0.720418319,  0.061484462, -0.203879878,
AutoCor,   -0.719503049,  0.531237024, -0.038684943,
Markow Autoregressive (lag 1) bivariate joint 3 asset model cond. params
uProb.,   0.618209885,  0.381790115,
Prob (1),   0.536440935,  0.463559065,
Prob (2),   0.750613451,  0.249386549,
Mean,     -0.001479892,  0.002629227, -0.000306223,
Cor (1),    1.000000000,  0.837935854, -0.597205189,
Cor (2),    0.837935854,  1.000000000,  0.215618539,
Cor (3),   -0.597205189,  0.215618539,  1.000000000,
VCV (1),    0.000006705,  0.000016087, -0.000000707,
VCV (2),    0.000016087,  0.000054976,  0.000000731,
VCV (3),   -0.000000707,  0.000000731,  0.000000209,
St.dev,     0.002589321,  0.007414552,  0.000457144,
Mean,      0.002906283, -0.003779341,  0.000537922,
Cor (1),    1.000000000, -0.590466720, -0.501147906,
Cor (2),   -0.590466720,  1.000000000,  0.069777272,
Cor (3),   -0.501147906,  0.069777272,  1.000000000,
VCV (1),    0.000089048, -0.000051031, -0.000002454,
VCV (2),   -0.000051031,  0.000083880,  0.000000332,
VCV (3),   -0.000002454,  0.000000332,  0.000000269,
St.dev,     0.009436513,  0.009158599,  0.000518926,
AutoCor,   -0.746167533,  0.601142216,  0.087557141,

No.; 11; Score; 86.929647411315;
Markow Autoregressive (lag 1) bivariate joint 3 asset model uncond. params
uMean,      0.002637975, -0.003805565,  0.000140827,
VCV (1),    0.000016239, -0.000002997,  0.000000201,
VCV (2),   -0.000002997,  0.000091204, -0.000002851,
VCV (3),    0.000000201, -0.000002851,  0.000000349,
Cor (1),    1.000000000, -0.077869398,  0.084293265,
Cor (2),   -0.077869398,  1.000000000, -0.505036564,
Cor (3),    0.084293265, -0.505036564,  1.000000000,
St.dev,     0.004029806,  0.009550073,  0.000591104,
Skewness,  -0.005579235, -0.125843330,  0.130084720,
Kurtosis,  -0.001838643, -0.765130331,  0.016030056,
AutoCor,    0.183797486, -0.043601334, -0.736089557,
Markow Autoregressive (lag 1) bivariate joint 3 asset model cond. params
uProb.,   0.430575110,  0.569424890,
Prob (1),   0.356292273,  0.643707727,
Prob (2),   0.486744661,  0.513255339,
Mean,      0.003438433,  0.004697505, -0.000127457,
Cor (1),    1.000000000,  0.561217355, -0.019175580,
Cor (2),    0.561217355,  1.000000000,  0.005088017,
Cor (3),   -0.019175580,  0.005088017,  1.000000000,
VCV (1),    0.000014911,  0.000010768, -0.000000012,
VCV (2),    0.000010768,  0.000024689,  0.000000004,
VCV (3),   -0.000000012,  0.000000004,  0.000000028,
St.dev,     0.003861449,  0.004968796,  0.000168099,
Mean,      0.002032703, -0.010235228,  0.000343692,
Cor (1),    1.000000000, -0.844563770,  0.544164535,
Cor (2),   -0.844563770,  1.000000000, -0.898635415,
Cor (3),    0.544164535, -0.898635415,  1.000000000,
VCV (1),    0.000015358, -0.000022205,  0.000000752,
VCV (2),   -0.000022205,  0.000045009, -0.000002125,
VCV (3),    0.000000752, -0.000002125,  0.000000124,
St.dev,     0.003918869,  0.006708848,  0.000352550,
AutoCor,    0.193461340,  0.086375264, -0.847833704,

No.; 12; Score; 125.6955712569;
Markow Autoregressive (lag 1) bivariate joint 3 asset model uncond. params
uMean,     -0.005951765, -0.005345062,  0.000320130,
VCV (1),    0.000041025,  0.000002642,  0.000000427,
VCV (2),    0.000002642,  0.000048813,  0.000000829,
VCV (3),    0.000000427,  0.000000829,  0.000000164,
Cor (1),    1.000000000,  0.059028223,  0.164949689,
Cor (2),    0.059028223,  1.000000000,  0.293280637,
Cor (3),    0.164949689,  0.293280637,  1.000000000,
St.dev,     0.006405104,  0.006986608,  0.000404458,
Skewness,   0.007826258, -0.018165523, -0.003487705,
Kurtosis,  -0.069841896,  0.431768869,  0.010758985,
AutoCor,    0.164393454, -0.528158443, -0.731104615,
Markow Autoregressive (lag 1) bivariate joint 3 asset model cond. params
uProb.,   0.577706006,  0.422293994,
Prob (1),   0.604607205,  0.395392795,
Prob (2),   0.540904667,  0.459095333,
Mean,     -0.003614504, -0.005245776,  0.000328082,
Cor (1),    1.000000000,  0.444762277,  0.422914264,
Cor (2),    0.444762277,  1.000000000,  0.471298954,
Cor (3),    0.422914264,  0.471298954,  1.000000000,
VCV (1),    0.000033264,  0.000011542,  0.000000642,
VCV (2),    0.000011542,  0.000020246,  0.000000558,
VCV (3),    0.000000642,  0.000000558,  0.000000069,
St.dev,     0.005767468,  0.004499567,  0.000263028,
Mean,     -0.009149182, -0.005480887,  0.000309252,
Cor (1),    1.000000000, -0.234016895,  0.125121566,
Cor (2),   -0.234016895,  1.000000000,  0.201706382,
Cor (3),    0.125121566,  0.201706382,  1.000000000,
VCV (1),    0.000031174, -0.000009743,  0.000000204,
VCV (2),   -0.000009743,  0.000055606,  0.000000439,
VCV (3),    0.000000204,  0.000000439,  0.000000085,
St.dev,     0.005583347,  0.007456911,  0.000292130,
AutoCor,    0.186820715, -0.528322002, -0.731525110,

No.; 13; Score; 203.22741894808;
Markow Autoregressive (lag 1) bivariate joint 3 asset model uncond. params
uMean,     -0.004546473, -0.000051126,  0.000055354,
VCV (1),    0.000014278,  0.000001019,  0.000000207,
VCV (2),    0.000001019,  0.000032022,  0.000001012,
VCV (3),    0.000000207,  0.000001012,  0.000000165,
Cor (1),    1.000000000,  0.047636807,  0.134501874,
Cor (2),    0.047636807,  1.000000000,  0.440079855,
Cor (3),    0.134501874,  0.440079855,  1.000000000,
St.dev,     0.003778613,  0.005658761,  0.000406317,
Skewness,   0.179748498, -0.273382972,  1.076852274,
Kurtosis,   1.451878748, -0.370331612,  0.790661583,
AutoCor,    0.237887260, -0.093228767, -0.269088321,
Markow Autoregressive (lag 1) bivariate joint 3 asset model cond. params
uProb.,   0.731272300,  0.268727700,
Prob (1),   0.669081792,  0.330918208,
Prob (2),   0.900507537,  0.099492463,
Mean,     -0.004745556, -0.001929633, -0.000137060,
Cor (1),    1.000000000,  0.100670480,  0.565687701,
Cor (2),    0.100670480,  1.000000000, -0.001406124,
Cor (3),    0.565687701, -0.001406124,  1.000000000,
VCV (1),    0.000007320,  0.000001432,  0.000000274,
VCV (2),    0.000001432,  0.000027649, -0.000000001,
VCV (3),    0.000000274, -0.000000001,  0.000000032,
St.dev,     0.002705489,  0.005258251,  0.000179052,
Mean,     -0.004004720,  0.005060741,  0.000578956,
Cor (1),    1.000000000, -0.251057910, -0.172778824,
Cor (2),   -0.251057910,  1.000000000,  0.106393882,
Cor (3),   -0.172778824,  0.106393882,  1.000000000,
VCV (1),    0.000029737, -0.000003894, -0.000000335,
VCV (2),   -0.000003894,  0.000008089,  0.000000108,
VCV (3),   -0.000000335,  0.000000108,  0.000000126,
St.dev,     0.005453192,  0.002844176,  0.000355574,
AutoCor,    0.241459387, -0.034034893, -0.328058313,

No.; 14; Score; 241.99334279366;
Markow Autoregressive (lag 1) bivariate joint 3 asset model uncond. params
uMean,     -0.002427772, -0.000732990,  0.000300476,
VCV (1),    0.000033515, -0.000002007,  0.000000635,
VCV (2),   -0.000002007,  0.000031510,  0.000000362,
VCV (3),    0.000000635,  0.000000362,  0.000000165,
Cor (1),    1.000000000, -0.061773596,  0.270333541,
Cor (2),   -0.061773596,  1.000000000,  0.158746547,
Cor (3),    0.270333541,  0.158746547,  1.000000000,
St.dev,     0.005789250,  0.005613361,  0.000405729,
Skewness,   0.529631636,  0.011801456, -0.092357429,
Kurtosis,   0.139193297,  0.136378993,  0.056907547,
AutoCor,   -0.046926956,  0.361101685, -0.564969522,
Markow Autoregressive (lag 1) bivariate joint 3 asset model cond. params
uProb.,   0.754145764,  0.245854236,
Prob (1),   0.822057184,  0.177942816,
Prob (2),   0.545830825,  0.454169175,
Mean,     -0.004679134, -0.000792669,  0.000368432,
Cor (1),    1.000000000, -0.028479910,  0.642006061,
Cor (2),   -0.028479910,  1.000000000,  0.294687626,
Cor (3),    0.642006061,  0.294687626,  1.000000000,
VCV (1),    0.000014628, -0.000000531,  0.000000704,
VCV (2),   -0.000000531,  0.000023729,  0.000000411,
VCV (3),    0.000000704,  0.000000411,  0.000000082,
St.dev,     0.003824613,  0.004871282,  0.000286538,
Mean,      0.004478170, -0.000549926,  0.000092024,
Cor (1),    1.000000000, -0.333821582,  0.943090316,
Cor (2),   -0.333821582,  1.000000000,  0.302878257,
Cor (3),    0.943090316,  0.302878257,  1.000000000,
VCV (1),    0.000020419, -0.000009375,  0.000001389,
VCV (2),   -0.000009375,  0.000038623,  0.000000613,
VCV (3),    0.000001389,  0.000000613,  0.000000106,
St.dev,     0.004518776,  0.006214709,  0.000325831,
AutoCor,   -0.326558191,  0.361131123, -0.644171594,

No.; 15; Score; 280.75926663925;
Markow Autoregressive (lag 1) bivariate joint 3 asset model uncond. params
uMean,     -0.000328740, -0.007541298,  0.000376967,
VCV (1),    0.000057145, -0.000004511, -0.000000672,
VCV (2),   -0.000004511,  0.000029148,  0.000000281,
VCV (3),   -0.000000672,  0.000000281,  0.000000129,
Cor (1),    1.000000000, -0.110535000, -0.247496839,
Cor (2),   -0.110535000,  1.000000000,  0.145030633,
Cor (3),   -0.247496839,  0.145030633,  1.000000000,
St.dev,     0.007559443,  0.005398922,  0.000359294,
Skewness,  -0.243197456,  0.394591571,  0.111188120,
Kurtosis,   0.114773414,  0.404260953,  0.010400103,
AutoCor,   -0.360025470,  0.338406797, -0.083383156,
Markow Autoregressive (lag 1) bivariate joint 3 asset model cond. params
uProb.,   0.522189845,  0.477810155,
Prob (1),   0.496434862,  0.503565138,
Prob (2),   0.550336987,  0.449663013,
Mean,      0.002385965, -0.005763280,  0.000258155,
Cor (1),    1.000000000, -0.037464285, -0.331284955,
Cor (2),   -0.037464285,  1.000000000,  0.174228642,
Cor (3),   -0.331284955,  0.174228642,  1.000000000,
VCV (1),    0.000029148, -0.000001155, -0.000000566,
VCV (2),   -0.000001155,  0.000032601,  0.000000315,
VCV (3),   -0.000000566,  0.000000315,  0.000000100,
St.dev,     0.005398929,  0.005709715,  0.000316212,
Mean,     -0.003295591, -0.009484461,  0.000506814,
Cor (1),    1.000000000, -0.976253223, -0.010376481,
Cor (2),   -0.976253223,  1.000000000,  0.682077476,
Cor (3),   -0.010376481,  0.682077476,  1.000000000,
VCV (1),    0.000053594, -0.000022506, -0.000000027,
VCV (2),   -0.000022506,  0.000009917,  0.000000765,
VCV (3),   -0.000000027,  0.000000765,  0.000000127,
St.dev,     0.007320796,  0.003149078,  0.000356082,
AutoCor,   -0.410249597,  0.391160420, -0.087384485,

