Round No; 8; best result RLS; 7.3165301194662

;;;
Statistical description of data for: Meginajums1
Calib/Tail/Per/Cur, 784, 9999, 23, 0,
Title,    INDEX WITH EQUAL WEIGHTS based on market value,EQUITY LM SNP,REX BOND     ,
Mean,       0.000158634,  0.000175148,  0.000011824,
VCV (1),    0.000022943, -0.000000281, -0.000000006,
VCV (2),   -0.000000281,  0.000027803, -0.000000034,
VCV (3),   -0.000000006, -0.000000034,  0.000000099,
St.dev,     0.004789897,  0.005272874,  0.000315163,
Skewness,  -1.581739356, -0.533728382, -0.333150084,
Kurtosis,  24.552038003,  6.345066446, 26.810331499,
AutoCor,   -0.072787598,  0.126724186, -0.366572783,
No.; 1; Score; 7.3165301194662;
Markow Autoregressive (lag 1) bivariate joint 3 asset model uncond. params
uMean,     -0.006113153,  0.000630201, -0.000277467,
VCV (1),    0.000059697, -0.000003452,  0.000000764,
VCV (2),   -0.000003452,  0.000059816, -0.000001113,
VCV (3),    0.000000764, -0.000001113,  0.000000201,
Cor (1),    1.000000000, -0.057760549,  0.220238533,
Cor (2),   -0.057760549,  1.000000000, -0.320543810,
Cor (3),    0.220238533, -0.320543810,  1.000000000,
St.dev,     0.007726380,  0.007734096,  0.000448753,
Skewness,  -0.074609390, -0.030971717,  0.071476706,
Kurtosis,   0.222705304, -0.058676186, -0.011517438,
AutoCor,   -0.745822736, -0.575321754, -0.035191331,
Markow Autoregressive (lag 1) bivariate joint 3 asset model cond. params
uProb.,   0.384233974,  0.615766026,
Prob (1),   0.395609849,  0.604390151,
Prob (2),   0.377135502,  0.622864498,
Mean,     -0.007209603,  0.004546917, -0.000447058,
Cor (1),    1.000000000,  0.581945801,  0.828801269,
Cor (2),    0.581945801,  1.000000000, -0.129448242,
Cor (3),    0.828801269, -0.129448242,  1.000000000,
VCV (1),    0.000041737,  0.000017868,  0.000002136,
VCV (2),    0.000017868,  0.000022587, -0.000000245,
VCV (3),    0.000002136, -0.000000245,  0.000000159,
St.dev,     0.006460410,  0.004752570,  0.000398976,
Mean,     -0.005428975, -0.001813804, -0.000171644,
Cor (1),    1.000000000, -0.564371850, -0.181632512,
Cor (2),   -0.564371850,  1.000000000, -0.397084961,
Cor (3),   -0.181632512, -0.397084961,  1.000000000,
VCV (1),    0.000015038, -0.000011751, -0.000000313,
VCV (2),   -0.000011751,  0.000028828, -0.000000949,
VCV (3),   -0.000000313, -0.000000949,  0.000000198,
St.dev,     0.003877908,  0.005369163,  0.000445059,
AutoCor,   -0.755549316, -0.688452149, -0.040441895,

No.; 2; Score; 8.9455168141689;
Markow Autoregressive (lag 1) bivariate joint 3 asset model uncond. params
uMean,      0.000139908,  0.000206800, -0.000006788,
VCV (1),    0.000014679, -0.000001531, -0.000000715,
VCV (2),   -0.000001531,  0.000037690, -0.000000072,
VCV (3),   -0.000000715, -0.000000072,  0.000000272,
Cor (1),    1.000000000, -0.065105116, -0.357585643,
Cor (2),   -0.065105116,  1.000000000, -0.022631580,
Cor (3),   -0.357585643, -0.022631580,  1.000000000,
St.dev,     0.003831340,  0.006139227,  0.000521547,
Skewness,  -0.217934449,  0.000650534, -0.156933407,
Kurtosis,  -0.152658405, -0.000005707, -0.046363307,
AutoCor,   -0.298812576,  0.159791680, -0.293983060,
Markow Autoregressive (lag 1) bivariate joint 3 asset model cond. params
uProb.,   0.539473069,  0.460526931,
Prob (1),   0.260189899,  0.739810101,
Prob (2),   0.866632545,  0.133367455,
Mean,      0.002189286,  0.000565605, -0.000218110,
Cor (1),    1.000000000, -0.844349893, -0.602029919,
Cor (2),   -0.844349893,  1.000000000,  0.416445971,
Cor (3),   -0.602029919,  0.416445971,  1.000000000,
VCV (1),    0.000008077, -0.000014532, -0.000000843,
VCV (2),   -0.000014532,  0.000036672,  0.000001242,
VCV (3),   -0.000000843,  0.000001242,  0.000000243,
St.dev,     0.002842090,  0.006055764,  0.000492532,
Mean,     -0.002260786, -0.000213513,  0.000240760,
Cor (1),    1.000000000,  0.577464296,  0.398151679,
Cor (2),    0.577464296,  1.000000000, -0.570389163,
Cor (3),    0.398151679, -0.570389163,  1.000000000,
VCV (1),    0.000011292,  0.000011706,  0.000000551,
VCV (2),    0.000011706,  0.000036393, -0.000001418,
VCV (3),    0.000000551, -0.000001418,  0.000000170,
St.dev,     0.003360289,  0.006032633,  0.000412170,
AutoCor,   -0.143726901,  0.162869955, -0.219583511,

No.; 3; Score; 11.547078660426;
Markow Autoregressive (lag 1) bivariate joint 3 asset model uncond. params
uMean,      0.000132518,  0.000126362,  0.000031549,
VCV (1),    0.000040760,  0.000012308, -0.000000304,
VCV (2),    0.000012308,  0.000047129,  0.000000535,
VCV (3),   -0.000000304,  0.000000535,  0.000000230,
Cor (1),    1.000000000,  0.280812523, -0.099422336,
Cor (2),    0.280812523,  1.000000000,  0.162506230,
Cor (3),   -0.099422336,  0.162506230,  1.000000000,
St.dev,     0.006384369,  0.006865072,  0.000479665,
Skewness,  -0.047850404,  0.313371578,  0.105895418,
Kurtosis,  -0.046139324,  0.410711052, -0.967882860,
AutoCor,   -0.152870532,  0.065781371, -0.271306304,
Markow Autoregressive (lag 1) bivariate joint 3 asset model cond. params
uProb.,   0.610686010,  0.389313990,
Prob (1),   0.460868945,  0.539131055,
Prob (2),   0.845692170,  0.154307830,
Mean,      0.002241139,  0.001571380, -0.000287283,
Cor (1),    1.000000000, -0.033794394,  0.411119506,
Cor (2),   -0.033794394,  1.000000000,  0.914629941,
Cor (3),    0.411119506,  0.914629941,  1.000000000,
VCV (1),    0.000032999, -0.000001488,  0.000000677,
VCV (2),   -0.000001488,  0.000058784,  0.000002009,
VCV (3),    0.000000677,  0.000002009,  0.000000082,
St.dev,     0.005744507,  0.007667097,  0.000286506,
Mean,     -0.003175110, -0.002140324,  0.000531675,
Cor (1),    1.000000000,  0.852678393,  0.644231968,
Cor (2),    0.852678393,  1.000000000,  0.083411857,
Cor (3),    0.644231968,  0.083411857,  1.000000000,
VCV (1),    0.000034062,  0.000021874,  0.000000862,
VCV (2),    0.000021874,  0.000019320,  0.000000084,
VCV (3),    0.000000862,  0.000000084,  0.000000053,
St.dev,     0.005836305,  0.004395411,  0.000229346,
AutoCor,   -0.104987409,  0.099436644, -0.015000156,

No.; 4; Score; 12.569442437778;
Markow Autoregressive (lag 1) bivariate joint 3 asset model uncond. params
uMean,      0.000119874,  0.000176232,  0.000006424,
VCV (1),    0.000030665,  0.000020324,  0.000000567,
VCV (2),    0.000020324,  0.000038021, -0.000000435,
VCV (3),    0.000000567, -0.000000435,  0.000000153,
Cor (1),    1.000000000,  0.595207773,  0.261962477,
Cor (2),    0.595207773,  1.000000000, -0.180502976,
Cor (3),    0.261962477, -0.180502976,  1.000000000,
St.dev,     0.005537568,  0.006166111,  0.000390734,
Skewness,  -0.010227740,  0.033747362,  0.105386772,
Kurtosis,  -0.321426302,  0.874086451,  1.256661835,
AutoCor,    0.033696765,  0.103199384,  0.037180047,
Markow Autoregressive (lag 1) bivariate joint 3 asset model cond. params
uProb.,   0.558176106,  0.441823894,
Prob (1),   0.462008080,  0.537991920,
Prob (2),   0.679669521,  0.320330479,
Mean,      0.003230242,  0.000290552,  0.000025279,
Cor (1),    1.000000000,  0.941770362,  0.303765660,
Cor (2),    0.941770362,  1.000000000, -0.235609921,
Cor (3),    0.303765660, -0.235609921,  1.000000000,
VCV (1),    0.000018411,  0.000030213,  0.000000639,
VCV (2),    0.000030213,  0.000055903, -0.000000863,
VCV (3),    0.000000639, -0.000000863,  0.000000240,
St.dev,     0.004290789,  0.007476799,  0.000489938,
Mean,     -0.003809594,  0.000031807, -0.000017397,
Cor (1),    1.000000000,  0.377083317,  0.362297880,
Cor (2),    0.377083317,  1.000000000,  0.135073156,
Cor (3),    0.362297880,  0.135073156,  1.000000000,
VCV (1),    0.000016808,  0.000005882,  0.000000300,
VCV (2),    0.000005882,  0.000014474,  0.000000104,
VCV (3),    0.000000300,  0.000000104,  0.000000041,
St.dev,     0.004099797,  0.003804518,  0.000201959,
AutoCor,    0.200274651,  0.103338779,  0.037931947,

No.; 5; Score; 12.574008705456;
Markow Autoregressive (lag 1) bivariate joint 3 asset model uncond. params
uMean,      0.000206334,  0.000156592,  0.000029422,
VCV (1),    0.000030302,  0.000011266, -0.000001456,
VCV (2),    0.000011266,  0.000040952,  0.000000793,
VCV (3),   -0.000001456,  0.000000793,  0.000000234,
Cor (1),    1.000000000,  0.319815652, -0.546456472,
Cor (2),    0.319815652,  1.000000000,  0.255881021,
Cor (3),   -0.546456472,  0.255881021,  1.000000000,
St.dev,     0.005504682,  0.006399336,  0.000483992,
Skewness,   0.250688901,  0.145951679, -0.094099721,
Kurtosis,  -0.313166256, -0.041036370,  0.035797365,
AutoCor,   -0.133436863,  0.420197753, -0.601310968,
Markow Autoregressive (lag 1) bivariate joint 3 asset model cond. params
uProb.,   0.820832797,  0.179167203,
Prob (1),   0.789854359,  0.210145641,
Prob (2),   0.962756752,  0.037243248,
Mean,     -0.001488957,  0.001049275,  0.000110041,
Cor (1),    1.000000000,  0.966777630, -0.765259700,
Cor (2),    0.966777630,  1.000000000,  0.305203970,
Cor (3),   -0.765259700,  0.305203970,  1.000000000,
VCV (1),    0.000018592,  0.000023946, -0.000001106,
VCV (2),    0.000023946,  0.000032999,  0.000000588,
VCV (3),   -0.000001106,  0.000000588,  0.000000112,
St.dev,     0.004311819,  0.005744468,  0.000335248,
Mean,      0.007973105, -0.003933124, -0.000339925,
Cor (1),    1.000000000, -0.331456098,  0.697746652,
Cor (2),   -0.331456098,  1.000000000,  0.659182999,
Cor (3),    0.697746652,  0.659182999,  1.000000000,
VCV (1),    0.000009442, -0.000003121,  0.000000754,
VCV (2),   -0.000003121,  0.000009392,  0.000000710,
VCV (3),    0.000000754,  0.000000710,  0.000000124,
St.dev,     0.003072754,  0.003064562,  0.000351595,
AutoCor,   -0.103109876,  0.478247639, -0.663698307,

