Round No; 8; best result RLS; 4.8456849532052

;;;
No.; 1; Score; 4.8456849532052;
Markow Autoregressive (lag 1) bivariate joint 3 asset model uncond. params
uMean,      0.000149666,  0.000208421,  0.000169990,
VCV (1),    0.000012532,  0.000001143,  0.000001725,
VCV (2),    0.000001143,  0.000028622,  0.000003613,
VCV (3),    0.000001725,  0.000003613,  0.000001263,
Cor (1),    1.000000000,  0.060376385,  0.433561071,
Cor (2),    0.060376385,  1.000000000,  0.600875901,
Cor (3),    0.433561071,  0.600875901,  1.000000000,
St.dev,     0.003540072,  0.005349977,  0.001123850,
Skewness,   0.007356111, -0.006906630, -1.180199257,
Kurtosis,   0.012321390,  0.009291600, 25.324960093,
AutoCor,    0.204665987,  0.221197196,  0.296796582,
Markow Autoregressive (lag 1) bivariate joint 3 asset model cond. params
uProb.,   0.994456556,  0.005543444,
Prob (1),   0.994679815,  0.005320185,
Prob (2),   0.954405392,  0.045594608,
Mean,      0.000135540,  0.000235327,  0.000182132,
Cor (1),    1.000000000,  0.062881989,  0.547006617,
Cor (2),    0.062881989,  1.000000000,  0.647906371,
Cor (3),    0.547006617,  0.647906371,  1.000000000,
VCV (1),    0.000011939,  0.000001130,  0.000001770,
VCV (2),    0.000001130,  0.000027058,  0.000003156,
VCV (3),    0.000001770,  0.000003156,  0.000000877,
St.dev,     0.003455351,  0.005201726,  0.000936439,
Mean,      0.002683729, -0.004618426, -0.002008296,
Cor (1),    1.000000000,  0.245930658, -0.724757382,
Cor (2),    0.245930658,  1.000000000,  0.832690163,
Cor (3),   -0.724757382,  0.832690163,  1.000000000,
VCV (1),    0.000017534,  0.000005867, -0.000020443,
VCV (2),    0.000005867,  0.000032457,  0.000031956,
VCV (3),   -0.000020443,  0.000031956,  0.000045376,
St.dev,     0.004187307,  0.005697062,  0.006736168,
AutoCor,    0.205136884,  0.222021876,  0.302283433,

No.; 2; Score; 5.9215136405491;
Markow Autoregressive (lag 1) bivariate joint 3 asset model uncond. params
uMean,      0.000274771,  0.000248647,  0.000155284,
VCV (1),    0.000014432,  0.000000693,  0.000001013,
VCV (2),    0.000000693,  0.000028496, -0.000002778,
VCV (3),    0.000001013, -0.000002778,  0.000001529,
Cor (1),    1.000000000,  0.034162373,  0.215699244,
Cor (2),    0.034162373,  1.000000000, -0.420885872,
Cor (3),    0.215699244, -0.420885872,  1.000000000,
St.dev,     0.003798917,  0.005338147,  0.001236538,
Skewness,  -0.009762519, -0.004392344, -1.091601819,
Kurtosis,   0.023750689, -0.005065605, 23.289107345,
AutoCor,    0.876728958,  0.156151108,  0.523780403,
Markow Autoregressive (lag 1) bivariate joint 3 asset model cond. params
uProb.,   0.995533484,  0.004466516,
Prob (1),   0.998081676,  0.001918324,
Prob (2),   0.427571790,  0.572428210,
Mean,      0.000289456,  0.000227589,  0.000167172,
Cor (1),    1.000000000,  0.066833247,  0.266187334,
Cor (2),    0.066833247,  1.000000000, -0.518577156,
Cor (3),    0.266187334, -0.518577156,  1.000000000,
VCV (1),    0.000003280,  0.000000638,  0.000000452,
VCV (2),    0.000000638,  0.000027796, -0.000002562,
VCV (3),    0.000000452, -0.000002562,  0.000000878,
St.dev,     0.001811128,  0.005272234,  0.000936961,
Mean,     -0.002998283,  0.004942187, -0.002494407,
Cor (1),    1.000000000,  0.568172047,  0.879672870,
Cor (2),    0.568172047,  1.000000000,  0.489471857,
Cor (3),    0.879672870,  0.489471857,  1.000000000,
VCV (1),    0.000008119,  0.000005139,  0.000017360,
VCV (2),    0.000005139,  0.000010075,  0.000010760,
VCV (3),    0.000017360,  0.000010760,  0.000047968,
St.dev,     0.002849308,  0.003174129,  0.006925926,
AutoCor,    0.877752205,  0.154708932,  0.522797479,

No.; 3; Score; 6.3979206504069;
Markow Autoregressive (lag 1) bivariate joint 3 asset model uncond. params
uMean,      0.000334116,  0.000249150, -0.000003201,
VCV (1),    0.000018379,  0.000014944,  0.000002801,
VCV (2),    0.000014944,  0.000027060, -0.000002479,
VCV (3),    0.000002801, -0.000002479,  0.000001385,
Cor (1),    1.000000000,  0.670107162,  0.555226607,
Cor (2),    0.670107162,  1.000000000, -0.404972178,
Cor (3),    0.555226607, -0.404972178,  1.000000000,
St.dev,     0.004287033,  0.005201938,  0.001176849,
Skewness,   0.010283050,  0.007141144, -1.561802607,
Kurtosis,   0.027759820,  0.019464407, 25.769489674,
AutoCor,    0.676806328,  0.122103703,  0.198962589,
Markow Autoregressive (lag 1) bivariate joint 3 asset model cond. params
uProb.,   0.998613560,  0.001386440,
Prob (1),   0.999531855,  0.000468145,
Prob (2),   0.337191812,  0.662808188,
Mean,      0.000325236,  0.000241329,  0.000007398,
Cor (1),    1.000000000,  0.844809618,  0.744214503,
Cor (2),    0.844809618,  1.000000000, -0.436106268,
Cor (3),    0.744214503, -0.436106268,  1.000000000,
VCV (1),    0.000009912,  0.000013711,  0.000002549,
VCV (2),    0.000013711,  0.000026575, -0.000002446,
VCV (3),    0.000002549, -0.000002446,  0.000001184,
St.dev,     0.003148312,  0.005155067,  0.001087970,
Mean,      0.006729946,  0.005881995, -0.007637264,
Cor (1),    1.000000000, -0.407927425, -0.141683828,
Cor (2),   -0.407927425,  1.000000000,  0.882028823,
Cor (3),   -0.141683828,  0.882028823,  1.000000000,
VCV (1),    0.000021628, -0.000014521, -0.000005136,
VCV (2),   -0.000014521,  0.000058589,  0.000052627,
VCV (3),   -0.000005136,  0.000052627,  0.000060762,
St.dev,     0.004650637,  0.007654362,  0.007794968,
AutoCor,    0.676851170,  0.121222816,  0.170211657,

No.; 4; Score; 7.6831553644622;
Markow Autoregressive (lag 1) bivariate joint 3 asset model uncond. params
uMean,      0.000276191,  0.000084770, -0.000028438,
VCV (1),    0.000014130,  0.000004545,  0.000001717,
VCV (2),    0.000004545,  0.000026073, -0.000002505,
VCV (3),    0.000001717, -0.000002505,  0.000001891,
Cor (1),    1.000000000,  0.236771228,  0.332147966,
Cor (2),    0.236771228,  1.000000000, -0.356750668,
Cor (3),    0.332147966, -0.356750668,  1.000000000,
St.dev,     0.003758954,  0.005106176,  0.001375215,
Skewness,   0.788238139, -0.305310959, -1.896903699,
Kurtosis,   7.449867673,  1.535346286, 14.789888893,
AutoCor,    0.375767255,  0.645370162,  0.342212364,
Markow Autoregressive (lag 1) bivariate joint 3 asset model cond. params
uProb.,   0.982766568,  0.017233432,
Prob (1),   0.982611304,  0.017388696,
Prob (2),   0.991620798,  0.008379202,
Mean,      0.000183051,  0.000213203,  0.000040639,
Cor (1),    1.000000000,  0.285467039,  0.576770692,
Cor (2),    0.285467039,  1.000000000, -0.710437782,
Cor (3),    0.576770692, -0.710437782,  1.000000000,
VCV (1),    0.000009095,  0.000003020,  0.000001765,
VCV (2),    0.000003020,  0.000012307, -0.000002529,
VCV (3),    0.000001765, -0.000002529,  0.000001030,
St.dev,     0.003015840,  0.003508131,  0.001014696,
Mean,      0.005587660, -0.007239380, -0.003967711,
Cor (1),    1.000000000,  0.415883832,  0.024568709,
Cor (2),    0.415883832,  1.000000000,  0.363089885,
Cor (3),    0.024568709,  0.363089885,  1.000000000,
VCV (1),    0.000152348,  0.000051878,  0.000001360,
VCV (2),    0.000051878,  0.000102138,  0.000016456,
VCV (3),    0.000001360,  0.000016456,  0.000020110,
St.dev,     0.012342945,  0.010106312,  0.004484452,
AutoCor,    0.389727837,  0.669862614,  0.401240826,

No.; 5; Score; 7.8249362590935;
Markow Autoregressive (lag 1) bivariate joint 3 asset model uncond. params
uMean,      0.000338880,  0.000175902, -0.000130022,
VCV (1),    0.000012382,  0.000001801,  0.000001212,
VCV (2),    0.000001801,  0.000026073, -0.000003589,
VCV (3),    0.000001212, -0.000003589,  0.000002058,
Cor (1),    1.000000000,  0.100208933,  0.240074921,
Cor (2),    0.100208933,  1.000000000, -0.489979967,
Cor (3),    0.240074921, -0.489979967,  1.000000000,
St.dev,     0.003518860,  0.005106207,  0.001434512,
Skewness,   0.015378150,  0.000602941,  1.462049838,
Kurtosis,   0.030645881, -0.004614717, 25.763972753,
AutoCor,    0.798242181,  0.190024898,  0.494204439,
Markow Autoregressive (lag 1) bivariate joint 3 asset model cond. params
uProb.,   0.997399484,  0.002600516,
Prob (1),   0.997604111,  0.002395889,
Prob (2),   0.918917363,  0.081082637,
Mean,      0.000323209,  0.000191955, -0.000144807,
Cor (1),    1.000000000,  0.154180871,  0.266237030,
Cor (2),    0.154180871,  1.000000000, -0.567107513,
Cor (3),    0.266237030, -0.567107513,  1.000000000,
VCV (1),    0.000004344,  0.000001609,  0.000000617,
VCV (2),    0.000001609,  0.000025070, -0.000003156,
VCV (3),    0.000000617, -0.000003156,  0.000001236,
St.dev,     0.002084264,  0.005006946,  0.001111595,
Mean,      0.006348993, -0.005980687,  0.005540616,
Cor (1),    1.000000000,  0.084039473,  0.744245905,
Cor (2),    0.084039473,  1.000000000, -0.112129614,
Cor (3),    0.744245905, -0.112129614,  1.000000000,
VCV (1),    0.000006480,  0.000000703,  0.000017598,
VCV (2),    0.000000703,  0.000010805, -0.000003424,
VCV (3),    0.000017598, -0.000003424,  0.000086285,
St.dev,     0.002545554,  0.003287036,  0.009288954,
AutoCor,    0.803757007,  0.190448509,  0.511852614,

No.; 6; Score; 8.0116133380864;
Markow Autoregressive (lag 1) bivariate joint 3 asset model uncond. params
uMean,      0.000300677,  0.000159251, -0.000177949,
VCV (1),    0.000014611,  0.000009511, -0.000000483,
VCV (2),    0.000009511,  0.000023894, -0.000005627,
VCV (3),   -0.000000483, -0.000005627,  0.000002112,
Cor (1),    1.000000000,  0.509020215, -0.086921618,
Cor (2),    0.509020215,  1.000000000, -0.792054111,
Cor (3),   -0.086921618, -0.792054111,  1.000000000,
St.dev,     0.003822411,  0.004888118,  0.001453287,
Skewness,  -0.745733698, -0.058528205,  3.335935327,
Kurtosis,   4.295721058, -0.022387730, 26.596798265,
AutoCor,    0.576234850,  0.066453907,  0.184896447,
Markow Autoregressive (lag 1) bivariate joint 3 asset model cond. params
uProb.,   0.984590133,  0.015409867,
Prob (1),   0.986482678,  0.013517322,
Prob (2),   0.863668886,  0.136331114,
Mean,      0.000442004,  0.000318528, -0.000282605,
Cor (1),    1.000000000,  0.632914740,  0.196196761,
Cor (2),    0.632914740,  1.000000000, -0.926819100,
Cor (3),    0.196196761, -0.926819100,  1.000000000,
VCV (1),    0.000007149,  0.000008026,  0.000000542,
VCV (2),    0.000008026,  0.000022494, -0.000004541,
VCV (3),    0.000000542, -0.000004541,  0.000001067,
St.dev,     0.002673764,  0.004742782,  0.001033124,
Mean,     -0.008729177, -0.010017510,  0.006508906,
Cor (1),    1.000000000, -0.663375587, -0.225878314,
Cor (2),   -0.663375587,  1.000000000, -0.269736496,
Cor (3),   -0.225878314, -0.269736496,  1.000000000,
VCV (1),    0.000076322, -0.000009199, -0.000008643,
VCV (2),   -0.000009199,  0.000002520, -0.000001875,
VCV (3),   -0.000008643, -0.000001875,  0.000019185,
St.dev,     0.008736244,  0.001587342,  0.004380097,
AutoCor,    0.619628336,  0.062352259,  0.215661270,

No.; 7; Score; 8.0578824962111;
Markow Autoregressive (lag 1) bivariate joint 3 asset model uncond. params
uMean,      0.000383046,  0.000160225,  0.000076655,
VCV (1),    0.000011542, -0.000001447,  0.000003800,
VCV (2),   -0.000001447,  0.000027344, -0.000005705,
VCV (3),    0.000003800, -0.000005705,  0.000002406,
Cor (1),    1.000000000, -0.081462595,  0.721094099,
Cor (2),   -0.081462595,  1.000000000, -0.703307186,
Cor (3),    0.721094099, -0.703307186,  1.000000000,
St.dev,     0.003397293,  0.005229116,  0.001551204,
Skewness,   0.157960506,  0.050843676, -1.441529202,
Kurtosis,   3.384303287,  0.172760515, 25.234185693,
AutoCor,    0.101955034,  0.066423456,  0.263210288,
Markow Autoregressive (lag 1) bivariate joint 3 asset model cond. params
uProb.,   0.004869784,  0.995130216,
Prob (1),   0.070960390,  0.929039610,
Prob (2),   0.004546362,  0.995453638,
Mean,      0.002846302,  0.007423827, -0.004025305,
Cor (1),    1.000000000, -0.219102345,  0.910498672,
Cor (2),   -0.219102345,  1.000000000,  0.934857657,
Cor (3),    0.910498672,  0.934857657,  1.000000000,
VCV (1),    0.000180535, -0.000025937,  0.000113131,
VCV (2),   -0.000025937,  0.000077625,  0.000076167,
VCV (3),    0.000113131,  0.000076167,  0.000085516,
St.dev,     0.013436318,  0.008810479,  0.009247460,
Mean,      0.000370992,  0.000124680,  0.000096729,
Cor (1),    1.000000000, -0.083619727,  0.746905916,
Cor (2),   -0.083619727,  1.000000000, -0.857704621,
Cor (3),    0.746905916, -0.857704621,  1.000000000,
VCV (1),    0.000010564, -0.000001405,  0.000003208,
VCV (2),   -0.000001405,  0.000026718, -0.000005859,
VCV (3),    0.000003208, -0.000005859,  0.000001746,
St.dev,     0.003250278,  0.005168952,  0.001321482,
AutoCor,    0.102046705,  0.066423546,  0.270183183,

No.; 8; Score; 9.2353073724624;
Markow Autoregressive (lag 1) bivariate joint 3 asset model uncond. params
uMean,      0.000244400,  0.000178158,  0.000240788,
VCV (1),    0.000013714,  0.000018541,  0.000001586,
VCV (2),    0.000018541,  0.000030016, -0.000001930,
VCV (3),    0.000001586, -0.000001930,  0.000002043,
Cor (1),    1.000000000,  0.913842727,  0.299678544,
Cor (2),    0.913842727,  1.000000000, -0.246481384,
Cor (3),    0.299678544, -0.246481384,  1.000000000,
St.dev,     0.003703200,  0.005478683,  0.001429264,
Skewness,   0.088287003, -0.007224643, -0.659046187,
Kurtosis,   0.133275947,  0.002204371, 14.597975425,
AutoCor,    0.092883422,  0.028752580,  0.593350303,
Markow Autoregressive (lag 1) bivariate joint 3 asset model cond. params
uProb.,   0.988173489,  0.011826511,
Prob (1),   0.989928262,  0.010071738,
Prob (2),   0.841552054,  0.158447946,
Mean,      0.000150727,  0.000148109,  0.000257920,
Cor (1),    1.000000000,  0.942854724,  0.524504402,
Cor (2),    0.942854724,  1.000000000, -0.320597686,
Cor (3),    0.524504402, -0.320597686,  1.000000000,
VCV (1),    0.000012926,  0.000018598,  0.000001767,
VCV (2),    0.000018598,  0.000030099, -0.000001648,
VCV (3),    0.000001767, -0.000001648,  0.000000878,
St.dev,     0.003595333,  0.005486241,  0.000937081,
Mean,      0.008071319,  0.002688883, -0.001190727,
Cor (1),    1.000000000, -0.893121407, -0.566261674,
Cor (2),   -0.893121407,  1.000000000, -0.831278111,
Cor (3),   -0.566261674, -0.831278111,  1.000000000,
VCV (1),    0.000008660, -0.000010064, -0.000010013,
VCV (2),   -0.000010064,  0.000014662, -0.000019126,
VCV (3),   -0.000010013, -0.000019126,  0.000036102,
St.dev,     0.002942794,  0.003829159,  0.006008513,
AutoCor,    0.089749058,  0.028451155,  0.598757477,

No.; 9; Score; 10.741823933491;
Markow Autoregressive (lag 1) bivariate joint 3 asset model uncond. params
uMean,      0.000479716,  0.000291844,  0.000023358,
VCV (1),    0.000014079,  0.000004906, -0.000003658,
VCV (2),    0.000004906,  0.000022031,  0.000001676,
VCV (3),   -0.000003658,  0.000001676,  0.000002145,
Cor (1),    1.000000000,  0.278554494, -0.665691792,
Cor (2),    0.278554494,  1.000000000,  0.243736343,
Cor (3),   -0.665691792,  0.243736343,  1.000000000,
St.dev,     0.003752247,  0.004693712,  0.001464640,
Skewness,  -0.086997684, -1.609557642,  3.622496780,
Kurtosis,   0.098531801, 15.250842109, 30.244038380,
AutoCor,    0.554116352,  0.472612587,  0.263619117,
Markow Autoregressive (lag 1) bivariate joint 3 asset model cond. params
uProb.,   0.983321074,  0.016678926,
Prob (1),   0.986408388,  0.013591612,
Prob (2),   0.801305697,  0.198694303,
Mean,      0.000603198,  0.000468599, -0.000084531,
Cor (1),    1.000000000,  0.278746156, -0.775789215,
Cor (2),    0.278746156,  1.000000000,  0.571348177,
Cor (3),   -0.775789215,  0.571348177,  1.000000000,
VCV (1),    0.000008836,  0.000002706, -0.000002262,
VCV (2),    0.000002706,  0.000010662,  0.000001830,
VCV (3),   -0.000002262,  0.000001830,  0.000000962,
St.dev,     0.002972601,  0.003265288,  0.000980698,
Mean,     -0.006800265, -0.010128911,  0.006384017,
Cor (1),    1.000000000, -0.154017733, -0.921493392,
Cor (2),   -0.154017733,  1.000000000,  0.434826921,
Cor (3),   -0.921493392,  0.434826921,  1.000000000,
VCV (1),    0.000004106, -0.000005228, -0.000008929,
VCV (2),   -0.000005228,  0.000280642,  0.000034834,
VCV (3),   -0.000008929,  0.000034834,  0.000022868,
St.dev,     0.002026295,  0.016752375,  0.004782061,
AutoCor,    0.579284238,  0.498843234,  0.300551163,

No.; 10; Score; 10.865571793637;
Markow Autoregressive (lag 1) bivariate joint 3 asset model uncond. params
uMean,      0.000335375,  0.000294809, -0.000070336,
VCV (1),    0.000013985,  0.000003507,  0.000001409,
VCV (2),    0.000003507,  0.000028987,  0.000001278,
VCV (3),    0.000001409,  0.000001278,  0.000001953,
Cor (1),    1.000000000,  0.174180228,  0.269585204,
Cor (2),    0.174180228,  1.000000000,  0.169886559,
Cor (3),    0.269585204,  0.169886559,  1.000000000,
St.dev,     0.003739587,  0.005384004,  0.001397535,
Skewness,   0.020796615,  0.000115959,  1.873029199,
Kurtosis,   0.034888206,  0.000355139, 10.477065815,
AutoCor,    0.315370165,  0.796398775,  0.441200637,
Markow Autoregressive (lag 1) bivariate joint 3 asset model cond. params
uProb.,   0.987249054,  0.012750946,
Prob (1),   0.991201410,  0.008798590,
Prob (2),   0.681235704,  0.318764296,
Mean,      0.000295355,  0.000297550, -0.000160711,
Cor (1),    1.000000000,  0.239650104,  0.251199091,
Cor (2),    0.239650104,  1.000000000,  0.233048787,
Cor (3),    0.251199091,  0.233048787,  1.000000000,
VCV (1),    0.000012408,  0.000002752,  0.000000864,
VCV (2),    0.000002752,  0.000010624,  0.000000741,
VCV (3),    0.000000864,  0.000000741,  0.000000953,
St.dev,     0.003522456,  0.003259521,  0.000975966,
Mean,      0.003433900,  0.000082613,  0.006926965,
Cor (1),    1.000000000, -0.520651423,  0.949543120,
Cor (2),   -0.520651423,  1.000000000,  0.629748821,
Cor (3),    0.949543120,  0.629748821,  1.000000000,
VCV (1),    0.000018199, -0.000006597,  0.000007595,
VCV (2),   -0.000006597,  0.000008821,  0.000003507,
VCV (3),    0.000007595,  0.000003507,  0.000003516,
St.dev,     0.004266084,  0.002970048,  0.001875001,
AutoCor,    0.315418515,  0.796408535,  0.504037330,

No.; 11; Score; 10.935438509837;
Markow Autoregressive (lag 1) bivariate joint 3 asset model uncond. params
uMean,      0.000150935,  0.000064540, -0.000187776,
VCV (1),    0.000019903,  0.000018360,  0.000002944,
VCV (2),    0.000018360,  0.000032954,  0.000004813,
VCV (3),    0.000002944,  0.000004813,  0.000002314,
Cor (1),    1.000000000,  0.716896630,  0.433912084,
Cor (2),    0.716896630,  1.000000000,  0.551240420,
Cor (3),    0.433912084,  0.551240420,  1.000000000,
St.dev,     0.004461302,  0.005740546,  0.001521022,
Skewness,   0.000033283,  0.097295257,  0.303859001,
Kurtosis,   0.000141379,  0.587802957, 22.097789059,
AutoCor,    0.245461136,  0.420974383,  0.071653998,
Markow Autoregressive (lag 1) bivariate joint 3 asset model cond. params
uProb.,   0.994718654,  0.005281346,
Prob (1),   0.996739030,  0.003260970,
Prob (2),   0.614189499,  0.385810501,
Mean,      0.000151459,  0.000028847, -0.000191932,
Cor (1),    1.000000000,  0.743344437,  0.465636209,
Cor (2),    0.743344437,  1.000000000,  0.646563302,
Cor (3),    0.465636209,  0.646563302,  1.000000000,
VCV (1),    0.000018714,  0.000016438,  0.000002736,
VCV (2),    0.000016438,  0.000026132,  0.000004490,
VCV (3),    0.000002736,  0.000004490,  0.000001845,
St.dev,     0.004325938,  0.005111957,  0.001358358,
Mean,      0.000052174,  0.006787150,  0.000594933,
Cor (1),    1.000000000,  0.396429038,  0.845055565,
Cor (2),    0.396429038,  1.000000000,  0.270002693,
Cor (3),    0.845055565,  0.270002693,  1.000000000,
VCV (1),    0.000016865,  0.000021423,  0.000032499,
VCV (2),    0.000021423,  0.000173161,  0.000033272,
VCV (3),    0.000032499,  0.000033272,  0.000087695,
St.dev,     0.004106755,  0.013159079,  0.009364560,
AutoCor,    0.245460779,  0.421256221,  0.071216275,

No.; 12; Score; 11.331345206567;
Markow Autoregressive (lag 1) bivariate joint 3 asset model uncond. params
uMean,      0.000365122,  0.000243298, -0.000039264,
VCV (1),    0.000015628, -0.000001704,  0.000000205,
VCV (2),   -0.000001704,  0.000026535, -0.000003130,
VCV (3),    0.000000205, -0.000003130,  0.000002232,
Cor (1),    1.000000000, -0.083652065,  0.034686982,
Cor (2),   -0.083652065,  1.000000000, -0.406642180,
Cor (3),    0.034686982, -0.406642180,  1.000000000,
St.dev,     0.003953270,  0.005151232,  0.001494091,
Skewness,  -0.128268568, -0.112859402, -1.505037666,
Kurtosis,   0.655443917,  0.554672941, 10.473538642,
AutoCor,    0.325093344,  0.059907129,  0.616281753,
Markow Autoregressive (lag 1) bivariate joint 3 asset model cond. params
uProb.,   0.988411425,  0.011588575,
Prob (1),   0.992581188,  0.007418812,
Prob (2),   0.632764440,  0.367235560,
Mean,      0.000410224,  0.000299189,  0.000028660,
Cor (1),    1.000000000, -0.144121691,  0.068156701,
Cor (2),   -0.144121691,  1.000000000, -0.755314429,
Cor (3),    0.068156701, -0.755314429,  1.000000000,
VCV (1),    0.000013220, -0.000002630,  0.000000232,
VCV (2),   -0.000002630,  0.000025194, -0.000003551,
VCV (3),    0.000000232, -0.000003551,  0.000000877,
St.dev,     0.003635897,  0.005019367,  0.000936536,
Mean,     -0.003481729, -0.004523764, -0.005832660,
Cor (1),    1.000000000,  0.726642681, -0.828710446,
Cor (2),    0.726642681,  1.000000000,  0.437751937,
Cor (3),   -0.828710446,  0.437751937,  1.000000000,
VCV (1),    0.000065483,  0.000061840, -0.000023602,
VCV (2),    0.000061840,  0.000110603,  0.000016203,
VCV (3),   -0.000023602,  0.000016203,  0.000012387,
St.dev,     0.008092152,  0.010516813,  0.003519518,
AutoCor,    0.324703527,  0.056865230,  0.671166726,

No.; 13; Score; 11.570799779719;
Markow Autoregressive (lag 1) bivariate joint 3 asset model uncond. params
uMean,      0.000107712,  0.000223510,  0.000109933,
VCV (1),    0.000014062, -0.000004721,  0.000000495,
VCV (2),   -0.000004721,  0.000028950, -0.000000658,
VCV (3),    0.000000495, -0.000000658,  0.000002179,
Cor (1),    1.000000000, -0.233985644,  0.089373554,
Cor (2),   -0.233985644,  1.000000000, -0.082789997,
Cor (3),    0.089373554, -0.082789997,  1.000000000,
St.dev,     0.003749922,  0.005380537,  0.001476073,
Skewness,  -0.740702300, -0.042804974,  2.199465601,
Kurtosis,   3.223104525, -0.064823010,  8.636484209,
AutoCor,    0.049071219,  0.372657416,  0.194711517,
Markow Autoregressive (lag 1) bivariate joint 3 asset model cond. params
uProb.,   0.968394713,  0.031605287,
Prob (1),   0.975442793,  0.024557207,
Prob (2),   0.752439601,  0.247560399,
Mean,      0.000327184,  0.000511701, -0.000083210,
Cor (1),    1.000000000, -0.416926357,  0.466716766,
Cor (2),   -0.416926357,  1.000000000,  0.225935194,
Cor (3),    0.466716766,  0.225935194,  1.000000000,
VCV (1),    0.000011116, -0.000006666,  0.000001539,
VCV (2),   -0.000006666,  0.000022999,  0.000001072,
VCV (3),    0.000001539,  0.000001072,  0.000000978,
St.dev,     0.003334037,  0.004795718,  0.000989148,
Mean,     -0.006616961, -0.008606727,  0.006027898,
Cor (1),    1.000000000, -0.228742380,  0.889213893,
Cor (2),   -0.228742380,  1.000000000, -0.542929396,
Cor (3),    0.889213893, -0.542929396,  1.000000000,
VCV (1),    0.000057307, -0.000004098,  0.000009321,
VCV (2),   -0.000004098,  0.000005601, -0.000001779,
VCV (3),    0.000009321, -0.000001779,  0.000001917,
St.dev,     0.007570136,  0.002366587,  0.001384703,
AutoCor,    0.028675443,  0.387080182,  0.163490648,

No.; 14; Score; 11.864656941745;
Markow Autoregressive (lag 1) bivariate joint 3 asset model uncond. params
uMean,      0.000123652,  0.000144276,  0.000106752,
VCV (1),    0.000013619,  0.000005001, -0.000001324,
VCV (2),    0.000005001,  0.000025229, -0.000000311,
VCV (3),   -0.000001324, -0.000000311,  0.000002113,
Cor (1),    1.000000000,  0.269777348, -0.246774675,
Cor (2),    0.269777348,  1.000000000, -0.042653851,
Cor (3),   -0.246774675, -0.042653851,  1.000000000,
St.dev,     0.003690444,  0.005022861,  0.001453579,
Skewness,   1.488586670,  1.029571140, -1.401050380,
Kurtosis,   6.482820045, 12.839630014,  8.079810687,
AutoCor,    0.111521030,  0.395435715,  0.460583725,
Markow Autoregressive (lag 1) bivariate joint 3 asset model cond. params
uProb.,   0.945202509,  0.054797491,
Prob (1),   0.964564362,  0.035435638,
Prob (2),   0.611229707,  0.388770293,
Mean,     -0.000287558, -0.000066191,  0.000227106,
Cor (1),    1.000000000,  0.862899102, -0.354247777,
Cor (2),    0.862899102,  1.000000000, -0.317611538,
Cor (3),   -0.354247777, -0.317611538,  1.000000000,
VCV (1),    0.000008082,  0.000007572, -0.000000944,
VCV (2),    0.000007572,  0.000009527, -0.000000919,
VCV (3),   -0.000000944, -0.000000919,  0.000000879,
St.dev,     0.002842901,  0.003086638,  0.000937610,
Mean,      0.007216609,  0.003774630, -0.001969250,
Cor (1),    1.000000000, -0.624831983,  0.317135867,
Cor (2),   -0.624831983,  1.000000000,  0.364229664,
Cor (3),    0.317135867,  0.364229664,  1.000000000,
VCV (1),    0.000055499, -0.000067751,  0.000007894,
VCV (2),   -0.000067751,  0.000211848,  0.000017714,
VCV (3),    0.000007894,  0.000017714,  0.000011165,
St.dev,     0.007449760,  0.014554996,  0.003341386,
AutoCor,    0.045622101,  0.396750578,  0.474967199,

No.; 15; Score; 11.9735278623;
Markow Autoregressive (lag 1) bivariate joint 3 asset model uncond. params
uMean,      0.000466139, -0.000016267,  0.000010269,
VCV (1),    0.000014443,  0.000002788,  0.000000446,
VCV (2),    0.000002788,  0.000027687, -0.000004734,
VCV (3),    0.000000446, -0.000004734,  0.000001115,
Cor (1),    1.000000000,  0.139415246,  0.111204021,
Cor (2),    0.139415246,  1.000000000, -0.851901829,
Cor (3),    0.111204021, -0.851901829,  1.000000000,
St.dev,     0.003800449,  0.005261822,  0.001056033,
Skewness,   0.206013928,  0.114761957,  0.426920471,
Kurtosis,   8.792682111, -0.024883360,  1.093315737,
AutoCor,    0.608237676,  0.080577471,  0.088288328,
Markow Autoregressive (lag 1) bivariate joint 3 asset model cond. params
uProb.,   0.913437423,  0.086562577,
Prob (1),   0.919761646,  0.080238354,
Prob (2),   0.846702094,  0.153297906,
Mean,      0.000415526,  0.000338493, -0.000089177,
Cor (1),    1.000000000,  0.528174701,  0.816851345,
Cor (2),    0.528174701,  1.000000000, -0.918067793,
Cor (3),    0.816851345, -0.918067793,  1.000000000,
VCV (1),    0.000002207,  0.000004157,  0.000001135,
VCV (2),    0.000004157,  0.000028074, -0.000004549,
VCV (3),    0.000001135, -0.000004549,  0.000000875,
St.dev,     0.001485556,  0.005298535,  0.000935171,
Mean,      0.001000221, -0.003759808,  0.001059655,
Cor (1),    1.000000000, -0.494841180, -0.554667980,
Cor (2),   -0.494841180,  1.000000000, -0.524951892,
Cor (3),   -0.554667980, -0.524951892,  1.000000000,
VCV (1),    0.000081439, -0.000011171, -0.000007681,
VCV (2),   -0.000011171,  0.000006258, -0.000002015,
VCV (3),   -0.000007681, -0.000002015,  0.000002355,
St.dev,     0.009024335,  0.002501546,  0.001534562,
AutoCor,    0.609241160,  0.080956254,  0.089860504,

No.; 16; Score; 12.368940463317;
Markow Autoregressive (lag 1) bivariate joint 3 asset model uncond. params
uMean,      0.000301752,  0.000184959, -0.000159383,
VCV (1),    0.000013258, -0.000006940, -0.000000246,
VCV (2),   -0.000006940,  0.000027522, -0.000006336,
VCV (3),   -0.000000246, -0.000006336,  0.000001563,
Cor (1),    1.000000000, -0.363304379, -0.054126673,
Cor (2),   -0.363304379,  1.000000000, -0.965886578,
Cor (3),   -0.054126673, -0.965886578,  1.000000000,
St.dev,     0.003641096,  0.005246114,  0.001250339,
Skewness,  -0.001561367,  1.023103807, -1.068653712,
Kurtosis,  -0.036814569,  3.487737107,  3.981858026,
AutoCor,    0.709382818,  0.261320648,  0.205943495,
Markow Autoregressive (lag 1) bivariate joint 3 asset model cond. params
uProb.,   0.898786530,  0.101213470,
Prob (1),   0.938482071,  0.061517929,
Prob (2),   0.546285846,  0.453714154,
Mean,     -0.000039552, -0.000513344, -0.000001760,
Cor (1),    1.000000000, -0.897007056, -0.029157281,
Cor (2),   -0.897007056,  1.000000000, -0.979582931,
Cor (3),   -0.029157281, -0.979582931,  1.000000000,
VCV (1),    0.000005845, -0.000008504, -0.000000066,
VCV (2),   -0.000008504,  0.000015377, -0.000003592,
VCV (3),   -0.000000066, -0.000003592,  0.000000874,
St.dev,     0.002417709,  0.003921358,  0.000935120,
Mean,      0.003332569,  0.006385967, -0.001559091,
Cor (1),    1.000000000,  0.100075534,  0.618929202,
Cor (2),    0.100075534,  1.000000000, -0.935092513,
Cor (3),    0.618929202, -0.935092513,  1.000000000,
VCV (1),    0.000003400,  0.000001648,  0.000002576,
VCV (2),    0.000001648,  0.000079727, -0.000018843,
VCV (3),    0.000002576, -0.000018843,  0.000005093,
St.dev,     0.001844008,  0.008929015,  0.002256807,
AutoCor,    0.736225928,  0.236884349,  0.175339838,

No.; 17; Score; 12.526650443022;
Markow Autoregressive (lag 1) bivariate joint 3 asset model uncond. params
uMean,      0.000371142, -0.000087132,  0.000043545,
VCV (1),    0.000014259,  0.000000240, -0.000001349,
VCV (2),    0.000000240,  0.000027675, -0.000002972,
VCV (3),   -0.000001349, -0.000002972,  0.000001835,
Cor (1),    1.000000000,  0.012079079, -0.263731498,
Cor (2),    0.012079079,  1.000000000, -0.417076345,
Cor (3),   -0.263731498, -0.417076345,  1.000000000,
St.dev,     0.003776047,  0.005260743,  0.001354571,
Skewness,   0.066722065,  0.254834869, -1.026828542,
Kurtosis,  -0.044514468,  0.349072785,  5.428712116,
AutoCor,    0.086327782,  0.563889482,  0.459066455,
Markow Autoregressive (lag 1) bivariate joint 3 asset model cond. params
uProb.,   0.951318903,  0.048681097,
Prob (1),   0.959650386,  0.040349614,
Prob (2),   0.788506289,  0.211493711,
Mean,      0.000531156, -0.000565268,  0.000139270,
Cor (1),    1.000000000,  0.110117807, -0.430091355,
Cor (2),    0.110117807,  1.000000000, -0.418139677,
Cor (3),   -0.430091355, -0.418139677,  1.000000000,
VCV (1),    0.000014203,  0.000001542, -0.000001517,
VCV (2),    0.000001542,  0.000013800, -0.000001454,
VCV (3),   -0.000001517, -0.000001454,  0.000000876,
St.dev,     0.003768740,  0.003714845,  0.000936027,
Mean,     -0.002755813,  0.009256538, -0.001827103,
Cor (1),    1.000000000,  0.590763495, -0.544094913,
Cor (2),    0.590763495,  1.000000000, -0.086409013,
Cor (3),   -0.544094913, -0.086409013,  1.000000000,
VCV (1),    0.000003099,  0.000003617, -0.000002828,
VCV (2),    0.000003617,  0.000012093, -0.000000887,
VCV (3),   -0.000002828, -0.000000887,  0.000008718,
St.dev,     0.001760508,  0.003477479,  0.002952658,
AutoCor,    0.083243202,  0.639493521,  0.490204218,

No.; 18; Score; 13.053306300938;
Markow Autoregressive (lag 1) bivariate joint 3 asset model uncond. params
uMean,      0.000341548,  0.000286634, -0.000231451,
VCV (1),    0.000013595,  0.000012432, -0.000003252,
VCV (2),    0.000012432,  0.000026482,  0.000004258,
VCV (3),   -0.000003252,  0.000004258,  0.000001411,
Cor (1),    1.000000000,  0.655213202, -0.742408693,
Cor (2),    0.655213202,  1.000000000,  0.696560484,
Cor (3),   -0.742408693,  0.696560484,  1.000000000,
St.dev,     0.003687138,  0.005146045,  0.001187881,
Skewness,  -1.955670010,  0.006549126,  0.298619130,
Kurtosis,   7.141375806, -0.060159664,  0.863881562,
AutoCor,    0.206982590,  0.427753521,  0.145563471,
Markow Autoregressive (lag 1) bivariate joint 3 asset model cond. params
uProb.,   0.937133048,  0.062866952,
Prob (1),   0.955746965,  0.044253035,
Prob (2),   0.659662680,  0.340337320,
Mean,      0.000968886,  0.000640504, -0.000302076,
Cor (1),    1.000000000,  0.935142646, -0.828939910,
Cor (2),    0.935142646,  1.000000000,  0.875435868,
Cor (3),   -0.828939910,  0.875435868,  1.000000000,
VCV (1),    0.000005918,  0.000010300, -0.000002188,
VCV (2),    0.000010300,  0.000020499,  0.000004300,
VCV (3),   -0.000002188,  0.000004300,  0.000001177,
St.dev,     0.002432692,  0.004527609,  0.001084871,
Mean,     -0.009009933, -0.004988359,  0.000821325,
Cor (1),    1.000000000, -0.918357815, -0.754867938,
Cor (2),   -0.918357815,  1.000000000,  0.852003872,
Cor (3),   -0.754867938,  0.852003872,  1.000000000,
VCV (1),    0.000032329, -0.000017274, -0.000007818,
VCV (2),   -0.000017274,  0.000010943,  0.000005134,
VCV (3),   -0.000007818,  0.000005134,  0.000003318,
St.dev,     0.005685866,  0.003308089,  0.001821558,
AutoCor,    0.139346898,  0.437738502,  0.137191023,

No.; 19; Score; 13.58614646384;
Markow Autoregressive (lag 1) bivariate joint 3 asset model uncond. params
uMean,      0.000279089,  0.000313708, -0.000093452,
VCV (1),    0.000013413,  0.000016063,  0.000001443,
VCV (2),    0.000016063,  0.000026047,  0.000004685,
VCV (3),    0.000001443,  0.000004685,  0.000001368,
Cor (1),    1.000000000,  0.859365284,  0.336938930,
Cor (2),    0.859365284,  1.000000000,  0.784856957,
Cor (3),    0.336938930,  0.784856957,  1.000000000,
St.dev,     0.003662425,  0.005103616,  0.001169617,
Skewness,  -1.516538280, -0.092285499, -0.334232144,
Kurtosis,   3.147994477, -0.455572682,  0.652153220,
AutoCor,    0.307041725,  0.128921108,  0.410144732,
Markow Autoregressive (lag 1) bivariate joint 3 asset model cond. params
uProb.,   0.877679487,  0.122320513,
Prob (1),   0.911138873,  0.088861127,
Prob (2),   0.637600239,  0.362399761,
Mean,      0.001297892,  0.001419361,  0.000043965,
Cor (1),    1.000000000,  0.919430532,  0.570639831,
Cor (2),    0.919430532,  1.000000000,  0.937628746,
Cor (3),    0.570639831,  0.937628746,  1.000000000,
VCV (1),    0.000004021,  0.000008083,  0.000001070,
VCV (2),    0.000008083,  0.000019221,  0.000003845,
VCV (3),    0.000001070,  0.000003845,  0.000000875,
St.dev,     0.002005257,  0.004384222,  0.000935315,
Mean,     -0.007031071, -0.007619618, -0.001079449,
Cor (1),    1.000000000,  0.942767861, -0.879336146,
Cor (2),    0.942767861,  1.000000000,  0.464311177,
Cor (3),   -0.879336146,  0.464311177,  1.000000000,
VCV (1),    0.000013983,  0.000005980, -0.000004624,
VCV (2),    0.000005980,  0.000002877,  0.000001108,
VCV (3),   -0.000004624,  0.000001108,  0.000001978,
St.dev,     0.003739446,  0.001696295,  0.001406309,
AutoCor,    0.348866876,  0.055492219,  0.425162079,

No.; 20; Score; 13.690281249067;
Markow Autoregressive (lag 1) bivariate joint 3 asset model uncond. params
uMean,      0.000344573, -0.000077237, -0.000104487,
VCV (1),    0.000013204, -0.000012922,  0.000000974,
VCV (2),   -0.000012922,  0.000027915,  0.000000179,
VCV (3),    0.000000974,  0.000000179,  0.000001173,
Cor (1),    1.000000000, -0.673050529,  0.247611978,
Cor (2),   -0.673050529,  1.000000000,  0.031320306,
Cor (3),    0.247611978,  0.031320306,  1.000000000,
St.dev,     0.003633741,  0.005283431,  0.001082937,
Skewness,  -0.793898909,  1.624622009,  0.040989356,
Kurtosis,  -0.224433216,  2.174157118,  0.496227260,
AutoCor,    0.404430025,  0.437344701,  0.096131157,
Markow Autoregressive (lag 1) bivariate joint 3 asset model cond. params
uProb.,   0.755103067,  0.244896933,
Prob (1),   0.886097106,  0.113902894,
Prob (2),   0.351202538,  0.648797462,
Mean,      0.002118572, -0.002508025, -0.000125252,
Cor (1),    1.000000000, -0.490053627,  0.851321517,
Cor (2),   -0.490053627,  1.000000000, -0.584527391,
Cor (3),    0.851321517, -0.584527391,  1.000000000,
VCV (1),    0.000003358, -0.000001487,  0.000001473,
VCV (2),   -0.000001487,  0.000002743, -0.000000914,
VCV (3),    0.000001473, -0.000000914,  0.000000891,
St.dev,     0.001832612,  0.001656306,  0.000944092,
Mean,     -0.005125287,  0.007417733, -0.000040461,
Cor (1),    1.000000000,  0.576768044, -0.041976521,
Cor (2),    0.576768044,  1.000000000,  0.386035660,
Cor (3),   -0.041976521,  0.386035660,  1.000000000,
VCV (1),    0.000003912,  0.000006099, -0.000000117,
VCV (2),    0.000006099,  0.000028578,  0.000002912,
VCV (3),   -0.000000117,  0.000002912,  0.000001991,
St.dev,     0.001977996,  0.005345838,  0.001411156,
AutoCor,    0.042781806,  0.254048727,  0.095633190,

No.; 21; Score; 13.795538723162;
Markow Autoregressive (lag 1) bivariate joint 3 asset model uncond. params
uMean,      0.000301321,  0.000094984,  0.000061628,
VCV (1),    0.000013818,  0.000002953,  0.000000347,
VCV (2),    0.000002953,  0.000027420, -0.000002170,
VCV (3),    0.000000347, -0.000002170,  0.000001298,
Cor (1),    1.000000000,  0.151694913,  0.081879997,
Cor (2),    0.151694913,  1.000000000, -0.363806110,
Cor (3),    0.081879997, -0.363806110,  1.000000000,
St.dev,     0.003717214,  0.005236392,  0.001139272,
Skewness,   0.051547937,  1.076087826,  0.053919468,
Kurtosis,  -0.005096495,  2.541891589,  0.619618726,
AutoCor,    0.674732213,  0.003293309,  0.282970241,
Markow Autoregressive (lag 1) bivariate joint 3 asset model cond. params
uProb.,   0.786424096,  0.213575904,
Prob (1),   0.731313210,  0.268686790,
Prob (2),   0.989352084,  0.010647916,
Mean,      0.000752908, -0.001182359,  0.000038001,
Cor (1),    1.000000000,  0.650995730, -0.001207262,
Cor (2),    0.650995730,  1.000000000, -0.005900325,
Cor (3),   -0.001207262, -0.005900325,  1.000000000,
VCV (1),    0.000006946,  0.000005889, -0.000000003,
VCV (2),    0.000005889,  0.000011781, -0.000000019,
VCV (3),   -0.000000003, -0.000000019,  0.000000880,
St.dev,     0.002635507,  0.003432303,  0.000938173,
Mean,     -0.001361499,  0.004798388,  0.000148629,
Cor (1),    1.000000000,  0.057066903,  0.532423372,
Cor (2),    0.057066903,  1.000000000, -0.904869552,
Cor (3),    0.532423372, -0.904869552,  1.000000000,
VCV (1),    0.000003150,  0.000000760,  0.000001445,
VCV (2),    0.000000760,  0.000056287, -0.000010380,
VCV (3),    0.000001445, -0.000010380,  0.000002338,
St.dev,     0.001774848,  0.007502488,  0.001528998,
AutoCor,    0.728335710,  0.076619080,  0.283828416,

No.; 22; Score; 13.889747644538;
Markow Autoregressive (lag 1) bivariate joint 3 asset model uncond. params
uMean,      0.000284659,  0.000041924,  0.000041475,
VCV (1),    0.000008989, -0.000007014,  0.000000306,
VCV (2),   -0.000007014,  0.000017399, -0.000001695,
VCV (3),    0.000000306, -0.000001695,  0.000001954,
Cor (1),    1.000000000, -0.560817446,  0.073048731,
Cor (2),   -0.560817446,  1.000000000, -0.290723489,
Cor (3),    0.073048731, -0.290723489,  1.000000000,
St.dev,     0.002998135,  0.004171252,  0.001397810,
Skewness,   0.314366746, -0.000347794, -2.005818479,
Kurtosis,   1.773543182, -0.004364171, 25.196562514,
AutoCor,    0.437133900,  0.065112338,  0.611863323,
Markow Autoregressive (lag 1) bivariate joint 3 asset model cond. params
uProb.,   0.994433847,  0.005566153,
Prob (1),   0.999023886,  0.000976114,
Prob (2),   0.174389884,  0.825610116,
Mean,      0.000240586,  0.000066834,  0.000072653,
Cor (1),    1.000000000, -0.612352684,  0.116502885,
Cor (2),   -0.612352684,  1.000000000, -0.428007804,
Cor (3),    0.116502885, -0.428007804,  1.000000000,
VCV (1),    0.000006898, -0.000006682,  0.000000301,
VCV (2),   -0.000006682,  0.000017260, -0.000001748,
VCV (3),    0.000000301, -0.000001748,  0.000000966,
St.dev,     0.002626406,  0.004154575,  0.000982749,
Mean,      0.008158491, -0.004408485, -0.005528602,
Cor (1),    1.000000000,  0.002159397,  0.521607274,
Cor (2),    0.002159397,  1.000000000, -0.279313732,
Cor (3),    0.521607274, -0.279313732,  1.000000000,
VCV (1),    0.000044254,  0.000000048,  0.000020684,
VCV (2),    0.000000048,  0.000011017, -0.000005526,
VCV (3),    0.000020684, -0.000005526,  0.000035531,
St.dev,     0.006652354,  0.003319195,  0.005960809,
AutoCor,    0.421573546,  0.060241964,  0.591107408,

No.; 23; Score; 13.986603074201;
