Round No; 3; best result RLS; 8.9455168141689

;;;
Statistical description of data for: Meginajums1
Calib/Tail/Per/Cur, 784, 9999, 23, 0,
Title,    INDEX WITH EQUAL WEIGHTS based on market value,EQUITY LM SNP,REX BOND     ,
Mean,       0.000158634,  0.000175148,  0.000011824,
VCV (1),    0.000022943, -0.000000281, -0.000000006,
VCV (2),   -0.000000281,  0.000027803, -0.000000034,
VCV (3),   -0.000000006, -0.000000034,  0.000000099,
St.dev,     0.004789897,  0.005272874,  0.000315163,
Skewness,  -1.581739356, -0.533728382, -0.333150084,
Kurtosis,  24.552038003,  6.345066446, 26.810331499,
AutoCor,   -0.072787598,  0.126724186, -0.366572783,
No.; 1; Score; 8.9455168141689;
Markow Autoregressive (lag 1) bivariate joint 3 asset model uncond. params
uMean,     -0.002868216,  0.000138897, -0.000249184,
VCV (1),    0.000015850, -0.000000648, -0.000001229,
VCV (2),   -0.000000648,  0.000060523, -0.000001749,
VCV (3),   -0.000001229, -0.000001749,  0.000000285,
Cor (1),    1.000000000, -0.020923436, -0.578147549,
Cor (2),   -0.020923436,  1.000000000, -0.421078292,
Cor (3),   -0.578147549, -0.421078292,  1.000000000,
St.dev,     0.003981202,  0.007779654,  0.000533761,
Skewness,  -0.555449713,  0.033180128, -0.549050440,
Kurtosis,   1.135034121, -0.106810785,  0.221140639,
AutoCor,   -0.161899644, -0.183130705,  0.180602252,
Markow Autoregressive (lag 1) bivariate joint 3 asset model cond. params
uProb.,   0.604987469,  0.395012531,
Prob (1),   0.557255934,  0.442744066,
Prob (2),   0.678091428,  0.321908572,
Mean,     -0.001863884,  0.003065071, -0.000449834,
Cor (1),    1.000000000, -0.234144815, -0.927176403,
Cor (2),   -0.234144815,  1.000000000, -0.264120435,
Cor (3),   -0.927176403, -0.264120435,  1.000000000,
VCV (1),    0.000006468, -0.000004134, -0.000001305,
VCV (2),   -0.000004134,  0.000048198, -0.000001015,
VCV (3),   -0.000001305, -0.000001015,  0.000000306,
St.dev,     0.002543189,  0.006942472,  0.000553368,
Mean,     -0.004406417, -0.004342729,  0.000058126,
Cor (1),    1.000000000, -0.193727110, -0.360832696,
Cor (2),   -0.193727110,  1.000000000, -0.462820804,
Cor (3),   -0.360832696, -0.462820804,  1.000000000,
VCV (1),    0.000025306, -0.000006269, -0.000000433,
VCV (2),   -0.000006269,  0.000041383, -0.000000710,
VCV (3),   -0.000000433, -0.000000710,  0.000000057,
St.dev,     0.005030555,  0.006432926,  0.000238342,
AutoCor,   -0.166334323, -0.200362467,  0.263863755,

No.; 2; Score; 39.636326334328;
Markow Autoregressive (lag 1) bivariate joint 3 asset model uncond. params
uMean,      0.000251555, -0.000604911, -0.000381305,
VCV (1),    0.000016630,  0.000002250, -0.000000320,
VCV (2),    0.000002250,  0.000037959, -0.000001447,
VCV (3),   -0.000000320, -0.000001447,  0.000010167,
Cor (1),    1.000000000,  0.089562554, -0.024604121,
Cor (2),    0.089562554,  1.000000000, -0.073646858,
Cor (3),   -0.024604121, -0.073646858,  1.000000000,
St.dev,     0.004078028,  0.006161084,  0.003188515,
Skewness,   0.062175046,  0.003440118,  0.001029411,
Kurtosis,   0.095562638, -0.935062611,  0.001533197,
AutoCor,    0.492972316, -0.049039313, -0.985863849,
Markow Autoregressive (lag 1) bivariate joint 3 asset model cond. params
uProb.,   0.536201827,  0.463798173,
Prob (1),   0.492280341,  0.507719659,
Prob (2),   0.586979906,  0.413020094,
Mean,      0.000702266,  0.004124280, -0.000599752,
Cor (1),    1.000000000, -0.188197549, -0.729227185,
Cor (2),   -0.188197549,  1.000000000,  0.339492846,
Cor (3),   -0.729227185,  0.339492846,  1.000000000,
VCV (1),    0.000015046, -0.000002661, -0.000001063,
VCV (2),   -0.000002661,  0.000013287,  0.000000465,
VCV (3),   -0.000001063,  0.000000465,  0.000000141,
St.dev,     0.003878946,  0.003645123,  0.000375835,
Mean,     -0.000269517, -0.006072376, -0.000128756,
Cor (1),    1.000000000,  0.266966249,  0.382917304,
Cor (2),    0.266966249,  1.000000000, -0.693582522,
Cor (3),    0.382917304, -0.693582522,  1.000000000,
VCV (1),    0.000009069,  0.000002626,  0.000000564,
VCV (2),    0.000002626,  0.000010671, -0.000001108,
VCV (3),    0.000000564, -0.000001108,  0.000000239,
St.dev,     0.003011396,  0.003266691,  0.000489072,
AutoCor,    0.501390287,  0.048514486, -0.990726089,

No.; 3; Score; 41.026443014672;
Markow Autoregressive (lag 1) bivariate joint 3 asset model uncond. params
uMean,      0.000171986,  0.000099386,  0.000119435,
VCV (1),    0.000088998, -0.000000693,  0.000000444,
VCV (2),   -0.000000693,  0.000057637,  0.000000154,
VCV (3),    0.000000444,  0.000000154,  0.000000197,
Cor (1),    1.000000000, -0.009682254,  0.106092408,
Cor (2),   -0.009682254,  1.000000000,  0.045707421,
Cor (3),    0.106092408,  0.045707421,  1.000000000,
St.dev,     0.009433900,  0.007591911,  0.000443477,
Skewness,   0.312143544, -0.005255665,  0.362417561,
Kurtosis,  -0.382119719, -0.004087870,  1.227813412,
AutoCor,    0.251347028,  0.502405788, -0.343325862,
Markow Autoregressive (lag 1) bivariate joint 3 asset model cond. params
uProb.,   0.430108918,  0.569891082,
Prob (1),   0.339620382,  0.660379618,
Prob (2),   0.498402541,  0.501597459,
Mean,      0.007938649,  0.001926666,  0.000217479,
Cor (1),    1.000000000, -0.804447549, -0.242332653,
Cor (2),   -0.804447549,  1.000000000,  0.284034099,
Cor (3),   -0.242332653,  0.284034099,  1.000000000,
VCV (1),    0.000034027, -0.000029160, -0.000000788,
VCV (2),   -0.000029160,  0.000038614,  0.000000984,
VCV (3),   -0.000000788,  0.000000984,  0.000000311,
St.dev,     0.005833247,  0.006214030,  0.000557253,
Mean,     -0.005689679, -0.001279702,  0.000045439,
Cor (1),    1.000000000,  0.374114687,  0.332165351,
Cor (2),    0.374114687,  1.000000000, -0.464243996,
Cor (3),    0.332165351, -0.464243996,  1.000000000,
VCV (1),    0.000015242,  0.000009253,  0.000000310,
VCV (2),    0.000009253,  0.000040134, -0.000000703,
VCV (3),    0.000000310, -0.000000703,  0.000000057,
St.dev,     0.003904043,  0.006335148,  0.000239170,
AutoCor,    0.680841516,  0.532635580, -0.350394058,

No.; 4; Score; 45.845773672616;
Markow Autoregressive (lag 1) bivariate joint 3 asset model uncond. params
uMean,     -0.000283708,  0.000833506, -0.000097173,
VCV (1),    0.000018705,  0.000001554,  0.000000416,
VCV (2),    0.000001554,  0.000042114, -0.000000423,
VCV (3),    0.000000416, -0.000000423,  0.000000239,
Cor (1),    1.000000000,  0.055362623,  0.196930234,
Cor (2),    0.055362623,  1.000000000, -0.133440667,
Cor (3),    0.196930234, -0.133440667,  1.000000000,
St.dev,     0.004324924,  0.006489514,  0.000488637,
Skewness,  -0.092191418, -0.565155121,  0.098888872,
Kurtosis,  -0.576214852,  0.697371537,  0.041282140,
AutoCor,   -0.030530647, -0.051726630,  0.463460747,
Markow Autoregressive (lag 1) bivariate joint 3 asset model cond. params
uProb.,   0.579103585,  0.420896415,
Prob (1),   0.533739396,  0.466260604,
Prob (2),   0.641519333,  0.358480667,
Mean,      0.002433926,  0.003064556,  0.000004320,
Cor (1),    1.000000000, -0.703724893, -0.322244763,
Cor (2),   -0.703724893,  1.000000000,  0.306680346,
Cor (3),   -0.322244763,  0.306680346,  1.000000000,
VCV (1),    0.000008772, -0.000009098, -0.000000425,
VCV (2),   -0.000009098,  0.000019055,  0.000000596,
VCV (3),   -0.000000425,  0.000000596,  0.000000198,
St.dev,     0.002961720,  0.004365187,  0.000445154,
Mean,     -0.004022851, -0.002236155, -0.000236816,
Cor (1),    1.000000000, -0.168727110,  0.655378242,
Cor (2),   -0.168727110,  1.000000000, -0.960037600,
Cor (3),    0.655378242, -0.960037600,  1.000000000,
VCV (1),    0.000008153, -0.000003651,  0.000000669,
VCV (2),   -0.000003651,  0.000057429, -0.000002601,
VCV (3),    0.000000669, -0.000002601,  0.000000128,
St.dev,     0.002855280,  0.007578193,  0.000357521,
AutoCor,    0.061351224, -0.040840983,  0.499508286,

No.; 5; Score; 52.585290610108;
Markow Autoregressive (lag 1) bivariate joint 3 asset model uncond. params
uMean,      0.000170544,  0.000147732, -0.000012495,
VCV (1),    0.000075743,  0.000010219, -0.000003069,
VCV (2),    0.000010219,  0.000068715, -0.000001826,
VCV (3),   -0.000003069, -0.000001826,  0.000000559,
Cor (1),    1.000000000,  0.141651421, -0.471408716,
Cor (2),    0.141651421,  1.000000000, -0.294505248,
Cor (3),   -0.471408716, -0.294505248,  1.000000000,
St.dev,     0.008703018,  0.008289432,  0.000747980,
Skewness,  -0.577729426, -0.098665840,  0.206971110,
Kurtosis,  -0.200974971, -0.000869395, -0.189628290,
AutoCor,   -0.091887191, -0.659452643, -0.625291101,
Markow Autoregressive (lag 1) bivariate joint 3 asset model cond. params
uProb.,   0.577487685,  0.422512315,
Prob (1),   0.318519331,  0.681480669,
Prob (2),   0.931444317,  0.068555683,
Mean,      0.005615934,  0.002820277, -0.000401697,
Cor (1),    1.000000000, -0.396986358, -0.319660538,
Cor (2),   -0.396986358,  1.000000000,  0.855160130,
Cor (3),   -0.319660538,  0.855160130,  1.000000000,
VCV (1),    0.000010581, -0.000006747, -0.000000425,
VCV (2),   -0.000006747,  0.000027297,  0.000001825,
VCV (3),   -0.000000425,  0.000001825,  0.000000167,
St.dev,     0.003252810,  0.005224615,  0.000408529,
Mean,     -0.007272188, -0.003505089,  0.000519464,
Cor (1),    1.000000000, -0.491373566,  0.011901634,
Cor (2),   -0.491373566,  1.000000000, -0.922245639,
Cor (3),    0.011901634, -0.922245639,  1.000000000,
VCV (1),    0.000047392, -0.000021425,  0.000000043,
VCV (2),   -0.000021425,  0.000040115, -0.000003048,
VCV (3),    0.000000043, -0.000003048,  0.000000272,
St.dev,     0.006884204,  0.006333675,  0.000521792,
AutoCor,    0.507787818, -0.667157479, -0.632555617,

No.; 6; Score; 61.0716406638;
Markow Autoregressive (lag 1) bivariate joint 3 asset model uncond. params
uMean,      0.000124945,  0.000178926,  0.000102421,
VCV (1),    0.000043924,  0.000000920,  0.000002630,
VCV (2),    0.000000920,  0.000125482,  0.000004245,
VCV (3),    0.000002630,  0.000004245,  0.000000623,
Cor (1),    1.000000000,  0.012397171,  0.502615983,
Cor (2),    0.012397171,  1.000000000,  0.480059128,
Cor (3),    0.502615983,  0.480059128,  1.000000000,
St.dev,     0.006627520,  0.011201858,  0.000789470,
Skewness,  -0.420076773,  0.017780547, -0.086347419,
Kurtosis,  -0.460420094,  0.020078093, -0.245303330,
AutoCor,   -0.454747252, -0.449566504, -0.184177298,
Markow Autoregressive (lag 1) bivariate joint 3 asset model cond. params
uProb.,   0.592202169,  0.407797831,
Prob (1),   0.318577544,  0.681422456,
Prob (2),   0.989558616,  0.010441384,
Mean,      0.004338846,  0.000848713,  0.000497948,
Cor (1),    1.000000000, -0.606107705, -0.036248669,
Cor (2),   -0.606107705,  1.000000000,  0.921179780,
Cor (3),   -0.036248669,  0.921179780,  1.000000000,
VCV (1),    0.000013701, -0.000023480, -0.000000084,
VCV (2),   -0.000023480,  0.000109528,  0.000006032,
VCV (3),   -0.000000084,  0.000006032,  0.000000391,
St.dev,     0.003701503,  0.010465546,  0.000625634,
Mean,     -0.005994463, -0.000793735, -0.000471962,
Cor (1),    1.000000000,  0.596823008,  0.210651679,
Cor (2),    0.596823008,  1.000000000,  0.191524900,
Cor (3),    0.210651679,  0.191524900,  1.000000000,
VCV (1),    0.000023615,  0.000026818,  0.000000643,
VCV (2),    0.000026818,  0.000085502,  0.000001112,
VCV (3),    0.000000643,  0.000001112,  0.000000394,
St.dev,     0.004859479,  0.009246756,  0.000627752,
AutoCor,   -0.147320651, -0.448410964,  0.095045395,

No.; 7; Score; 70.110815452412;
Markow Autoregressive (lag 1) bivariate joint 3 asset model uncond. params
uMean,      0.000065904,  0.000235224,  0.000031249,
VCV (1),    0.000062884,  0.000001551,  0.000001487,
VCV (2),    0.000001551,  0.000128129, -0.000000786,
VCV (3),    0.000001487, -0.000000786,  0.000000235,
Cor (1),    1.000000000,  0.017277713,  0.386415286,
Cor (2),    0.017277713,  1.000000000, -0.143174848,
Cor (3),    0.386415286, -0.143174848,  1.000000000,
St.dev,     0.007929939,  0.011319405,  0.000485192,
Skewness,  -0.145781253,  0.026786778, -0.118461838,
Kurtosis,   0.047316643,  0.056593180,  0.233558447,
AutoCor,   -0.502676035,  0.686314964, -0.138002681,
Markow Autoregressive (lag 1) bivariate joint 3 asset model cond. params
uProb.,   0.693060339,  0.306939661,
Prob (1),   0.564762595,  0.435237405,
Prob (2),   0.982752709,  0.017247291,
Mean,      0.002177035, -0.000320694,  0.000078857,
Cor (1),    1.000000000, -0.436683877,  0.112776569,
Cor (2),   -0.436683877,  1.000000000,  0.397262280,
Cor (3),    0.112776569,  0.397262280,  1.000000000,
VCV (1),    0.000035027, -0.000019012,  0.000000287,
VCV (2),   -0.000019012,  0.000054117,  0.000001257,
VCV (3),    0.000000287,  0.000001257,  0.000000185,
St.dev,     0.005918348,  0.007356408,  0.000430104,
Mean,     -0.004700966,  0.001490469, -0.000076246,
Cor (1),    1.000000000,  0.929135115,  0.822233361,
Cor (2),    0.929135115,  1.000000000, -0.989379663,
Cor (3),    0.822233361, -0.989379663,  1.000000000,
VCV (1),    0.000046678,  0.000061532,  0.000003176,
VCV (2),    0.000061532,  0.000093956, -0.000005421,
VCV (3),    0.000003176, -0.000005421,  0.000000320,
St.dev,     0.006832134,  0.009693102,  0.000565295,
AutoCor,   -0.518810616,  0.692362143, -0.131780777,

No.; 8; Score; 71.209714870232;
Markow Autoregressive (lag 1) bivariate joint 3 asset model uncond. params
uMean,      0.000170624,  0.000177208, -0.000006211,
VCV (1),    0.000126146, -0.000052751, -0.000003652,
VCV (2),   -0.000052751,  0.000085801,  0.000000623,
VCV (3),   -0.000003652,  0.000000623,  0.000000333,
Cor (1),    1.000000000, -0.507044551, -0.563825254,
Cor (2),   -0.507044551,  1.000000000,  0.116656542,
Cor (3),   -0.563825254,  0.116656542,  1.000000000,
St.dev,     0.011231460,  0.009262900,  0.000576650,
Skewness,   0.228357806, -0.299533714, -0.170093649,
Kurtosis,  -0.157149694,  0.026127871, -0.360520178,
AutoCor,    0.221001847,  0.153282894,  0.021001919,
Markow Autoregressive (lag 1) bivariate joint 3 asset model cond. params
uProb.,   0.442852934,  0.557147066,
Prob (1),   0.039293770,  0.960706230,
Prob (2),   0.763625261,  0.236374739,
Mean,      0.007658943, -0.005122475, -0.000441530,
Cor (1),    1.000000000, -0.797327504, -0.628112110,
Cor (2),   -0.797327504,  1.000000000, -0.212074465,
Cor (3),   -0.628112110, -0.212074465,  1.000000000,
VCV (1),    0.000057115, -0.000050221, -0.000001723,
VCV (2),   -0.000050221,  0.000069463, -0.000000641,
VCV (3),   -0.000001723, -0.000000641,  0.000000132,
St.dev,     0.007557419,  0.008334442,  0.000362929,
Mean,     -0.005781528,  0.004389704,  0.000339806,
Cor (1),    1.000000000,  0.546636439,  0.262584831,
Cor (2),    0.546636439,  1.000000000, -0.584934647,
Cor (3),    0.262584831, -0.584934647,  1.000000000,
VCV (1),    0.000021375,  0.000014824,  0.000000362,
VCV (2),    0.000014824,  0.000034406, -0.000001022,
VCV (3),    0.000000362, -0.000001022,  0.000000089,
St.dev,     0.004623282,  0.005865668,  0.000298003,
AutoCor,    0.737526570,  0.461943156,  0.638206137,

No.; 9; Score; 82.746030531062;
Markow Autoregressive (lag 1) bivariate joint 3 asset model uncond. params
uMean,      0.003716577,  0.002412091, -0.000192105,
VCV (1),    0.000035250,  0.000007964, -0.000000184,
VCV (2),    0.000007964,  0.000026417, -0.000001572,
VCV (3),   -0.000000184, -0.000001572,  0.000000246,
Cor (1),    1.000000000,  0.260988011, -0.062631657,
Cor (2),    0.260988011,  1.000000000, -0.617081525,
Cor (3),   -0.062631657, -0.617081525,  1.000000000,
St.dev,     0.005937170,  0.005139779,  0.000495664,
Skewness,  -0.195363991, -0.110047937, -0.049710309,
Kurtosis,   0.065023603, -0.684959544, -0.473234649,
AutoCor,    0.354428672, -0.137557608, -0.304024878,
Markow Autoregressive (lag 1) bivariate joint 3 asset model cond. params
uProb.,   0.483625867,  0.516374133,
Prob (1),   0.273350224,  0.726649776,
Prob (2),   0.680565902,  0.319434098,
Mean,      0.005909409,  0.006472872, -0.000550077,
Cor (1),    1.000000000, -0.641762002, -0.357449841,
Cor (2),   -0.641762002,  1.000000000,  0.398672534,
Cor (3),   -0.357449841,  0.398672534,  1.000000000,
VCV (1),    0.000016736, -0.000007714, -0.000000514,
VCV (2),   -0.000007714,  0.000008633,  0.000000412,
VCV (3),   -0.000000514,  0.000000412,  0.000000124,
St.dev,     0.004091018,  0.002938190,  0.000351748,
Mean,      0.001662814, -0.001391156,  0.000143164,
Cor (1),    1.000000000,  0.342601015,  0.866852851,
Cor (2),    0.342601015,  1.000000000, -0.688699710,
Cor (3),    0.866852851, -0.688699710,  1.000000000,
VCV (1),    0.000030938,  0.000006579,  0.000001651,
VCV (2),    0.000006579,  0.000011921, -0.000000814,
VCV (3),    0.000001651, -0.000000814,  0.000000117,
St.dev,     0.005562227,  0.003452645,  0.000342355,
AutoCor,    0.465989896,  0.241971518, -0.205472183,

No.; 10; Score; 102.28153224736;
Markow Autoregressive (lag 1) bivariate joint 3 asset model uncond. params
uMean,      0.000145110,  0.000185041, -0.000043325,
VCV (1),    0.000098418, -0.000042560,  0.000002614,
VCV (2),   -0.000042560,  0.000172647, -0.000002244,
VCV (3),    0.000002614, -0.000002244,  0.000000425,
Cor (1),    1.000000000, -0.326503530,  0.404356079,
Cor (2),   -0.326503530,  1.000000000, -0.262031619,
Cor (3),    0.404356079, -0.262031619,  1.000000000,
St.dev,     0.009920602,  0.013139506,  0.000651620,
Skewness,  -0.042723324,  0.110323241, -0.369729879,
Kurtosis,  -0.710196919, -0.097420982,  0.023268271,
AutoCor,    0.015970392,  0.534045856, -0.090289106,
Markow Autoregressive (lag 1) bivariate joint 3 asset model cond. params
uProb.,   0.542971556,  0.457028444,
Prob (1),   0.334542666,  0.665457334,
Prob (2),   0.790595003,  0.209404997,
Mean,      0.007175456, -0.005978651,  0.000281922,
Cor (1),    1.000000000, -0.061107449,  0.328196657,
Cor (2),   -0.061107449,  1.000000000,  0.121332071,
Cor (3),    0.328196657,  0.121332071,  1.000000000,
VCV (1),    0.000021217, -0.000001109,  0.000000703,
VCV (2),   -0.000001109,  0.000015526,  0.000000222,
VCV (3),    0.000000703,  0.000000222,  0.000000216,
St.dev,     0.004606232,  0.003940266,  0.000464714,
Mean,     -0.008207275,  0.007507801, -0.000429733,
Cor (1),    1.000000000,  0.314094546, -0.400772921,
Cor (2),    0.314094546,  1.000000000,  0.005250768,
Cor (3),   -0.400772921,  0.005250768,  1.000000000,
VCV (1),    0.000017352,  0.000008507, -0.000001049,
VCV (2),    0.000008507,  0.000042276,  0.000000021,
VCV (3),   -0.000001049,  0.000000021,  0.000000395,
St.dev,     0.004165517,  0.006502037,  0.000628385,
AutoCor,    0.714169863,  0.884511185,  0.063487201,

No.; 11; Score; 119.64628738951;
Markow Autoregressive (lag 1) bivariate joint 3 asset model uncond. params
uMean,     -0.004604304, -0.000546780,  0.000120148,
VCV (1),    0.000022222,  0.000000042,  0.000000027,
VCV (2),    0.000000042,  0.000035247,  0.000000014,
VCV (3),    0.000000027,  0.000000014,  0.000000213,
Cor (1),    1.000000000,  0.001486246,  0.012339554,
Cor (2),    0.001486246,  1.000000000,  0.004970050,
Cor (3),    0.012339554,  0.004970050,  1.000000000,
St.dev,     0.004714001,  0.005936936,  0.000461178,
Skewness,   0.072972331, -0.194791820,  0.000272878,
Kurtosis,   0.102620072, -0.412613011,  0.000124866,
AutoCor,   -0.323129175,  0.165980360, -0.290971328,
Markow Autoregressive (lag 1) bivariate joint 3 asset model cond. params
uProb.,   0.540781429,  0.459218571,
Prob (1),   0.404622577,  0.595377423,
Prob (2),   0.701123764,  0.298876236,
Mean,     -0.005182666, -0.004233019,  0.000126137,
Cor (1),    1.000000000, -0.372377237, -0.444022107,
Cor (2),   -0.372377237,  1.000000000,  0.414004565,
Cor (3),   -0.444022107,  0.414004565,  1.000000000,
VCV (1),    0.000015705, -0.000006209, -0.000000779,
VCV (2),   -0.000006209,  0.000017701,  0.000000771,
VCV (3),   -0.000000779,  0.000000771,  0.000000196,
St.dev,     0.003962968,  0.004207233,  0.000442649,
Mean,     -0.003923217,  0.003794180,  0.000113095,
Cor (1),    1.000000000,  0.068870546,  0.453815741,
Cor (2),    0.068870546,  1.000000000, -0.635721194,
Cor (3),    0.453815741, -0.635721194,  1.000000000,
VCV (1),    0.000024060,  0.000000977,  0.000000978,
VCV (2),    0.000000977,  0.000008363, -0.000000808,
VCV (3),    0.000000978, -0.000000808,  0.000000193,
St.dev,     0.004905136,  0.002891887,  0.000439443,
AutoCor,   -0.323609714,  0.550516439, -0.290970230,

