Round No; 4; best result RLS; 8.015996666619

;;;
Statistical description of data for: Meginajums1
Calib/Tail/Per/Cur, 784, 9999, 23, 0,
Title,    INDEX WITH EQUAL WEIGHTS based on market value,EQUITY LM SNP,REX BOND     ,
Mean,       0.000158634,  0.000175148,  0.000011824,
VCV (1),    0.000022943, -0.000000281, -0.000000006,
VCV (2),   -0.000000281,  0.000027803, -0.000000034,
VCV (3),   -0.000000006, -0.000000034,  0.000000099,
St.dev,     0.004789897,  0.005272874,  0.000315163,
Skewness,  -1.581739356, -0.533728382, -0.333150084,
Kurtosis,  24.552038003,  6.345066446, 26.810331499,
AutoCor,   -0.072787598,  0.126724186, -0.366572783,
No.; 1; Score; 8.015996666619;
Markow Autoregressive (lag 1) bivariate joint 3 asset model uncond. params
uMean,     -0.004878770,  0.001709977, -0.000317278,
VCV (1),    0.000021829,  0.000005647, -0.000000392,
VCV (2),    0.000005647,  0.000022601,  0.000000759,
VCV (3),   -0.000000392,  0.000000759,  0.000000165,
Cor (1),    1.000000000,  0.254253967, -0.206382002,
Cor (2),    0.254253967,  1.000000000,  0.392785334,
Cor (3),   -0.206382002,  0.392785334,  1.000000000,
St.dev,     0.004672140,  0.004754055,  0.000406469,
Skewness,   0.032740678, -0.883286087, -0.030776656,
Kurtosis,   0.018334250,  1.147213040,  0.122645948,
AutoCor,    0.440819311, -0.216400978, -0.137826645,
Markow Autoregressive (lag 1) bivariate joint 3 asset model cond. params
uProb.,   0.742039103,  0.257960897,
Prob (1),   0.750273610,  0.249726390,
Prob (2),   0.718352076,  0.281647924,
Mean,     -0.004541067,  0.003390469, -0.000329327,
Cor (1),    1.000000000,  0.486672363, -0.147801690,
Cor (2),    0.486672363,  1.000000000,  0.820152550,
Cor (3),   -0.147801690,  0.820152550,  1.000000000,
VCV (1),    0.000018413,  0.000005865, -0.000000270,
VCV (2),    0.000005865,  0.000007887,  0.000000982,
VCV (3),   -0.000000270,  0.000000982,  0.000000182,
St.dev,     0.004291041,  0.002808355,  0.000426150,
Mean,     -0.005850190, -0.003124054, -0.000282617,
Cor (1),    1.000000000,  0.061489258, -0.658471680,
Cor (2),    0.061489258,  1.000000000,  0.113983276,
Cor (3),   -0.658471680,  0.113983276,  1.000000000,
VCV (1),    0.000013725,  0.000001169, -0.000000788,
VCV (2),    0.000001169,  0.000026333,  0.000000189,
VCV (3),   -0.000000788,  0.000000189,  0.000000104,
St.dev,     0.003704707,  0.005131613,  0.000322873,
AutoCor,    0.447058106, -0.355738745, -0.138256836,

No.; 2; Score; 16.03866827952;
Markow Autoregressive (lag 1) bivariate joint 3 asset model uncond. params
uMean,     -0.000054770, -0.000158628, -0.000183881,
VCV (1),    0.000038618, -0.000014405, -0.000000291,
VCV (2),   -0.000014405,  0.000026494,  0.000000149,
VCV (3),   -0.000000291,  0.000000149,  0.000000164,
Cor (1),    1.000000000, -0.450347557, -0.115677591,
Cor (2),   -0.450347557,  1.000000000,  0.071748883,
Cor (3),   -0.115677591,  0.071748883,  1.000000000,
St.dev,     0.006214357,  0.005147187,  0.000404755,
Skewness,   0.095592971,  0.256485588,  0.895276817,
Kurtosis,  -0.233170031,  0.190324681,  0.665924002,
AutoCor,   -0.095440818,  0.041396481,  0.111132108,
Markow Autoregressive (lag 1) bivariate joint 3 asset model cond. params
uProb.,   0.227171826,  0.772828174,
Prob (1),   0.164571557,  0.835428443,
Prob (2),   0.245573093,  0.754426907,
Mean,     -0.005560390, -0.002638949,  0.000373862,
Cor (1),    1.000000000, -0.026608368,  0.181251044,
Cor (2),   -0.026608368,  1.000000000, -0.367174497,
Cor (3),    0.181251044, -0.367174497,  1.000000000,
VCV (1),    0.000017544, -0.000000299,  0.000000253,
VCV (2),   -0.000000299,  0.000007180, -0.000000328,
VCV (3),    0.000000253, -0.000000328,  0.000000111,
St.dev,     0.004188527,  0.002679594,  0.000333605,
Mean,      0.001563599,  0.000570460, -0.000347829,
Cor (1),    1.000000000, -0.762817913,  0.585396629,
Cor (2),   -0.762817913,  1.000000000,  0.663787279,
Cor (3),    0.585396629,  0.663787279,  1.000000000,
VCV (1),    0.000032901, -0.000023865,  0.000000745,
VCV (2),   -0.000023865,  0.000029750,  0.000000803,
VCV (3),    0.000000745,  0.000000803,  0.000000049,
St.dev,     0.005735952,  0.005454329,  0.000221861,
AutoCor,   -0.099771484,  0.050363040,  0.353842935,

No.; 3; Score; 16.221335328447;
Markow Autoregressive (lag 1) bivariate joint 3 asset model uncond. params
uMean,      0.000154811,  0.000166360,  0.000066819,
VCV (1),    0.000044822, -0.000027084,  0.000000495,
VCV (2),   -0.000027084,  0.000052316,  0.000001318,
VCV (3),    0.000000495,  0.000001318,  0.000000197,
Cor (1),    1.000000000, -0.559306134,  0.166905796,
Cor (2),   -0.559306134,  1.000000000,  0.411119401,
Cor (3),    0.166905796,  0.411119401,  1.000000000,
St.dev,     0.006694902,  0.007232948,  0.000443387,
Skewness,  -0.045306038, -0.465456929, -0.027746792,
Kurtosis,   0.023850167, -0.384615059,  0.333290784,
AutoCor,   -0.284168882,  0.289169988, -0.191487601,
Markow Autoregressive (lag 1) bivariate joint 3 asset model cond. params
uProb.,   0.454328976,  0.545671024,
Prob (1),   0.649635121,  0.350364879,
Prob (2),   0.291715905,  0.708284095,
Mean,     -0.001097005,  0.005635231,  0.000053324,
Cor (1),    1.000000000, -0.391049941,  0.187603772,
Cor (2),   -0.391049941,  1.000000000,  0.596246600,
Cor (3),    0.187603772,  0.596246600,  1.000000000,
VCV (1),    0.000043631, -0.000008839,  0.000000632,
VCV (2),   -0.000008839,  0.000011710,  0.000001040,
VCV (3),    0.000000632,  0.000001040,  0.000000260,
St.dev,     0.006605362,  0.003422000,  0.000509902,
Mean,      0.001197080, -0.004387055,  0.000078055,
Cor (1),    1.000000000, -0.933547096,  0.140559127,
Cor (2),   -0.933547096,  1.000000000,  0.797728517,
Cor (3),    0.140559127,  0.797728517,  1.000000000,
VCV (1),    0.000036080, -0.000034524,  0.000000305,
VCV (2),   -0.000034524,  0.000037906,  0.000001773,
VCV (3),    0.000000305,  0.000001773,  0.000000130,
St.dev,     0.006006679,  0.006156779,  0.000360919,
AutoCor,   -0.303420007,  0.226719135, -0.191911701,

No.; 4; Score; 17.52308048117;
Markow Autoregressive (lag 1) bivariate joint 3 asset model uncond. params
uMean,      0.000145853,  0.000175120,  0.000051863,
VCV (1),    0.000038264, -0.000009241,  0.000000323,
VCV (2),   -0.000009241,  0.000022464,  0.000000475,
VCV (3),    0.000000323,  0.000000475,  0.000000062,
Cor (1),    1.000000000, -0.315200591,  0.209333678,
Cor (2),   -0.315200591,  1.000000000,  0.401790881,
Cor (3),    0.209333678,  0.401790881,  1.000000000,
St.dev,     0.006185792,  0.004739660,  0.000249390,
Skewness,  -0.577908132,  0.969900411, -0.520116169,
Kurtosis,  -0.023211138,  3.337008750,  2.702148084,
AutoCor,   -0.222766988, -0.032015173,  0.141318331,
Markow Autoregressive (lag 1) bivariate joint 3 asset model cond. params
uProb.,   0.757107692,  0.242892308,
Prob (1),   0.778811929,  0.221188071,
Prob (2),   0.689454479,  0.310545521,
Mean,      0.002757172, -0.000713942,  0.000078434,
Cor (1),    1.000000000, -0.767284997, -0.314856677,
Cor (2),   -0.767284997,  1.000000000,  0.702881173,
Cor (3),   -0.314856677,  0.702881173,  1.000000000,
VCV (1),    0.000009858, -0.000006854, -0.000000162,
VCV (2),   -0.000006854,  0.000008095,  0.000000328,
VCV (3),   -0.000000162,  0.000000328,  0.000000027,
St.dev,     0.003139780,  0.002845198,  0.000163868,
Mean,     -0.007993762,  0.002946371, -0.000030962,
Cor (1),    1.000000000,  0.490726915,  0.685090181,
Cor (2),    0.490726915,  1.000000000,  0.417203573,
Cor (3),    0.685090181,  0.417203573,  1.000000000,
VCV (1),    0.000013000,  0.000013350,  0.000000983,
VCV (2),    0.000013350,  0.000056929,  0.000001252,
VCV (3),    0.000000983,  0.000001252,  0.000000158,
St.dev,     0.003605571,  0.007545112,  0.000397786,
AutoCor,   -0.612813040, -0.046966728,  0.143224383,

No.; 5; Score; 20.282019783948;
Markow Autoregressive (lag 1) bivariate joint 3 asset model uncond. params
uMean,      0.000178664,  0.000142366,  0.000027057,
VCV (1),    0.000055364,  0.000021416,  0.000000920,
VCV (2),    0.000021416,  0.000059740,  0.000001100,
VCV (3),    0.000000920,  0.000001100,  0.000000127,
Cor (1),    1.000000000,  0.372378623,  0.347201751,
Cor (2),    0.372378623,  1.000000000,  0.399488317,
Cor (3),    0.347201751,  0.399488317,  1.000000000,
St.dev,     0.007440672,  0.007729168,  0.000356209,
Skewness,  -0.110905840,  0.187937228,  0.014563049,
Kurtosis,  -0.863146438, -0.576362178, -0.168124000,
AutoCor,    0.136256070,  0.167690774, -0.365987486,
Markow Autoregressive (lag 1) bivariate joint 3 asset model cond. params
uProb.,   0.349050886,  0.650949114,
Prob (1),   0.551566533,  0.448433467,
Prob (2),   0.240458272,  0.759541728,
Mean,      0.008004860,  0.008055554,  0.000283853,
Cor (1),    1.000000000, -0.402852126, -0.705507548,
Cor (2),   -0.402852126,  1.000000000,  0.888591745,
Cor (3),   -0.705507548,  0.888591745,  1.000000000,
VCV (1),    0.000009163, -0.000005885, -0.000000468,
VCV (2),   -0.000005885,  0.000023293,  0.000000939,
VCV (3),   -0.000000468,  0.000000939,  0.000000048,
St.dev,     0.003027012,  0.004826248,  0.000218928,
Mean,     -0.004017887, -0.004100830, -0.000110642,
Cor (1),    1.000000000, -0.524907130,  0.020397308,
Cor (2),   -0.524907130,  1.000000000, -0.380017364,
Cor (3),    0.020397308, -0.380017364,  1.000000000,
VCV (1),    0.000029195, -0.000014925,  0.000000027,
VCV (2),   -0.000014925,  0.000027691, -0.000000488,
VCV (3),    0.000000027, -0.000000488,  0.000000060,
St.dev,     0.005403282,  0.005262233,  0.000243974,
AutoCor,   -0.118740841, -0.016370284, -0.627583706,

No.; 6; Score; 20.547626231502;
Markow Autoregressive (lag 1) bivariate joint 3 asset model uncond. params
uMean,      0.000221508,  0.000136405,  0.000024924,
VCV (1),    0.000071021, -0.000025262,  0.000000287,
VCV (2),   -0.000025262,  0.000035469,  0.000000250,
VCV (3),    0.000000287,  0.000000250,  0.000000292,
Cor (1),    1.000000000, -0.503317625,  0.063041131,
Cor (2),   -0.503317625,  1.000000000,  0.077758111,
Cor (3),    0.063041131,  0.077758111,  1.000000000,
St.dev,     0.008427417,  0.005955581,  0.000540110,
Skewness,   0.183685492, -1.009384315,  0.078177049,
Kurtosis,   0.127653476,  1.707337629,  0.093417026,
AutoCor,   -0.187575063,  0.184144343, -0.230311576,
Markow Autoregressive (lag 1) bivariate joint 3 asset model cond. params
uProb.,   0.826130179,  0.173869821,
Prob (1),   0.871158445,  0.128841555,
Prob (2),   0.612181550,  0.387818450,
Mean,     -0.001362860,  0.001846128, -0.000018793,
Cor (1),    1.000000000, -0.671284357,  0.186406150,
Cor (2),   -0.671284357,  1.000000000,  0.252459441,
Cor (3),    0.186406150,  0.252459441,  1.000000000,
VCV (1),    0.000052842, -0.000019587,  0.000000675,
VCV (2),   -0.000019587,  0.000016112,  0.000000505,
VCV (3),    0.000000675,  0.000000505,  0.000000248,
St.dev,     0.007269274,  0.004013913,  0.000498423,
Mean,      0.007749522, -0.007987224,  0.000232644,
Cor (1),    1.000000000,  0.359022702, -0.737280119,
Cor (2),    0.359022702,  1.000000000,  0.302303833,
Cor (3),   -0.737280119,  0.302303833,  1.000000000,
VCV (1),    0.000062588,  0.000019110, -0.000003435,
VCV (2),    0.000019110,  0.000045267,  0.000001198,
VCV (3),   -0.000003435,  0.000001198,  0.000000347,
St.dev,     0.007911288,  0.006728073,  0.000588896,
AutoCor,   -0.277703868,  0.135980696, -0.246032065,

No.; 7; Score; 26.411546353515;
Markow Autoregressive (lag 1) bivariate joint 3 asset model uncond. params
uMean,      0.000090775,  0.000161813, -0.000032866,
VCV (1),    0.000036815, -0.000008619, -0.000000076,
VCV (2),   -0.000008619,  0.000036081,  0.000000192,
VCV (3),   -0.000000076,  0.000000192,  0.000000520,
Cor (1),    1.000000000, -0.236487816, -0.017287043,
Cor (2),   -0.236487816,  1.000000000,  0.044399733,
Cor (3),   -0.017287043,  0.044399733,  1.000000000,
St.dev,     0.006067541,  0.006006784,  0.000721181,
Skewness,  -0.091802675,  0.016830642,  0.014688273,
Kurtosis,  -0.063889938, -0.019993847,  0.041802468,
AutoCor,    0.365406082,  0.343913393, -0.932450230,
Markow Autoregressive (lag 1) bivariate joint 3 asset model cond. params
uProb.,   0.593736043,  0.406263957,
Prob (1),   0.446144841,  0.553855159,
Prob (2),   0.809433780,  0.190566220,
Mean,      0.002430470, -0.001457832, -0.000081393,
Cor (1),    1.000000000, -0.382509653, -0.871345080,
Cor (2),   -0.382509653,  1.000000000,  0.302831317,
Cor (3),   -0.871345080,  0.302831317,  1.000000000,
VCV (1),    0.000018235, -0.000008364, -0.000000646,
VCV (2),   -0.000008364,  0.000026223,  0.000000269,
VCV (3),   -0.000000646,  0.000000269,  0.000000030,
St.dev,     0.004270243,  0.005120862,  0.000173550,
Mean,     -0.003328582,  0.002528848,  0.000038055,
Cor (1),    1.000000000,  0.272077949,  0.825523632,
Cor (2),    0.272077949,  1.000000000, -0.072931099,
Cor (3),    0.825523632, -0.072931099,  1.000000000,
VCV (1),    0.000021416,  0.000006483,  0.000001284,
VCV (2),    0.000006483,  0.000026512, -0.000000126,
VCV (3),    0.000001284, -0.000000126,  0.000000113,
St.dev,     0.004627793,  0.005149028,  0.000336124,
AutoCor,    0.567723713,  0.427988861, -0.936241574,

No.; 8; Score; 27.636760301633;
Markow Autoregressive (lag 1) bivariate joint 3 asset model uncond. params
uMean,      0.000130361,  0.000168584,  0.000081384,
VCV (1),    0.000050651,  0.000006122,  0.000000061,
VCV (2),    0.000006122,  0.000065132, -0.000000128,
VCV (3),    0.000000061, -0.000000128,  0.000000101,
Cor (1),    1.000000000,  0.106590091,  0.027075735,
Cor (2),    0.106590091,  1.000000000, -0.049802372,
Cor (3),    0.027075735, -0.049802372,  1.000000000,
St.dev,     0.007116930,  0.008070424,  0.000318512,
Skewness,   0.247149538,  0.700272576, -0.266817730,
Kurtosis,   0.773885586,  0.256239390,  0.718887209,
AutoCor,   -0.531701679,  0.324656855, -0.437251020,
Markow Autoregressive (lag 1) bivariate joint 3 asset model cond. params
uProb.,   0.483356352,  0.516643648,
Prob (1),   0.531639560,  0.468360440,
Prob (2),   0.438184026,  0.561815974,
Mean,     -0.001117199, -0.004636758,  0.000020145,
Cor (1),    1.000000000, -0.552829244,  0.125762876,
Cor (2),   -0.552829244,  1.000000000, -0.414653929,
Cor (3),    0.125762876, -0.414653929,  1.000000000,
VCV (1),    0.000009546, -0.000004782,  0.000000138,
VCV (2),   -0.000004782,  0.000007837, -0.000000413,
VCV (3),    0.000000138, -0.000000413,  0.000000127,
St.dev,     0.003089629,  0.002799550,  0.000355891,
Mean,      0.001297541,  0.004664320,  0.000138677,
Cor (1),    1.000000000,  0.096682937, -0.106858888,
Cor (2),    0.096682937,  1.000000000, -0.397704098,
Cor (3),   -0.106858888, -0.397704098,  1.000000000,
VCV (1),    0.000057463,  0.000005708, -0.000000144,
VCV (2),    0.000005708,  0.000060652, -0.000000551,
VCV (3),   -0.000000144, -0.000000551,  0.000000032,
St.dev,     0.007580454,  0.007787960,  0.000177792,
AutoCor,   -0.550205933,  0.439404740, -0.456262725,

No.; 9; Score; 28.585263632084;
Markow Autoregressive (lag 1) bivariate joint 3 asset model uncond. params
uMean,      0.000283131,  0.000045158,  0.000300694,
VCV (1),    0.000025253, -0.000021465,  0.000000415,
VCV (2),   -0.000021465,  0.000065906, -0.000000498,
VCV (3),    0.000000415, -0.000000498,  0.000000165,
Cor (1),    1.000000000, -0.526151957,  0.203076787,
Cor (2),   -0.526151957,  1.000000000, -0.150966653,
Cor (3),    0.203076787, -0.150966653,  1.000000000,
St.dev,     0.005025206,  0.008118248,  0.000406573,
Skewness,  -0.002734523, -0.181370419, -0.427290848,
Kurtosis,  -0.484837653, -0.441397122,  1.044826851,
AutoCor,    0.274420718,  0.478087449,  0.089406656,
Markow Autoregressive (lag 1) bivariate joint 3 asset model cond. params
uProb.,   0.507759962,  0.492240038,
Prob (1),   0.611289743,  0.388710257,
Prob (2),   0.400965973,  0.599034027,
Mean,      0.003754804, -0.005514892,  0.000397194,
Cor (1),    1.000000000, -0.069665527, -0.566717706,
Cor (2),   -0.069665527,  1.000000000,  0.634830285,
Cor (3),   -0.566717706,  0.634830285,  1.000000000,
VCV (1),    0.000011460, -0.000001087, -0.000000465,
VCV (2),   -0.000001087,  0.000021232,  0.000000709,
VCV (3),   -0.000000465,  0.000000709,  0.000000059,
St.dev,     0.003385255,  0.004607822,  0.000242325,
Mean,     -0.003298002,  0.005780512,  0.000201150,
Cor (1),    1.000000000, -0.116042050,  0.364624023,
Cor (2),   -0.116042050,  1.000000000, -0.384061302,
Cor (3),    0.364624023, -0.384061302,  1.000000000,
VCV (1),    0.000011273, -0.000001261,  0.000000617,
VCV (2),   -0.000001261,  0.000010469, -0.000000626,
VCV (3),    0.000000617, -0.000000626,  0.000000254,
St.dev,     0.003357500,  0.003235609,  0.000503591,
AutoCor,    0.336579530,  0.729098840,  0.081946397,

