Round No; 2; best result RLS; 22.452603269755

;;;
No.; 1; Score; 22.452603269755;
Markow Autoregressive (lag 1) bivariate joint 3 asset model uncond. params
uMean,      0.000330386,  0.000573405,  0.000067299,
VCV (1),    0.000020564,  0.000001827,  0.000002775,
VCV (2),    0.000001827,  0.000017306,  0.000003677,
VCV (3),    0.000002775,  0.000003677,  0.000001632,
Cor (1),    1.000000000,  0.096854941,  0.479057370,
Cor (2),    0.096854941,  1.000000000,  0.691789314,
Cor (3),    0.479057370,  0.691789314,  1.000000000,
St.dev,     0.004534755,  0.004160039,  0.001277609,
Skewness,  -0.211505494, -0.324402302,  0.126161220,
Kurtosis,   0.413651988,  0.101353819,  0.103332246,
AutoCor,    0.269180649,  0.150735764,  0.114040772,
Markow Autoregressive (lag 1) bivariate joint 3 asset model cond. params
uProb.,   0.633237371,  0.366762629,
Prob (1),   0.476229387,  0.523770613,
Prob (2),   0.904320942,  0.095679058,
Mean,      0.001010577, -0.000638657, -0.000170836,
Cor (1),    1.000000000,  0.655608843,  0.869031976,
Cor (2),    0.655608843,  1.000000000,  0.754035542,
Cor (3),    0.869031976,  0.754035542,  1.000000000,
VCV (1),    0.000012324,  0.000009773,  0.000003477,
VCV (2),    0.000009773,  0.000018030,  0.000003649,
VCV (3),    0.000003477,  0.000003649,  0.000001299,
St.dev,     0.003510506,  0.004246213,  0.001139747,
Mean,     -0.000844005,  0.002666102,  0.000478452,
Cor (1),    1.000000000, -0.638530768,  0.272985596,
Cor (2),   -0.638530768,  1.000000000,  0.584185843,
Cor (3),    0.272985596,  0.584185843,  1.000000000,
VCV (1),    0.000027848, -0.000008670,  0.000001959,
VCV (2),   -0.000008670,  0.000006620,  0.000002043,
VCV (3),    0.000001959,  0.000002043,  0.000001848,
St.dev,     0.005277141,  0.002572862,  0.001359523,
AutoCor,    0.297360924,  0.250142546,  0.148634741,

No.; 2; Score; 38.399836329;
Markow Autoregressive (lag 1) bivariate joint 3 asset model uncond. params
uMean,      0.000149776,  0.000588924,  0.000568563,
VCV (1),    0.000033451,  0.000007154, -0.000004737,
VCV (2),    0.000007154,  0.000027608, -0.000001305,
VCV (3),   -0.000004737, -0.000001305,  0.000003737,
Cor (1),    1.000000000,  0.235406392, -0.423736092,
Cor (2),    0.235406392,  1.000000000, -0.128469569,
Cor (3),   -0.423736092, -0.128469569,  1.000000000,
St.dev,     0.005783712,  0.005254377,  0.001933022,
Skewness,   0.691105569, -0.160616398, -0.361983397,
Kurtosis,   2.060465243,  0.300547508,  0.320591251,
AutoCor,    0.482678359,  0.862876670,  0.340897215,
Markow Autoregressive (lag 1) bivariate joint 3 asset model cond. params
uProb.,   0.084863101,  0.915136899,
Prob (1),   0.519807767,  0.480192233,
Prob (2),   0.044529515,  0.955470485,
Mean,      0.007183357, -0.004178793, -0.002749235,
Cor (1),    1.000000000,  0.744832978,  0.279138624,
Cor (2),    0.744832978,  1.000000000, -0.475061095,
Cor (3),    0.279138624, -0.475061095,  1.000000000,
VCV (1),    0.000069540,  0.000021246,  0.000003300,
VCV (2),    0.000021246,  0.000011700, -0.000002304,
VCV (3),    0.000003300, -0.000002304,  0.000002010,
St.dev,     0.008339056,  0.003420551,  0.001417864,
Mean,     -0.000502467,  0.001031047,  0.000876232,
Cor (1),    1.000000000,  0.493657833, -0.406742122,
Cor (2),    0.493657833,  1.000000000, -0.603363139,
Cor (3),   -0.406742122, -0.603363139,  1.000000000,
VCV (1),    0.000017708,  0.000004389, -0.000002723,
VCV (2),    0.000004389,  0.000004464, -0.000002028,
VCV (3),   -0.000002723, -0.000002028,  0.000002531,
St.dev,     0.004208045,  0.002112744,  0.001590901,
AutoCor,    0.483854533,  0.894916192,  0.290387588,

No.; 3; Score; 39.616753412738;
Markow Autoregressive (lag 1) bivariate joint 3 asset model uncond. params
uMean,      0.000136875,  0.000013850, -0.000919812,
VCV (1),    0.000033414,  0.000002920, -0.000002025,
VCV (2),    0.000002920,  0.000028371,  0.000003137,
VCV (3),   -0.000002025,  0.000003137,  0.000004020,
Cor (1),    1.000000000,  0.094829843, -0.174762900,
Cor (2),    0.094829843,  1.000000000,  0.293698900,
Cor (3),   -0.174762900,  0.293698900,  1.000000000,
St.dev,     0.005780442,  0.005326466,  0.002004993,
Skewness,  -0.049646295, -0.012779425, -0.488542193,
Kurtosis,   0.057561931, -0.330129675, -0.137528264,
AutoCor,    0.212383602, -0.073180528, -0.199805028,
Markow Autoregressive (lag 1) bivariate joint 3 asset model cond. params
uProb.,   0.488380312,  0.511619688,
Prob (1),   0.181416408,  0.818583592,
Prob (2),   0.781400951,  0.218599049,
Mean,     -0.000570275,  0.003487195,  0.000375812,
Cor (1),    1.000000000,  0.413092275, -0.068096512,
Cor (2),    0.413092275,  1.000000000,  0.967222738,
Cor (3),   -0.068096512,  0.967222738,  1.000000000,
VCV (1),    0.000036151,  0.000009643, -0.000000470,
VCV (2),    0.000009643,  0.000015074,  0.000004311,
VCV (3),   -0.000000470,  0.000004311,  0.000001318,
St.dev,     0.006012591,  0.003882490,  0.001147940,
Mean,      0.000811903, -0.003301724, -0.002156584,
Cor (1),    1.000000000,  0.020593280, -0.184499771,
Cor (2),    0.020593280,  1.000000000, -0.857547621,
Cor (3),   -0.184499771, -0.857547621,  1.000000000,
VCV (1),    0.000026632,  0.000000423, -0.000001768,
VCV (2),    0.000000423,  0.000015847, -0.000006338,
VCV (3),   -0.000001768, -0.000006338,  0.000003447,
St.dev,     0.005160661,  0.003980777,  0.001856677,
AutoCor,    0.224157310,  0.286754722,  0.065434575,

No.; 4; Score; 41.338335701846;
Markow Autoregressive (lag 1) bivariate joint 3 asset model uncond. params
uMean,      0.000375169,  0.000530580, -0.000204701,
VCV (1),    0.000010207, -0.000009373, -0.000003606,
VCV (2),   -0.000009373,  0.000017463,  0.000004912,
VCV (3),   -0.000003606,  0.000004912,  0.000007553,
Cor (1),    1.000000000, -0.702086896, -0.410711263,
Cor (2),   -0.702086896,  1.000000000,  0.427679741,
Cor (3),   -0.410711263,  0.427679741,  1.000000000,
St.dev,     0.003194789,  0.004178818,  0.002748195,
Skewness,   1.012430331, -1.832387345,  0.147882407,
Kurtosis,   0.437732085,  2.800075204, -0.262527182,
AutoCor,    0.295982785,  0.321990287,  0.117919511,
Markow Autoregressive (lag 1) bivariate joint 3 asset model cond. params
uProb.,   0.842059490,  0.157940510,
Prob (1),   0.888849817,  0.111150183,
Prob (2),   0.592596964,  0.407403036,
Mean,     -0.000788606,  0.002136009,  0.000303575,
Cor (1),    1.000000000,  0.086426539, -0.168352772,
Cor (2),    0.086426539,  1.000000000,  0.032171086,
Cor (3),   -0.168352772,  0.032171086,  1.000000000,
VCV (1),    0.000002903,  0.000000190, -0.000000753,
VCV (2),    0.000000190,  0.000001665,  0.000000109,
VCV (3),   -0.000000753,  0.000000109,  0.000006887,
St.dev,     0.001703707,  0.001290156,  0.002624255,
Mean,      0.006579835, -0.008028760, -0.002914578,
Cor (1),    1.000000000,  0.518510015,  0.622096686,
Cor (2),    0.518510015,  1.000000000,  0.599507091,
Cor (3),    0.622096686,  0.599507091,  1.000000000,
VCV (1),    0.000001781,  0.000002251,  0.000001215,
VCV (2),    0.000002251,  0.000010588,  0.000002856,
VCV (3),    0.000001215,  0.000002856,  0.000002143,
St.dev,     0.001334414,  0.003253980,  0.001463927,
AutoCor,    0.295329662,  0.417034093,  0.078142634,

No.; 5; Score; 41.5643338129;
Markow Autoregressive (lag 1) bivariate joint 3 asset model uncond. params
uMean,      0.000645390,  0.000053590,  0.000391789,
VCV (1),    0.000015294,  0.000012799, -0.000006869,
VCV (2),    0.000012799,  0.000031717,  0.000000269,
VCV (3),   -0.000006869,  0.000000269,  0.000009356,
Cor (1),    1.000000000,  0.581130546, -0.574231314,
Cor (2),    0.581130546,  1.000000000,  0.015625062,
Cor (3),   -0.574231314,  0.015625062,  1.000000000,
St.dev,     0.003910712,  0.005631819,  0.003058736,
Skewness,  -0.553045478, -1.114642094,  0.235294505,
Kurtosis,   2.630843545,  1.433463149,  0.085190641,
AutoCor,    0.300546840, -0.010662741,  0.503492830,
Markow Autoregressive (lag 1) bivariate joint 3 asset model cond. params
uProb.,   0.352616485,  0.647383515,
Prob (1),   0.068108159,  0.931891841,
Prob (2),   0.507582317,  0.492417683,
Mean,     -0.000420743, -0.004488857,  0.002335068,
Cor (1),    1.000000000,  0.606831900, -0.794113697,
Cor (2),    0.606831900,  1.000000000,  0.558684075,
Cor (3),   -0.794113697,  0.558684075,  1.000000000,
VCV (1),    0.000032784,  0.000022959, -0.000010096,
VCV (2),    0.000022959,  0.000043663,  0.000008197,
VCV (3),   -0.000010096,  0.000008197,  0.000004930,
St.dev,     0.005725718,  0.006607808,  0.002220327,
Mean,      0.001226091,  0.002527767, -0.000666674,
Cor (1),    1.000000000,  0.530949195, -0.524445907,
Cor (2),    0.530949195,  1.000000000,  0.583996992,
Cor (3),   -0.524445907,  0.583996992,  1.000000000,
VCV (1),    0.000002316,  0.000002021, -0.000001105,
VCV (2),    0.000002021,  0.000006254,  0.000002023,
VCV (3),   -0.000001105,  0.000002023,  0.000001918,
St.dev,     0.001521776,  0.002500729,  0.001384964,
AutoCor,    0.331767576,  0.224672818,  0.769225884,

No.; 6; Score; 53.426932662589;
Markow Autoregressive (lag 1) bivariate joint 3 asset model uncond. params
uMean,      0.000650566,  0.000343698, -0.001107194,
VCV (1),    0.000026301, -0.000014392, -0.000005145,
VCV (2),   -0.000014392,  0.000024757,  0.000011047,
VCV (3),   -0.000005145,  0.000011047,  0.000010391,
Cor (1),    1.000000000, -0.564027411, -0.311200810,
Cor (2),   -0.564027411,  1.000000000,  0.688751685,
Cor (3),   -0.311200810,  0.688751685,  1.000000000,
St.dev,     0.005128404,  0.004975680,  0.003223518,
Skewness,   0.235467700,  0.230303281, -0.495872717,
Kurtosis,  -0.393466226, -0.155429260,  0.463991503,
AutoCor,    0.331300494,  0.250471778,  0.393931594,
Markow Autoregressive (lag 1) bivariate joint 3 asset model cond. params
uProb.,   0.563121910,  0.436878090,
Prob (1),   0.464704602,  0.535295398,
Prob (2),   0.689978677,  0.310021323,
Mean,     -0.002539800,  0.002719781,  0.000132340,
Cor (1),    1.000000000, -0.098102839,  0.122698478,
Cor (2),   -0.098102839,  1.000000000,  0.937928971,
Cor (3),    0.122698478,  0.937928971,  1.000000000,
VCV (1),    0.000000975, -0.000000408,  0.000000189,
VCV (2),   -0.000000408,  0.000017760,  0.000006156,
VCV (3),    0.000000189,  0.000006156,  0.000002426,
St.dev,     0.000987448,  0.004214214,  0.001557410,
Mean,      0.004762847, -0.002718998, -0.002704914,
Cor (1),    1.000000000, -0.846525030, -0.040273057,
Cor (2),   -0.846525030,  1.000000000,  0.475486816,
Cor (3),   -0.040273057,  0.475486816,  1.000000000,
VCV (1),    0.000005268, -0.000005852, -0.000000300,
VCV (2),   -0.000005852,  0.000009070,  0.000004644,
VCV (3),   -0.000000300,  0.000004644,  0.000010517,
St.dev,     0.002295166,  0.003011726,  0.003242992,
AutoCor,    0.885292433,  0.448530782,  0.539734109,

No.; 7; Score; 54.290366836808;
Markow Autoregressive (lag 1) bivariate joint 3 asset model uncond. params
uMean,      0.000416338,  0.000375831,  0.000091120,
VCV (1),    0.000015535,  0.000011939,  0.000003109,
VCV (2),    0.000011939,  0.000032085,  0.000009524,
VCV (3),    0.000003109,  0.000009524,  0.000014815,
Cor (1),    1.000000000,  0.534769294,  0.204902088,
Cor (2),    0.534769294,  1.000000000,  0.436850225,
Cor (3),    0.204902088,  0.436850225,  1.000000000,
St.dev,     0.003941469,  0.005664351,  0.003848998,
Skewness,   0.079852053,  2.361859987, -2.032966348,
Kurtosis,   0.034095708, 12.867933508, 20.136155498,
AutoCor,    0.334049740,  0.416462787,  0.375778170,
Markow Autoregressive (lag 1) bivariate joint 3 asset model cond. params
uProb.,   0.929899792,  0.070100208,
Prob (1),   0.945429384,  0.054570616,
Prob (2),   0.723895194,  0.276104806,
Mean,      0.000068788, -0.000374948,  0.000389674,
Cor (1),    1.000000000,  0.826616225,  0.592068362,
Cor (2),    0.826616225,  1.000000000,  0.672348821,
Cor (3),    0.592068362,  0.672348821,  1.000000000,
VCV (1),    0.000012392,  0.000008012,  0.000003289,
VCV (2),    0.000008012,  0.000007582,  0.000002922,
VCV (3),    0.000003289,  0.000002922,  0.000002491,
St.dev,     0.003520213,  0.002753524,  0.001578133,
Mean,      0.005026686,  0.010335136, -0.003869293,
Cor (1),    1.000000000, -0.125646222,  0.315363745,
Cor (2),   -0.125646222,  1.000000000,  0.709013267,
Cor (3),    0.315363745,  0.709013267,  1.000000000,
VCV (1),    0.000010443, -0.000005310,  0.000011708,
VCV (2),   -0.000005310,  0.000171025,  0.000106522,
VCV (3),    0.000011708,  0.000106522,  0.000131982,
St.dev,     0.003231629,  0.013077665,  0.011488327,
AutoCor,    0.346989409,  0.475693500,  0.389156454,

No.; 8; Score; 55.371681343033;
Markow Autoregressive (lag 1) bivariate joint 3 asset model uncond. params
uMean,     -0.000219419,  0.000570525,  0.000041184,
VCV (1),    0.000016581, -0.000001600,  0.000006940,
VCV (2),   -0.000001600,  0.000026935,  0.000000700,
VCV (3),    0.000006940,  0.000000700,  0.000013020,
Cor (1),    1.000000000, -0.075696820,  0.472336440,
Cor (2),   -0.075696820,  1.000000000,  0.037363405,
Cor (3),    0.472336440,  0.037363405,  1.000000000,
St.dev,     0.004071958,  0.005189937,  0.003608259,
Skewness,   0.564163257,  0.124594095, -0.609302007,
Kurtosis,  -0.440215175,  0.197468946,  0.221641795,
AutoCor,   -0.297651560,  0.344174336, -0.134828990,
Markow Autoregressive (lag 1) bivariate joint 3 asset model cond. params
uProb.,   0.484176630,  0.515823370,
Prob (1),   0.076949056,  0.923050944,
Prob (2),   0.866420023,  0.133579977,
Mean,     -0.003328261, -0.000293269, -0.002051080,
Cor (1),    1.000000000, -0.054871194, -0.748127775,
Cor (2),   -0.054871194,  1.000000000,  0.410704916,
Cor (3),   -0.748127775,  0.410704916,  1.000000000,
VCV (1),    0.000001984, -0.000000295, -0.000003877,
VCV (2),   -0.000000295,  0.000014587,  0.000005771,
VCV (3),   -0.000003877,  0.000005771,  0.000013536,
St.dev,     0.001408586,  0.003819254,  0.003679093,
Mean,      0.002698688,  0.001381325,  0.002005085,
Cor (1),    1.000000000, -0.368524516,  0.757911220,
Cor (2),   -0.368524516,  1.000000000, -0.652375921,
Cor (3),    0.757911220, -0.652375921,  1.000000000,
VCV (1),    0.000011415, -0.000006824,  0.000005177,
VCV (2),   -0.000006824,  0.000030038, -0.000007228,
VCV (3),    0.000005177, -0.000007228,  0.000004087,
St.dev,     0.003378552,  0.005480690,  0.002021645,
AutoCor,    0.296543391,  0.374437808,  0.167052276,

No.; 9; Score; 57.288197153684;
Markow Autoregressive (lag 1) bivariate joint 3 asset model uncond. params
uMean,     -0.000335734,  0.000459008, -0.000264284,
VCV (1),    0.000025947,  0.000019126,  0.000004293,
VCV (2),    0.000019126,  0.000037310,  0.000016491,
VCV (3),    0.000004293,  0.000016491,  0.000011109,
Cor (1),    1.000000000,  0.614691161,  0.252843280,
Cor (2),    0.614691161,  1.000000000,  0.810047548,
Cor (3),    0.252843280,  0.810047548,  1.000000000,
St.dev,     0.005093846,  0.006108167,  0.003332974,
Skewness,  -0.433214321,  0.549167742,  0.779757637,
Kurtosis,  -0.763042482,  0.524612938,  1.624360170,
AutoCor,    0.181410071,  0.584960277,  0.387635695,
Markow Autoregressive (lag 1) bivariate joint 3 asset model cond. params
uProb.,   0.543782727,  0.456217273,
Prob (1),   0.621286732,  0.378713268,
Prob (2),   0.451402755,  0.548597245,
Mean,     -0.004017624, -0.002225987, -0.001369809,
Cor (1),    1.000000000,  0.797574676, -0.089173710,
Cor (2),    0.797574676,  1.000000000, -0.189644644,
Cor (3),   -0.089173710, -0.189644644,  1.000000000,
VCV (1),    0.000014576,  0.000005073, -0.000000330,
VCV (2),    0.000005073,  0.000002775, -0.000000306,
VCV (3),   -0.000000330, -0.000000306,  0.000000937,
St.dev,     0.003817916,  0.001665840,  0.000968155,
Mean,      0.004052852,  0.003659356,  0.001053433,
Cor (1),    1.000000000,  0.817432151, -0.100641645,
Cor (2),    0.817432151,  1.000000000,  0.950125528,
Cor (3),   -0.100641645,  0.950125528,  1.000000000,
VCV (1),    0.000003221,  0.000007760, -0.000000729,
VCV (2),    0.000007760,  0.000027982,  0.000020290,
VCV (3),   -0.000000729,  0.000020290,  0.000016298,
St.dev,     0.001794588,  0.005289774,  0.004037119,
AutoCor,    0.200435758,  0.709163479,  0.420500959,

No.; 10; Score; 57.340933619385;
Markow Autoregressive (lag 1) bivariate joint 3 asset model uncond. params
uMean,      0.001128565, -0.000853896,  0.000171887,
VCV (1),    0.000007759, -0.000002324,  0.000005919,
VCV (2),   -0.000002324,  0.000026764, -0.000009386,
VCV (3),    0.000005919, -0.000009386,  0.000011185,
Cor (1),    1.000000000, -0.161249024,  0.635324518,
Cor (2),   -0.161249024,  1.000000000, -0.542476543,
Cor (3),    0.635324518, -0.542476543,  1.000000000,
St.dev,     0.002785554,  0.005173429,  0.003344384,
Skewness,   1.017253271,  0.364555404, -0.853341269,
Kurtosis,  35.837991736,  1.299474257,  4.917359949,
AutoCor,    0.077218688,  0.233294882,  0.372813382,
Markow Autoregressive (lag 1) bivariate joint 3 asset model cond. params
uProb.,   0.026321648,  0.973678352,
Prob (1),   0.029509239,  0.970490761,
Prob (2),   0.026235477,  0.973764523,
Mean,      0.002809425,  0.007242544, -0.005489323,
Cor (1),    1.000000000,  0.120837819,  0.701235627,
Cor (2),    0.120837819,  1.000000000,  0.963961286,
Cor (3),    0.701235627,  0.963961286,  1.000000000,
VCV (1),    0.000168009,  0.000013925,  0.000074806,
VCV (2),    0.000013925,  0.000079039,  0.000070532,
VCV (3),    0.000074806,  0.000070532,  0.000067735,
St.dev,     0.012961830,  0.008890386,  0.008230138,
Mean,      0.001083126, -0.001072768,  0.000324927,
Cor (1),    1.000000000, -0.362818375,  0.854979199,
Cor (2),   -0.362818375,  1.000000000, -0.759036235,
Cor (3),    0.854979199, -0.759036235,  1.000000000,
VCV (1),    0.000003301, -0.000003087,  0.000004121,
VCV (2),   -0.000003087,  0.000021932, -0.000009430,
VCV (3),    0.000004121, -0.000009430,  0.000007038,
St.dev,     0.001816826,  0.004683167,  0.002652929,
AutoCor,    0.077953780,  0.249604641,  0.403841822,

No.; 11; Score; 59.836391196937;
Markow Autoregressive (lag 1) bivariate joint 3 asset model uncond. params
uMean,     -0.000093765, -0.000055982, -0.000060880,
VCV (1),    0.000020761, -0.000002883,  0.000000002,
VCV (2),   -0.000002883,  0.000051229,  0.000001957,
VCV (3),    0.000000002,  0.000001957,  0.000009745,
Cor (1),    1.000000000, -0.088412674,  0.000147143,
Cor (2),   -0.088412674,  1.000000000,  0.087570888,
Cor (3),    0.000147143,  0.087570888,  1.000000000,
St.dev,     0.004556427,  0.007157442,  0.003121702,
Skewness,   0.656914505,  0.715161598,  0.363186470,
Kurtosis,  -0.094954479,  2.425357326,  0.070493065,
AutoCor,    0.252729269,  0.278870699,  0.267534588,
Markow Autoregressive (lag 1) bivariate joint 3 asset model cond. params
uProb.,   0.544568578,  0.455431422,
Prob (1),   0.660269355,  0.339730645,
Prob (2),   0.406222815,  0.593777185,
Mean,      0.002583129, -0.001809209, -0.001528492,
Cor (1),    1.000000000, -0.486258879,  0.892418567,
Cor (2),   -0.486258879,  1.000000000, -0.811609678,
Cor (3),    0.892418567, -0.811609678,  1.000000000,
VCV (1),    0.000018247, -0.000003681,  0.000008279,
VCV (2),   -0.000003681,  0.000003141, -0.000003124,
VCV (3),    0.000008279, -0.000003124,  0.000004716,
St.dev,     0.004271633,  0.001772154,  0.002171735,
Mean,     -0.003294582,  0.002040388,  0.001693972,
Cor (1),    1.000000000,  0.574610956, -0.053357518,
Cor (2),    0.574610956,  1.000000000,  0.050936809,
Cor (3),   -0.053357518,  0.050936809,  1.000000000,
VCV (1),    0.000003256,  0.000009969, -0.000000288,
VCV (2),    0.000009969,  0.000092427,  0.000001464,
VCV (3),   -0.000000288,  0.000001464,  0.000008935,
St.dev,     0.001804531,  0.009613887,  0.002989134,
AutoCor,    0.251803582,  0.280789356,  0.272379734,

No.; 12; Score; 61.591440272452;
Markow Autoregressive (lag 1) bivariate joint 3 asset model uncond. params
uMean,      0.000593038,  0.000203195, -0.000572851,
VCV (1),    0.000024777,  0.000011285,  0.000004741,
VCV (2),    0.000011285,  0.000064473,  0.000013314,
VCV (3),    0.000004741,  0.000013314,  0.000004535,
Cor (1),    1.000000000,  0.282342393,  0.447252438,
Cor (2),    0.282342393,  1.000000000,  0.778693620,
Cor (3),    0.447252438,  0.778693620,  1.000000000,
St.dev,     0.004977628,  0.008029491,  0.002129449,
Skewness,   0.193646081, -0.144881675,  0.002365517,
Kurtosis,  -0.160000420,  0.494946170,  0.002374312,
AutoCor,    0.542531413,  0.461273501,  0.723912235,
Markow Autoregressive (lag 1) bivariate joint 3 asset model cond. params
uProb.,   0.405359981,  0.594640019,
Prob (1),   0.394888280,  0.605111720,
Prob (2),   0.412498433,  0.587501567,
Mean,      0.004195425,  0.001377470, -0.000657183,
Cor (1),    1.000000000,  0.520672592,  0.757668446,
Cor (2),    0.520672592,  1.000000000,  0.680988735,
Cor (3),    0.757668446,  0.680988735,  1.000000000,
VCV (1),    0.000006212,  0.000005521,  0.000002681,
VCV (2),    0.000005521,  0.000018097,  0.000004114,
VCV (3),    0.000002681,  0.000004114,  0.000002016,
St.dev,     0.002492394,  0.004254019,  0.001419958,
Mean,     -0.001862673, -0.000597296, -0.000515363,
Cor (1),    1.000000000,  0.321096863,  0.515728282,
Cor (2),    0.321096863,  1.000000000,  0.955464027,
Cor (3),    0.515728282,  0.955464027,  1.000000000,
VCV (1),    0.000003036,  0.000004716,  0.000001346,
VCV (2),    0.000004716,  0.000071069,  0.000012062,
VCV (3),    0.000001346,  0.000012062,  0.000002242,
St.dev,     0.001742343,  0.008430248,  0.001497447,
AutoCor,    0.853588345,  0.468358813,  0.724705885,

No.; 13; Score; 62.391136779099;
Markow Autoregressive (lag 1) bivariate joint 3 asset model uncond. params
uMean,     -0.000286564,  0.000842742,  0.000265811,
VCV (1),    0.000016683, -0.000001542, -0.000009630,
VCV (2),   -0.000001542,  0.000043021, -0.000008464,
VCV (3),   -0.000009630, -0.000008464,  0.000013070,
Cor (1),    1.000000000, -0.057544572, -0.652131298,
Cor (2),   -0.057544572,  1.000000000, -0.356929452,
Cor (3),   -0.652131298, -0.356929452,  1.000000000,
St.dev,     0.004084511,  0.006559003,  0.003615223,
Skewness,   0.094001416,  0.180995128,  0.248497482,
Kurtosis,  -0.551087643,  0.170111526,  0.229749534,
AutoCor,    0.490883240,  0.068941273,  0.460329299,
Markow Autoregressive (lag 1) bivariate joint 3 asset model cond. params
uProb.,   0.313882474,  0.686117526,
Prob (1),   0.596204776,  0.403795224,
Prob (2),   0.184726725,  0.815273275,
Mean,      0.004025136, -0.001321060, -0.001139516,
Cor (1),    1.000000000,  0.954994306,  0.685607775,
Cor (2),    0.954994306,  1.000000000,  0.360342374,
Cor (3),    0.685607775,  0.360342374,  1.000000000,
VCV (1),    0.000003518,  0.000008543,  0.000002465,
VCV (2),    0.000008543,  0.000022747,  0.000003294,
VCV (3),    0.000002465,  0.000003294,  0.000003673,
St.dev,     0.001875593,  0.004769392,  0.001916603,
Mean,     -0.002259065,  0.001832630,  0.000908714,
Cor (1),    1.000000000, -0.002858564, -0.957109853,
Cor (2),   -0.002858564,  1.000000000, -0.634157666,
Cor (3),   -0.957109853, -0.634157666,  1.000000000,
VCV (1),    0.000006391, -0.000000051, -0.000008463,
VCV (2),   -0.000000051,  0.000049018, -0.000015530,
VCV (3),   -0.000008463, -0.000015530,  0.000012235,
St.dev,     0.002527965,  0.007001315,  0.003497818,
AutoCor,    0.573457833,  0.050993329,  0.463957059,

No.; 14; Score; 62.913064390293;
Markow Autoregressive (lag 1) bivariate joint 3 asset model uncond. params
uMean,      0.000804166,  0.000013297,  0.000644104,
VCV (1),    0.000020475,  0.000020678, -0.000013706,
VCV (2),    0.000020678,  0.000047092, -0.000011830,
VCV (3),   -0.000013706, -0.000011830,  0.000011794,
Cor (1),    1.000000000,  0.665908874, -0.882004565,
Cor (2),    0.665908874,  1.000000000, -0.501959386,
Cor (3),   -0.882004565, -0.501959386,  1.000000000,
St.dev,     0.004524907,  0.006862385,  0.003434194,
Skewness,   0.923787497, -0.025474240, -0.617484841,
Kurtosis,   0.522007628, -0.346059627,  0.522973837,
AutoCor,    0.209874476,  0.230425369,  0.271204132,
Markow Autoregressive (lag 1) bivariate joint 3 asset model cond. params
uProb.,   0.538234932,  0.461765068,
Prob (1),   0.771855491,  0.228144509,
Prob (2),   0.265926015,  0.734073985,
Mean,     -0.001832380, -0.004069827,  0.002153378,
Cor (1),    1.000000000,  0.083110225, -0.778273693,
Cor (2),    0.083110225,  1.000000000, -0.782486773,
Cor (3),   -0.778273693, -0.782486773,  1.000000000,
VCV (1),    0.000003471,  0.000000836, -0.000002987,
VCV (2),    0.000000836,  0.000029118, -0.000008700,
VCV (3),   -0.000002987, -0.000008700,  0.000004245,
St.dev,     0.001863018,  0.005396090,  0.002060375,
Mean,      0.003877333,  0.004772600, -0.001115110,
Cor (1),    1.000000000,  0.685146083, -0.900945376,
Cor (2),    0.685146083,  1.000000000,  0.008043750,
Cor (3),   -0.900945376,  0.008043750,  1.000000000,
VCV (1),    0.000022741,  0.000016621, -0.000016091,
VCV (2),    0.000016621,  0.000025878,  0.000000153,
VCV (3),   -0.000016091,  0.000000153,  0.000014027,
St.dev,     0.004768742,  0.005087076,  0.003745228,
AutoCor,    0.015988917,  0.036863629,  0.203006529,

No.; 15; Score; 67.293329314285;
Markow Autoregressive (lag 1) bivariate joint 3 asset model uncond. params
uMean,      0.000128578,  0.000059865, -0.000552342,
VCV (1),    0.000031294,  0.000018798, -0.000002177,
VCV (2),    0.000018798,  0.000032693, -0.000006055,
VCV (3),   -0.000002177, -0.000006055,  0.000012421,
Cor (1),    1.000000000,  0.587690558, -0.110416704,
Cor (2),    0.587690558,  1.000000000, -0.300447175,
Cor (3),   -0.110416704, -0.300447175,  1.000000000,
St.dev,     0.005594140,  0.005717791,  0.003524403,
Skewness,   0.197462477,  0.738573143, -0.274248328,
Kurtosis,  -0.757180293,  0.341327362,  0.368600521,
AutoCor,   -0.372151171, -0.134972608,  0.186871834,
Markow Autoregressive (lag 1) bivariate joint 3 asset model cond. params
uProb.,   0.551449840,  0.448550160,
Prob (1),   0.207353318,  0.792646682,
Prob (2),   0.974483848,  0.025516152,
Mean,      0.004044967,  0.002844256, -0.001352985,
Cor (1),    1.000000000,  0.413401344,  0.170208778,
Cor (2),    0.413401344,  1.000000000, -0.222050647,
Cor (3),    0.170208778, -0.222050647,  1.000000000,
VCV (1),    0.000015505,  0.000009902,  0.000002614,
VCV (2),    0.000009902,  0.000037005, -0.000005268,
VCV (3),    0.000002614, -0.000005268,  0.000015212,
St.dev,     0.003937669,  0.006083135,  0.003900254,
Mean,     -0.004686251, -0.003363279,  0.000431972,
Cor (1),    1.000000000, -0.079650444,  0.049322927,
Cor (2),   -0.079650444,  1.000000000, -0.124199221,
Cor (3),    0.049322927, -0.124199221,  1.000000000,
VCV (1),    0.000007242, -0.000000495,  0.000000314,
VCV (2),   -0.000000495,  0.000005334, -0.000000678,
VCV (3),    0.000000314, -0.000000678,  0.000005593,
St.dev,     0.002691018,  0.002309626,  0.002365008,
AutoCor,    0.226677748,  0.125168778,  0.251499351,

No.; 16; Score; 68.30960465609;
Markow Autoregressive (lag 1) bivariate joint 3 asset model uncond. params
uMean,      0.000065251,  0.000364649, -0.000561137,
VCV (1),    0.000044900, -0.000003070, -0.000002466,
VCV (2),   -0.000003070,  0.000025254,  0.000006611,
VCV (3),   -0.000002466,  0.000006611,  0.000007565,
Cor (1),    1.000000000, -0.091158202, -0.133811431,
Cor (2),   -0.091158202,  1.000000000,  0.478333524,
Cor (3),   -0.133811431,  0.478333524,  1.000000000,
St.dev,     0.006700748,  0.005025300,  0.002750397,
Skewness,  -1.510134460,  0.114517842,  0.453375894,
Kurtosis,  15.748007771,  0.091091433,  2.596635603,
AutoCor,    0.654257998,  0.422156379,  0.041207820,
Markow Autoregressive (lag 1) bivariate joint 3 asset model cond. params
uProb.,   0.884031525,  0.115968475,
Prob (1),   0.969953177,  0.030046823,
Prob (2),   0.229047926,  0.770952074,
Mean,      0.000643953, -0.000237840, -0.000731082,
Cor (1),    1.000000000, -0.561697112,  0.296623588,
Cor (2),   -0.561697112,  1.000000000,  0.683412851,
Cor (3),    0.296623588,  0.683412851,  1.000000000,
VCV (1),    0.000001401, -0.000002895,  0.000000783,
VCV (2),   -0.000002895,  0.000018963,  0.000006641,
VCV (3),    0.000000783,  0.000006641,  0.000004979,
St.dev,     0.001183730,  0.004354687,  0.002231343,
Mean,     -0.004346208,  0.004957442,  0.000734357,
Cor (1),    1.000000000,  0.299552890, -0.288526497,
Cor (2),    0.299552890,  1.000000000, -0.031783037,
Cor (3),   -0.288526497, -0.031783037,  1.000000000,
VCV (1),    0.000200657,  0.000019404, -0.000020579,
VCV (2),    0.000019404,  0.000020911, -0.000000732,
VCV (3),   -0.000020579, -0.000000732,  0.000025352,
St.dev,     0.014165335,  0.004572858,  0.005035063,
AutoCor,    0.649034425,  0.382932372,  0.020233388,

No.; 17; Score; 68.446032848489;
Markow Autoregressive (lag 1) bivariate joint 3 asset model uncond. params
uMean,     -0.000465044,  0.000068037, -0.000382413,
VCV (1),    0.000020805,  0.000017820,  0.000003276,
VCV (2),    0.000017820,  0.000027085,  0.000010181,
VCV (3),    0.000003276,  0.000010181,  0.000015967,
Cor (1),    1.000000000,  0.750685257,  0.179756672,
Cor (2),    0.750685257,  1.000000000,  0.489546580,
Cor (3),    0.179756672,  0.489546580,  1.000000000,
St.dev,     0.004561267,  0.005204360,  0.003995898,
Skewness,   0.130719455, -1.174220436, -0.066377666,
Kurtosis,  -0.414285727,  2.350304819, -0.100731039,
AutoCor,    0.258335675,  0.051865502,  0.513987593,
Markow Autoregressive (lag 1) bivariate joint 3 asset model cond. params
uProb.,   0.721501522,  0.278498478,
Prob (1),   0.749154887,  0.250845113,
Prob (2),   0.649860396,  0.350139604,
Mean,      0.001217805,  0.001729791,  0.000828889,
Cor (1),    1.000000000,  0.768869703, -0.010595932,
Cor (2),    0.768869703,  1.000000000,  0.804959851,
Cor (3),   -0.010595932,  0.804959851,  1.000000000,
VCV (1),    0.000014287,  0.000008501, -0.000000109,
VCV (2),    0.000008501,  0.000008557,  0.000006424,
VCV (3),   -0.000000109,  0.000006424,  0.000007442,
St.dev,     0.003779772,  0.002925207,  0.002727987,
Mean,     -0.004824773, -0.004237042, -0.003520516,
Cor (1),    1.000000000,  0.932852155, -0.894829707,
Cor (2),    0.932852155,  1.000000000,  0.044769253,
Cor (3),   -0.894829707,  0.044769253,  1.000000000,
VCV (1),    0.000005593,  0.000015493, -0.000005317,
VCV (2),    0.000015493,  0.000049312,  0.000000790,
VCV (3),   -0.000005317,  0.000000790,  0.000006312,
St.dev,     0.002365012,  0.007022275,  0.002512407,
AutoCor,    0.344971704,  0.034841785,  0.643555814,

No.; 18; Score; 68.559837898888;
Markow Autoregressive (lag 1) bivariate joint 3 asset model uncond. params
uMean,     -0.000342568,  0.000548200,  0.000589864,
VCV (1),    0.000007434,  0.000001895,  0.000003235,
VCV (2),    0.000001895,  0.000071474, -0.000007556,
VCV (3),    0.000003235, -0.000007556,  0.000006612,
Cor (1),    1.000000000,  0.082205731,  0.461395052,
Cor (2),    0.082205731,  1.000000000, -0.347588753,
Cor (3),    0.461395052, -0.347588753,  1.000000000,
St.dev,     0.002726523,  0.008454230,  0.002571296,
Skewness,   0.969675205,  0.028050940,  1.988223607,
Kurtosis,   4.043942256, -0.007904761, 16.198639506,
AutoCor,    0.620429185,  0.258352764,  0.495989036,
Markow Autoregressive (lag 1) bivariate joint 3 asset model cond. params
uProb.,   0.979819346,  0.020180654,
Prob (1),   0.982636958,  0.017363042,
Prob (2),   0.843017498,  0.156982502,
Mean,     -0.000525177,  0.000677086,  0.000451959,
Cor (1),    1.000000000,  0.197147129,  0.372480198,
Cor (2),    0.197147129,  1.000000000, -0.411824519,
Cor (3),    0.372480198, -0.411824519,  1.000000000,
VCV (1),    0.000002313,  0.000002455,  0.000000917,
VCV (2),    0.000002455,  0.000067056, -0.000005460,
VCV (3),    0.000000917, -0.000005460,  0.000002621,
St.dev,     0.001520773,  0.008188791,  0.001619048,
Mean,      0.008523541, -0.005709516,  0.007285516,
Cor (1),    1.000000000,  0.169446568,  0.474668842,
Cor (2),    0.169446568,  1.000000000, -0.729230785,
Cor (3),    0.474668842, -0.729230785,  1.000000000,
VCV (1),    0.000011909,  0.000001832,  0.000013521,
VCV (2),    0.000001832,  0.000009813, -0.000018856,
VCV (3),    0.000013521, -0.000018856,  0.000068134,
St.dev,     0.003450884,  0.003132552,  0.008254361,
AutoCor,    0.754300235,  0.259707872,  0.553838730,

No.; 19; Score; 68.900639850701;
Markow Autoregressive (lag 1) bivariate joint 3 asset model uncond. params
uMean,     -0.000055671, -0.000148672, -0.000836352,
VCV (1),    0.000009531,  0.000009492,  0.000001024,
VCV (2),    0.000009492,  0.000023215, -0.000007377,
VCV (3),    0.000001024, -0.000007377,  0.000016050,
Cor (1),    1.000000000,  0.638136204,  0.082808573,
Cor (2),    0.638136204,  1.000000000, -0.382172110,
Cor (3),    0.082808573, -0.382172110,  1.000000000,
St.dev,     0.003087201,  0.004818207,  0.004006280,
Skewness,   0.223703335, -0.035505253,  0.010798644,
Kurtosis,  -0.129848530,  0.569348418,  0.007033419,
AutoCor,    0.276124534,  0.523347224,  0.812211553,
Markow Autoregressive (lag 1) bivariate joint 3 asset model cond. params
uProb.,   0.077506503,  0.922493497,
Prob (1),   0.187299810,  0.812700190,
Prob (2),   0.068281836,  0.931718164,
Mean,      0.005605067, -0.000619694,  0.000804788,
Cor (1),    1.000000000, -0.299203215, -0.252909357,
Cor (2),   -0.299203215,  1.000000000, -0.885605899,
Cor (3),   -0.252909357, -0.885605899,  1.000000000,
VCV (1),    0.000000957, -0.000002052, -0.000000602,
VCV (2),   -0.000002052,  0.000049129, -0.000015098,
VCV (3),   -0.000000602, -0.000015098,  0.000005916,
St.dev,     0.000978233,  0.007009213,  0.002432307,
Mean,     -0.000531277, -0.000109097, -0.000974238,
Cor (1),    1.000000000,  0.923750731,  0.042109420,
Cor (2),    0.923750731,  1.000000000, -0.383828966,
Cor (3),    0.042109420, -0.383828966,  1.000000000,
VCV (1),    0.000006486,  0.000008841,  0.000000241,
VCV (2),    0.000008841,  0.000014122, -0.000003245,
VCV (3),    0.000000241, -0.000003245,  0.000005063,
St.dev,     0.002546744,  0.003757921,  0.002250017,
AutoCor,    0.337976373,  0.523672140,  0.822124544,

No.; 20; Score; 69.96304138172;
Markow Autoregressive (lag 1) bivariate joint 3 asset model uncond. params
uMean,      0.001245320, -0.000875024, -0.000541703,
VCV (1),    0.000010327,  0.000002687, -0.000006133,
VCV (2),    0.000002687,  0.000046438, -0.000003865,
VCV (3),   -0.000006133, -0.000003865,  0.000014633,
Cor (1),    1.000000000,  0.122707033, -0.498939617,
Cor (2),    0.122707033,  1.000000000, -0.148259105,
Cor (3),   -0.498939617, -0.148259105,  1.000000000,
St.dev,     0.003213542,  0.006814540,  0.003825317,
Skewness,  -0.168424349, -0.188679340, -0.796922123,
Kurtosis,   0.069943412,  9.730761584,  1.834760223,
AutoCor,    0.062625612,  0.609289702,  0.568608462,
Markow Autoregressive (lag 1) bivariate joint 3 asset model cond. params
uProb.,   0.132723394,  0.867276606,
Prob (1),   0.512563184,  0.487436816,
Prob (2),   0.074594735,  0.925405265,
Mean,      0.003074146, -0.001522139, -0.005175286,
Cor (1),    1.000000000, -0.517246246,  0.522427234,
Cor (2),   -0.517246246,  1.000000000, -0.178286289,
Cor (3),    0.522427234, -0.178286289,  1.000000000,
VCV (1),    0.000002202, -0.000010781,  0.000003439,
VCV (2),   -0.000010781,  0.000197319, -0.000011110,
VCV (3),    0.000003439, -0.000011110,  0.000019681,
St.dev,     0.001483851,  0.014047031,  0.004436340,
Mean,      0.000965447, -0.000775993,  0.000167395,
Cor (1),    1.000000000,  0.796875915, -0.784634651,
Cor (2),    0.796875915,  1.000000000, -0.340620123,
Cor (3),   -0.784634651, -0.340620123,  1.000000000,
VCV (1),    0.000010959,  0.000004870, -0.000005957,
VCV (2),    0.000004870,  0.000003408, -0.000001442,
VCV (3),   -0.000005957, -0.000001442,  0.000005260,
St.dev,     0.003310456,  0.001846202,  0.002293520,
AutoCor,    0.043051962,  0.609526452,  0.606435662,

No.; 21; Score; 70.422257009133;
Markow Autoregressive (lag 1) bivariate joint 3 asset model uncond. params
uMean,     -0.000057511,  0.000177525,  0.000063662,
VCV (1),    0.000018942,  0.000000824,  0.000006314,
VCV (2),    0.000000824,  0.000031380, -0.000005023,
VCV (3),    0.000006314, -0.000005023,  0.000015522,
Cor (1),    1.000000000,  0.033814223,  0.368241171,
Cor (2),    0.033814223,  1.000000000, -0.227577533,
Cor (3),    0.368241171, -0.227577533,  1.000000000,
St.dev,     0.004352286,  0.005601816,  0.003939832,
Skewness,   3.707212161, -3.126496568,  2.025219323,
Kurtosis,  25.590503825, 26.483400604,  9.827344044,
AutoCor,    0.318637536,  0.452911068,  0.134929129,
Markow Autoregressive (lag 1) bivariate joint 3 asset model cond. params
uProb.,   0.943411786,  0.056588214,
Prob (1),   0.954119677,  0.045880323,
Prob (2),   0.764894914,  0.235105086,
Mean,     -0.000623597,  0.000743688, -0.000423577,
Cor (1),    1.000000000,  0.907429420, -0.669423303,
Cor (2),    0.907429420,  1.000000000, -0.790863587,
Cor (3),   -0.669423303, -0.790863587,  1.000000000,
VCV (1),    0.000002858,  0.000002411, -0.000003115,
VCV (2),    0.000002411,  0.000002471, -0.000003422,
VCV (3),   -0.000003115, -0.000003422,  0.000007575,
St.dev,     0.001690577,  0.001571935,  0.002752363,
Mean,      0.009380004, -0.009261265,  0.008186675,
Cor (1),    1.000000000,  0.220633261,  0.737790832,
Cor (2),    0.220633261,  1.000000000,  0.332314092,
Cor (3),    0.737790832,  0.332314092,  1.000000000,
VCV (1),    0.000159876,  0.000048370,  0.000080951,
VCV (2),    0.000048370,  0.000300625,  0.000049999,
VCV (3),    0.000080951,  0.000049999,  0.000075300,
St.dev,     0.012644198,  0.017338535,  0.008677533,
AutoCor,    0.369474524,  0.507031731,  0.116346817,

No.; 22; Score; 72.137508490276;
Markow Autoregressive (lag 1) bivariate joint 3 asset model uncond. params
uMean,      0.000391706,  0.000048382, -0.000294231,
VCV (1),    0.000031770,  0.000008850,  0.000007448,
VCV (2),    0.000008850,  0.000034239, -0.000004188,
VCV (3),    0.000007448, -0.000004188,  0.000013394,
Cor (1),    1.000000000,  0.268347529,  0.361041367,
Cor (2),    0.268347529,  1.000000000, -0.195568045,
Cor (3),    0.361041367, -0.195568045,  1.000000000,
St.dev,     0.005636511,  0.005851389,  0.003659738,
Skewness,   0.005810368,  0.650013885,  0.035257704,
Kurtosis,   0.039562265,  0.381206088,  0.037369818,
AutoCor,    0.669727361, -0.012372567,  0.273160232,
Markow Autoregressive (lag 1) bivariate joint 3 asset model cond. params
uProb.,   0.559472532,  0.440527468,
Prob (1),   0.361167802,  0.638832198,
Prob (2),   0.811320733,  0.188679267,
Mean,      0.000299210, -0.002830087, -0.000641425,
Cor (1),    1.000000000,  0.707948895, -0.144388076,
Cor (2),    0.707948895,  1.000000000,  0.186805116,
Cor (3),   -0.144388076,  0.186805116,  1.000000000,
VCV (1),    0.000013950,  0.000009020, -0.000001776,
VCV (2),    0.000009020,  0.000011637,  0.000002099,
VCV (3),   -0.000001776,  0.000002099,  0.000010849,
St.dev,     0.003734907,  0.003411335,  0.003293834,
Mean,      0.000509176,  0.003704054,  0.000146709,
Cor (1),    1.000000000,  0.192485189,  0.909160566,
Cor (2),    0.192485189,  1.000000000, -0.633580215,
Cor (3),    0.909160566, -0.633580215,  1.000000000,
VCV (1),    0.000022004,  0.000005513,  0.000015898,
VCV (2),    0.000005513,  0.000037275, -0.000014419,
VCV (3),    0.000015898, -0.000014419,  0.000013895,
St.dev,     0.004690879,  0.006105365,  0.003727649,
AutoCor,    0.670110491,  0.181869486,  0.281523402,

No.; 23; Score; 72.235309224174;
