Round No; 8; best result RLS; 8.015996666619

;;;
Statistical description of data for: Meginajums1
Calib/Tail/Per/Cur, 784, 9999, 23, 0,
Title,    INDEX WITH EQUAL WEIGHTS based on market value,EQUITY LM SNP,REX BOND     ,
Mean,       0.000158634,  0.000175148,  0.000011824,
VCV (1),    0.000022943, -0.000000281, -0.000000006,
VCV (2),   -0.000000281,  0.000027803, -0.000000034,
VCV (3),   -0.000000006, -0.000000034,  0.000000099,
St.dev,     0.004789897,  0.005272874,  0.000315163,
Skewness,  -1.581739356, -0.533728382, -0.333150084,
Kurtosis,  24.552038003,  6.345066446, 26.810331499,
AutoCor,   -0.072787598,  0.126724186, -0.366572783,
No.; 1; Score; 8.015996666619;
Markow Autoregressive (lag 1) bivariate joint 3 asset model uncond. params
uMean,     -0.004878770,  0.001709977, -0.000317278,
VCV (1),    0.000021829,  0.000005647, -0.000000392,
VCV (2),    0.000005647,  0.000022601,  0.000000759,
VCV (3),   -0.000000392,  0.000000759,  0.000000165,
Cor (1),    1.000000000,  0.254253967, -0.206382002,
Cor (2),    0.254253967,  1.000000000,  0.392785334,
Cor (3),   -0.206382002,  0.392785334,  1.000000000,
St.dev,     0.004672140,  0.004754055,  0.000406469,
Skewness,   0.032740678, -0.883286087, -0.030776656,
Kurtosis,   0.018334250,  1.147213040,  0.122645948,
AutoCor,    0.440819311, -0.216400978, -0.137826645,
Markow Autoregressive (lag 1) bivariate joint 3 asset model cond. params
uProb.,   0.742039103,  0.257960897,
Prob (1),   0.750273610,  0.249726390,
Prob (2),   0.718352076,  0.281647924,
Mean,     -0.004541067,  0.003390469, -0.000329327,
Cor (1),    1.000000000,  0.486672363, -0.147801690,
Cor (2),    0.486672363,  1.000000000,  0.820152550,
Cor (3),   -0.147801690,  0.820152550,  1.000000000,
VCV (1),    0.000018413,  0.000005865, -0.000000270,
VCV (2),    0.000005865,  0.000007887,  0.000000982,
VCV (3),   -0.000000270,  0.000000982,  0.000000182,
St.dev,     0.004291041,  0.002808355,  0.000426150,
Mean,     -0.005850190, -0.003124054, -0.000282617,
Cor (1),    1.000000000,  0.061489258, -0.658471680,
Cor (2),    0.061489258,  1.000000000,  0.113983276,
Cor (3),   -0.658471680,  0.113983276,  1.000000000,
VCV (1),    0.000013725,  0.000001169, -0.000000788,
VCV (2),    0.000001169,  0.000026333,  0.000000189,
VCV (3),   -0.000000788,  0.000000189,  0.000000104,
St.dev,     0.003704707,  0.005131613,  0.000322873,
AutoCor,    0.447058106, -0.355738745, -0.138256836,

No.; 2; Score; 15.065449547074;
Markow Autoregressive (lag 1) bivariate joint 3 asset model uncond. params
uMean,      0.000182918,  0.000207886,  0.000062249,
VCV (1),    0.000044176, -0.000027523,  0.000000451,
VCV (2),   -0.000027523,  0.000050739,  0.000001331,
VCV (3),    0.000000451,  0.000001331,  0.000000200,
Cor (1),    1.000000000, -0.581332999,  0.151796170,
Cor (2),   -0.581332999,  1.000000000,  0.418409854,
Cor (3),    0.151796170,  0.418409854,  1.000000000,
St.dev,     0.006646504,  0.007123136,  0.000446697,
Skewness,  -0.054435877, -0.479748238, -0.018835723,
Kurtosis,   0.025356140, -0.360915004,  0.309576476,
AutoCor,   -0.262210637,  0.284085182, -0.210003969,
Markow Autoregressive (lag 1) bivariate joint 3 asset model cond. params
uProb.,   0.457089496,  0.542910504,
Prob (1),   0.654861382,  0.345138618,
Prob (2),   0.290580557,  0.709419443,
Mean,     -0.001236175,  0.005536771,  0.000052724,
Cor (1),    1.000000000, -0.387122619,  0.172439627,
Cor (2),   -0.387122619,  1.000000000,  0.600590642,
Cor (3),    0.172439627,  0.600590642,  1.000000000,
VCV (1),    0.000043199, -0.000008619,  0.000000577,
VCV (2),   -0.000008619,  0.000011476,  0.000001036,
VCV (3),    0.000000577,  0.000001036,  0.000000259,
St.dev,     0.006572557,  0.003387629,  0.000509222,
Mean,      0.001377688, -0.004278632,  0.000070268,
Cor (1),    1.000000000, -0.935062868,  0.126496323,
Cor (2),   -0.935062868,  1.000000000,  0.793573779,
Cor (3),    0.126496323,  0.793573779,  1.000000000,
VCV (1),    0.000035421, -0.000034090,  0.000000274,
VCV (2),   -0.000034090,  0.000037524,  0.000001772,
VCV (3),    0.000000274,  0.000001772,  0.000000133,
St.dev,     0.005951583,  0.006125709,  0.000364472,
AutoCor,   -0.287215265,  0.212625553, -0.210223869,

No.; 3; Score; 16.03866827952;
Markow Autoregressive (lag 1) bivariate joint 3 asset model uncond. params
uMean,     -0.000054770, -0.000158628, -0.000183881,
VCV (1),    0.000038618, -0.000014405, -0.000000291,
VCV (2),   -0.000014405,  0.000026494,  0.000000149,
VCV (3),   -0.000000291,  0.000000149,  0.000000164,
Cor (1),    1.000000000, -0.450347557, -0.115677591,
Cor (2),   -0.450347557,  1.000000000,  0.071748883,
Cor (3),   -0.115677591,  0.071748883,  1.000000000,
St.dev,     0.006214357,  0.005147187,  0.000404755,
Skewness,   0.095592971,  0.256485588,  0.895276817,
Kurtosis,  -0.233170031,  0.190324681,  0.665924002,
AutoCor,   -0.095440818,  0.041396481,  0.111132108,
Markow Autoregressive (lag 1) bivariate joint 3 asset model cond. params
uProb.,   0.227171826,  0.772828174,
Prob (1),   0.164571557,  0.835428443,
Prob (2),   0.245573093,  0.754426907,
Mean,     -0.005560390, -0.002638949,  0.000373862,
Cor (1),    1.000000000, -0.026608368,  0.181251044,
Cor (2),   -0.026608368,  1.000000000, -0.367174497,
Cor (3),    0.181251044, -0.367174497,  1.000000000,
VCV (1),    0.000017544, -0.000000299,  0.000000253,
VCV (2),   -0.000000299,  0.000007180, -0.000000328,
VCV (3),    0.000000253, -0.000000328,  0.000000111,
St.dev,     0.004188527,  0.002679594,  0.000333605,
Mean,      0.001563599,  0.000570460, -0.000347829,
Cor (1),    1.000000000, -0.762817913,  0.585396629,
Cor (2),   -0.762817913,  1.000000000,  0.663787279,
Cor (3),    0.585396629,  0.663787279,  1.000000000,
VCV (1),    0.000032901, -0.000023865,  0.000000745,
VCV (2),   -0.000023865,  0.000029750,  0.000000803,
VCV (3),    0.000000745,  0.000000803,  0.000000049,
St.dev,     0.005735952,  0.005454329,  0.000221861,
AutoCor,   -0.099771484,  0.050363040,  0.353842935,

No.; 4; Score; 16.450502518973;
Markow Autoregressive (lag 1) bivariate joint 3 asset model uncond. params
uMean,      0.000136013,  0.000176100,  0.000047173,
VCV (1),    0.000037110, -0.000009016,  0.000000304,
VCV (2),   -0.000009016,  0.000022136,  0.000000483,
VCV (3),    0.000000304,  0.000000483,  0.000000061,
Cor (1),    1.000000000, -0.314582161,  0.201696722,
Cor (2),   -0.314582161,  1.000000000,  0.415400460,
Cor (3),    0.201696722,  0.415400460,  1.000000000,
St.dev,     0.006091789,  0.004704890,  0.000247185,
Skewness,  -0.575929041,  0.950665491, -0.509999810,
Kurtosis,  -0.011946452,  3.373581090,  2.805573868,
AutoCor,   -0.217553638, -0.011625683,  0.124329241,
Markow Autoregressive (lag 1) bivariate joint 3 asset model cond. params
uProb.,   0.762560922,  0.237439078,
Prob (1),   0.785898842,  0.214101158,
Prob (2),   0.687608704,  0.312391296,
Mean,      0.002660058, -0.000669765,  0.000072091,
Cor (1),    1.000000000, -0.764261191, -0.308497643,
Cor (2),   -0.764261191,  1.000000000,  0.713834719,
Cor (3),   -0.308497643,  0.713834719,  1.000000000,
VCV (1),    0.000009908, -0.000006891, -0.000000158,
VCV (2),   -0.000006891,  0.000008206,  0.000000334,
VCV (3),   -0.000000158,  0.000000334,  0.000000027,
St.dev,     0.003147654,  0.002864567,  0.000163104,
Mean,     -0.007970227,  0.002892684, -0.000032853,
Cor (1),    1.000000000,  0.491289533,  0.684387790,
Cor (2),    0.491289533,  1.000000000,  0.415787507,
Cor (3),    0.684387790,  0.415787507,  1.000000000,
VCV (1),    0.000012576,  0.000013171,  0.000000970,
VCV (2),    0.000013171,  0.000057147,  0.000001256,
VCV (3),    0.000000970,  0.000001256,  0.000000160,
St.dev,     0.003546257,  0.007559578,  0.000399491,
AutoCor,   -0.605695872, -0.024357300,  0.125207730,

No.; 5; Score; 19.058021863879;
Markow Autoregressive (lag 1) bivariate joint 3 asset model uncond. params
uMean,      0.000213776,  0.000174339,  0.000018045,
VCV (1),    0.000053965,  0.000019756,  0.000000909,
VCV (2),    0.000019756,  0.000057755,  0.000001105,
VCV (3),    0.000000909,  0.000001105,  0.000000129,
Cor (1),    1.000000000,  0.353870831,  0.345270740,
Cor (2),    0.353870831,  1.000000000,  0.405665844,
Cor (3),    0.345270740,  0.405665844,  1.000000000,
St.dev,     0.007346089,  0.007599653,  0.000358493,
Skewness,  -0.114116698,  0.188892348,  0.030065236,
Kurtosis,  -0.836789220, -0.552107512, -0.177922434,
AutoCor,    0.127214904,  0.170052691, -0.350469603,
Markow Autoregressive (lag 1) bivariate joint 3 asset model cond. params
uProb.,   0.344699986,  0.655300014,
Prob (1),   0.551188665,  0.448811335,
Prob (2),   0.236083103,  0.763916897,
Mean,      0.007927568,  0.007958768,  0.000284894,
Cor (1),    1.000000000, -0.403260866, -0.711887629,
Cor (2),   -0.403260866,  1.000000000,  0.888168107,
Cor (3),   -0.711887629,  0.888168107,  1.000000000,
VCV (1),    0.000009224, -0.000005880, -0.000000477,
VCV (2),   -0.000005880,  0.000023053,  0.000000940,
VCV (3),   -0.000000477,  0.000000940,  0.000000049,
St.dev,     0.003037096,  0.004801319,  0.000220437,
Mean,     -0.003843822, -0.003920415, -0.000122322,
Cor (1),    1.000000000, -0.529141513,  0.005947952,
Cor (2),   -0.529141513,  1.000000000, -0.373409208,
Cor (3),    0.005947952, -0.373409208,  1.000000000,
VCV (1),    0.000029131, -0.000014939,  0.000000008,
VCV (2),   -0.000014939,  0.000027363, -0.000000475,
VCV (3),    0.000000008, -0.000000475,  0.000000059,
St.dev,     0.005397329,  0.005231004,  0.000243412,
AutoCor,   -0.132248297, -0.008607026, -0.624246694,

