Round No; 2; best result RLS; 7.3165301194662

;;;
Statistical description of data for: Meginajums1
Calib/Tail/Per/Cur, 784, 9999, 23, 0,
Title,    INDEX WITH EQUAL WEIGHTS based on market value,EQUITY LM SNP,REX BOND     ,
Mean,       0.000158634,  0.000175148,  0.000011824,
VCV (1),    0.000022943, -0.000000281, -0.000000006,
VCV (2),   -0.000000281,  0.000027803, -0.000000034,
VCV (3),   -0.000000006, -0.000000034,  0.000000099,
St.dev,     0.004789897,  0.005272874,  0.000315163,
Skewness,  -1.581739356, -0.533728382, -0.333150084,
Kurtosis,  24.552038003,  6.345066446, 26.810331499,
AutoCor,   -0.072787598,  0.126724186, -0.366572783,
No.; 1; Score; 7.3165301194662;
Markow Autoregressive (lag 1) bivariate joint 3 asset model uncond. params
uMean,     -0.006113153,  0.000630201, -0.000277467,
VCV (1),    0.000059697, -0.000003452,  0.000000764,
VCV (2),   -0.000003452,  0.000059816, -0.000001113,
VCV (3),    0.000000764, -0.000001113,  0.000000201,
Cor (1),    1.000000000, -0.057760549,  0.220238533,
Cor (2),   -0.057760549,  1.000000000, -0.320543810,
Cor (3),    0.220238533, -0.320543810,  1.000000000,
St.dev,     0.007726380,  0.007734096,  0.000448753,
Skewness,  -0.074609390, -0.030971717,  0.071476706,
Kurtosis,   0.222705304, -0.058676186, -0.011517438,
AutoCor,   -0.745822736, -0.575321754, -0.035191331,
Markow Autoregressive (lag 1) bivariate joint 3 asset model cond. params
uProb.,   0.384233974,  0.615766026,
Prob (1),   0.395609849,  0.604390151,
Prob (2),   0.377135502,  0.622864498,
Mean,     -0.007209603,  0.004546917, -0.000447058,
Cor (1),    1.000000000,  0.581945801,  0.828801269,
Cor (2),    0.581945801,  1.000000000, -0.129448242,
Cor (3),    0.828801269, -0.129448242,  1.000000000,
VCV (1),    0.000041737,  0.000017868,  0.000002136,
VCV (2),    0.000017868,  0.000022587, -0.000000245,
VCV (3),    0.000002136, -0.000000245,  0.000000159,
St.dev,     0.006460410,  0.004752570,  0.000398976,
Mean,     -0.005428975, -0.001813804, -0.000171644,
Cor (1),    1.000000000, -0.564371850, -0.181632512,
Cor (2),   -0.564371850,  1.000000000, -0.397084961,
Cor (3),   -0.181632512, -0.397084961,  1.000000000,
VCV (1),    0.000015038, -0.000011751, -0.000000313,
VCV (2),   -0.000011751,  0.000028828, -0.000000949,
VCV (3),   -0.000000313, -0.000000949,  0.000000198,
St.dev,     0.003877908,  0.005369163,  0.000445059,
AutoCor,   -0.755549316, -0.688452149, -0.040441895,

No.; 2; Score; 12.564520286081;
Markow Autoregressive (lag 1) bivariate joint 3 asset model uncond. params
uMean,      0.000158806,  0.000111640, -0.000010019,
VCV (1),    0.000016623,  0.000002972, -0.000001056,
VCV (2),    0.000002972,  0.000046705, -0.000000661,
VCV (3),   -0.000001056, -0.000000661,  0.000000316,
Cor (1),    1.000000000,  0.106666244, -0.460744570,
Cor (2),    0.106666244,  1.000000000, -0.172057074,
Cor (3),   -0.460744570, -0.172057074,  1.000000000,
St.dev,     0.004077082,  0.006834100,  0.000562152,
Skewness,  -0.003681432, -0.082119149, -0.162696565,
Kurtosis,  -0.254302368,  0.028266580, -0.080543347,
AutoCor,   -0.379175816,  0.179227813, -0.211657739,
Markow Autoregressive (lag 1) bivariate joint 3 asset model cond. params
uProb.,   0.499820414,  0.500179586,
Prob (1),   0.186705573,  0.813294427,
Prob (2),   0.812710411,  0.187289589,
Mean,      0.002594317,  0.001819644, -0.000286637,
Cor (1),    1.000000000, -0.863113772, -0.607345181,
Cor (2),   -0.863113772,  1.000000000,  0.496878287,
Cor (3),   -0.607345181,  0.496878287,  1.000000000,
VCV (1),    0.000010030, -0.000016429, -0.000001005,
VCV (2),   -0.000016429,  0.000036122,  0.000001560,
VCV (3),   -0.000001005,  0.000001560,  0.000000273,
St.dev,     0.003167007,  0.006010184,  0.000522509,
Mean,     -0.002274956, -0.001595137,  0.000266400,
Cor (1),    1.000000000,  0.640535800,  0.177143029,
Cor (2),    0.640535800,  1.000000000, -0.631154910,
Cor (3),    0.177143029, -0.631154910,  1.000000000,
VCV (1),    0.000010104,  0.000013915,  0.000000254,
VCV (2),    0.000013915,  0.000046706, -0.000001944,
VCV (3),    0.000000254, -0.000001944,  0.000000203,
St.dev,     0.003178633,  0.006834144,  0.000450660,
AutoCor,   -0.242378475,  0.232833982, -0.079402983,

No.; 3; Score; 16.465067485232;
Markow Autoregressive (lag 1) bivariate joint 3 asset model uncond. params
uMean,      0.000199638,  0.000223049,  0.000040909,
VCV (1),    0.000041677,  0.000016422, -0.000000281,
VCV (2),    0.000016422,  0.000062788,  0.000000065,
VCV (3),   -0.000000281,  0.000000065,  0.000000207,
Cor (1),    1.000000000,  0.321018362, -0.095900201,
Cor (2),    0.321018362,  1.000000000,  0.018181569,
Cor (3),   -0.095900201,  0.018181569,  1.000000000,
St.dev,     0.006455758,  0.007923873,  0.000454431,
Skewness,   0.081830349,  0.404268747,  0.170549928,
Kurtosis,  -0.070096786,  0.247258863, -0.886156394,
AutoCor,   -0.122433318,  0.034374141, -0.277599452,
Markow Autoregressive (lag 1) bivariate joint 3 asset model cond. params
uProb.,   0.641316807,  0.358683193,
Prob (1),   0.507082505,  0.492917495,
Prob (2),   0.881324466,  0.118675534,
Mean,      0.002139030,  0.002398248, -0.000237877,
Cor (1),    1.000000000,  0.035467226,  0.392415770,
Cor (2),    0.035467226,  1.000000000,  0.758105664,
Cor (3),    0.392415770,  0.758105664,  1.000000000,
VCV (1),    0.000037871,  0.000001857,  0.000000669,
VCV (2),    0.000001857,  0.000072354,  0.000001788,
VCV (3),    0.000000669,  0.000001788,  0.000000077,
St.dev,     0.006153959,  0.008506111,  0.000277233,
Mean,     -0.003267948, -0.003666155,  0.000539371,
Cor (1),    1.000000000,  0.880372136,  0.583145628,
Cor (2),    0.880372136,  1.000000000,  0.033263596,
Cor (3),    0.583145628,  0.033263596,  1.000000000,
VCV (1),    0.000029199,  0.000021614,  0.000000703,
VCV (2),    0.000021614,  0.000020643,  0.000000034,
VCV (3),    0.000000703,  0.000000034,  0.000000050,
St.dev,     0.005403571,  0.004543485,  0.000222981,
AutoCor,   -0.073983277,  0.098002651, -0.078766451,

No.; 4; Score; 18.641967764858;
Markow Autoregressive (lag 1) bivariate joint 3 asset model uncond. params
uMean,      0.000176601,  0.000136341,  0.000013479,
VCV (1),    0.000033984,  0.000015737,  0.000000556,
VCV (2),    0.000015737,  0.000038489, -0.000000346,
VCV (3),    0.000000556, -0.000000346,  0.000000153,
Cor (1),    1.000000000,  0.435139624,  0.244055565,
Cor (2),    0.435139624,  1.000000000, -0.142649360,
Cor (3),    0.244055565, -0.142649360,  1.000000000,
St.dev,     0.005829538,  0.006203987,  0.000391060,
Skewness,  -0.143860352, -0.134029338,  0.115346213,
Kurtosis,  -0.384451197,  0.678291297,  0.957802895,
AutoCor,   -0.024700283,  0.059671529,  0.213515620,
Markow Autoregressive (lag 1) bivariate joint 3 asset model cond. params
uProb.,   0.541923214,  0.458076786,
Prob (1),   0.429660578,  0.570339422,
Prob (2),   0.674734416,  0.325265584,
Mean,      0.003799227, -0.000398414,  0.000037946,
Cor (1),    1.000000000,  0.924036554,  0.276884768,
Cor (2),    0.924036554,  1.000000000, -0.213799847,
Cor (3),    0.276884768, -0.213799847,  1.000000000,
VCV (1),    0.000016557,  0.000027859,  0.000000535,
VCV (2),    0.000027859,  0.000054899, -0.000000752,
VCV (3),    0.000000535, -0.000000752,  0.000000226,
St.dev,     0.004068983,  0.007409410,  0.000474891,
Mean,     -0.004109112,  0.000768978, -0.000015466,
Cor (1),    1.000000000,  0.319109580,  0.321092849,
Cor (2),    0.319109580,  1.000000000,  0.187436580,
Cor (3),    0.321092849,  0.187436580,  1.000000000,
VCV (1),    0.000019667,  0.000006006,  0.000000319,
VCV (2),    0.000006006,  0.000018013,  0.000000178,
VCV (3),    0.000000319,  0.000000178,  0.000000050,
St.dev,     0.004434779,  0.004244213,  0.000223712,
AutoCor,    0.160662196,  0.062373861,  0.215649237,

No.; 5; Score; 19.441123054622;
Markow Autoregressive (lag 1) bivariate joint 3 asset model uncond. params
uMean,      0.000176880,  0.000104587,  0.000068318,
VCV (1),    0.000032863,  0.000013472, -0.000001654,
VCV (2),    0.000013472,  0.000057676,  0.000000976,
VCV (3),   -0.000001654,  0.000000976,  0.000000294,
Cor (1),    1.000000000,  0.309451720, -0.531814474,
Cor (2),    0.309451720,  1.000000000,  0.236950528,
Cor (3),   -0.531814474,  0.236950528,  1.000000000,
St.dev,     0.005732639,  0.007594456,  0.000542644,
Skewness,   0.031243365,  0.111901685, -0.034393556,
Kurtosis,  -0.376227890, -0.063288760, -0.020702796,
AutoCor,   -0.190722888,  0.502399100, -0.626115270,
Markow Autoregressive (lag 1) bivariate joint 3 asset model cond. params
uProb.,   0.826325779,  0.173674221,
Prob (1),   0.802146103,  0.197853897,
Prob (2),   0.941370430,  0.058629570,
Mean,     -0.001319620,  0.001187622,  0.000152304,
Cor (1),    1.000000000,  0.969385529, -0.675519849,
Cor (2),    0.969385529,  1.000000000,  0.312310002,
Cor (3),   -0.675519849,  0.312310002,  1.000000000,
VCV (1),    0.000023723,  0.000029844, -0.000001238,
VCV (2),    0.000029844,  0.000039952,  0.000000743,
VCV (3),   -0.000001238,  0.000000743,  0.000000142,
St.dev,     0.004870643,  0.006320793,  0.000376391,
Mean,      0.007297087, -0.005048395, -0.000331277,
Cor (1),    1.000000000, -0.480129223,  0.695953271,
Cor (2),   -0.480129223,  1.000000000,  0.701557722,
Cor (3),    0.695953271,  0.701557722,  1.000000000,
VCV (1),    0.000009063, -0.000005012,  0.000000712,
VCV (2),   -0.000005012,  0.000012023,  0.000000827,
VCV (3),    0.000000712,  0.000000827,  0.000000116,
St.dev,     0.003010491,  0.003467390,  0.000339964,
AutoCor,   -0.215432134,  0.571135437, -0.688744773,

No.; 6; Score; 26.321116264099;
Markow Autoregressive (lag 1) bivariate joint 3 asset model uncond. params
uMean,      0.000078104,  0.000142674, -0.000302946,
VCV (1),    0.000027903,  0.000010011, -0.000000069,
VCV (2),    0.000010011,  0.000066978, -0.000000356,
VCV (3),   -0.000000069, -0.000000356,  0.000000067,
Cor (1),    1.000000000,  0.231563743, -0.050560699,
Cor (2),    0.231563743,  1.000000000, -0.167823222,
Cor (3),   -0.050560699, -0.167823222,  1.000000000,
St.dev,     0.005282311,  0.008184031,  0.000258964,
Skewness,  -0.547924152, -0.037987617,  0.284763379,
Kurtosis,   1.692733491, -0.066703187,  0.597808267,
AutoCor,    0.080646404, -0.131314285,  0.177210058,
Markow Autoregressive (lag 1) bivariate joint 3 asset model cond. params
uProb.,   0.947709791,  0.052290209,
Prob (1),   0.961683390,  0.038316610,
Prob (2),   0.694451726,  0.305548274,
Mean,      0.000500332, -0.000284548, -0.000323113,
Cor (1),    1.000000000,  0.348348420, -0.038034668,
Cor (2),    0.348348420,  1.000000000, -0.270996044,
Cor (3),   -0.038034668, -0.270996044,  1.000000000,
VCV (1),    0.000022096,  0.000013112, -0.000000042,
VCV (2),    0.000013112,  0.000064125, -0.000000513,
VCV (3),   -0.000000042, -0.000000513,  0.000000056,
St.dev,     0.004700606,  0.008007823,  0.000236372,
Mean,     -0.007574376,  0.007885669,  0.000062563,
Cor (1),    1.000000000,  0.423392138,  0.912029264,
Cor (2),    0.423392138,  1.000000000, -0.453105823,
Cor (3),    0.912029264, -0.453105823,  1.000000000,
VCV (1),    0.000069869,  0.000018487,  0.000002379,
VCV (2),    0.000018487,  0.000027287, -0.000000739,
VCV (3),    0.000002379, -0.000000739,  0.000000097,
St.dev,     0.008358754,  0.005223702,  0.000312118,
AutoCor,    0.056210553, -0.152020652,  0.166093326,

No.; 7; Score; 26.998771882371;
Markow Autoregressive (lag 1) bivariate joint 3 asset model uncond. params
uMean,      0.000076385,  0.000154612,  0.000008934,
VCV (1),    0.000028117,  0.000021202,  0.000000198,
VCV (2),    0.000021202,  0.000065497,  0.000000704,
VCV (3),    0.000000198,  0.000000704,  0.000000900,
Cor (1),    1.000000000,  0.494068700,  0.039376463,
Cor (2),    0.494068700,  1.000000000,  0.091675186,
Cor (3),    0.039376463,  0.091675186,  1.000000000,
St.dev,     0.005302563,  0.008092995,  0.000948607,
Skewness,  -0.065363023, -0.473652146, -0.159303834,
Kurtosis,   0.050366572,  0.489617803,  0.207005785,
AutoCor,   -0.456136774, -0.163964477, -0.768782082,
Markow Autoregressive (lag 1) bivariate joint 3 asset model cond. params
uProb.,   0.633351111,  0.366648889,
Prob (1),   0.798768624,  0.201231376,
Prob (2),   0.347608078,  0.652391922,
Mean,     -0.000562971, -0.001954187, -0.000185404,
Cor (1),    1.000000000,  0.426166609, -0.185628076,
Cor (2),    0.426166609,  1.000000000,  0.007022536,
Cor (3),   -0.185628076,  0.007022536,  1.000000000,
VCV (1),    0.000023833,  0.000018342, -0.000000502,
VCV (2),    0.000018342,  0.000077722,  0.000000034,
VCV (3),   -0.000000502,  0.000000034,  0.000000307,
St.dev,     0.004881948,  0.008816000,  0.000554058,
Mean,      0.001180813,  0.003797362,  0.000344636,
Cor (1),    1.000000000,  0.908846115,  0.965748262,
Cor (2),    0.908846115,  1.000000000, -0.084968245,
Cor (3),    0.965748262, -0.084968245,  1.000000000,
VCV (1),    0.000016401,  0.000013727,  0.000000841,
VCV (2),    0.000013727,  0.000013908, -0.000000068,
VCV (3),    0.000000841, -0.000000068,  0.000000046,
St.dev,     0.004049855,  0.003729372,  0.000214994,
AutoCor,   -0.479509227, -0.245695989, -0.864141932,

No.; 8; Score; 27.182882507694;
Markow Autoregressive (lag 1) bivariate joint 3 asset model uncond. params
uMean,      0.000121278,  0.000235474,  0.000013919,
VCV (1),    0.000020539,  0.000009712, -0.000000104,
VCV (2),    0.000009712,  0.000056877, -0.000002279,
VCV (3),   -0.000000104, -0.000002279,  0.000000264,
Cor (1),    1.000000000,  0.284155186, -0.044724222,
Cor (2),    0.284155186,  1.000000000, -0.587763596,
Cor (3),   -0.044724222, -0.587763596,  1.000000000,
St.dev,     0.004531971,  0.007541698,  0.000514222,
Skewness,   0.084046301,  0.449491829,  0.327041333,
Kurtosis,  -0.007945588, -0.952393562, -0.694395103,
AutoCor,    0.498175767, -0.247078512, -0.272476178,
Markow Autoregressive (lag 1) bivariate joint 3 asset model cond. params
uProb.,   0.466169088,  0.533830912,
Prob (1),   0.284741617,  0.715258383,
Prob (2),   0.624601051,  0.375398949,
Mean,      0.001869516,  0.007195434, -0.000410031,
Cor (1),    1.000000000,  0.315050282,  0.101522798,
Cor (2),    0.315050282,  1.000000000,  0.100306691,
Cor (3),    0.101522798,  0.100306691,  1.000000000,
VCV (1),    0.000012714,  0.000005399,  0.000000086,
VCV (2),    0.000005399,  0.000023098,  0.000000114,
VCV (3),    0.000000086,  0.000000114,  0.000000056,
St.dev,     0.003565659,  0.004806054,  0.000236838,
Mean,     -0.001405375, -0.005842327,  0.000384135,
Cor (1),    1.000000000, -0.783957574,  0.899493667,
Cor (2),   -0.783957574,  1.000000000,  0.450124305,
Cor (3),    0.899493667,  0.450124305,  1.000000000,
VCV (1),    0.000009365, -0.000006402,  0.000001053,
VCV (2),   -0.000006402,  0.000007120,  0.000000459,
VCV (3),    0.000001053,  0.000000459,  0.000000146,
St.dev,     0.003060307,  0.002668425,  0.000382411,
AutoCor,    0.623340891,  0.022183368, -0.174068121,

No.; 9; Score; 27.492434089339;
Markow Autoregressive (lag 1) bivariate joint 3 asset model uncond. params
uMean,      0.000151058,  0.000114101, -0.000033607,
VCV (1),    0.000041290,  0.000010045,  0.000001985,
VCV (2),    0.000010045,  0.000038875,  0.000000407,
VCV (3),    0.000001985,  0.000000407,  0.000000319,
Cor (1),    1.000000000,  0.250709384,  0.546681358,
Cor (2),    0.250709384,  1.000000000,  0.115497036,
Cor (3),    0.546681358,  0.115497036,  1.000000000,
St.dev,     0.006425762,  0.006235006,  0.000564927,
Skewness,   0.136984521,  0.033761913, -0.107684536,
Kurtosis,   0.095699787, -0.048872219,  0.157075318,
AutoCor,   -0.607003324,  0.408992892, -0.790653572,
Markow Autoregressive (lag 1) bivariate joint 3 asset model cond. params
uProb.,   0.486569075,  0.513430925,
Prob (1),   0.482654883,  0.517345117,
Prob (2),   0.490278482,  0.509721518,
Mean,      0.001941202, -0.002438085,  0.000089375,
Cor (1),    1.000000000,  0.779296064,  0.825920670,
Cor (2),    0.779296064,  1.000000000,  0.749485202,
Cor (3),    0.825920670,  0.749485202,  1.000000000,
VCV (1),    0.000028971,  0.000020413,  0.000000889,
VCV (2),    0.000020413,  0.000023683,  0.000000730,
VCV (3),    0.000000889,  0.000000730,  0.000000040,
St.dev,     0.005382462,  0.004866475,  0.000200050,
Mean,     -0.001545428,  0.002532761, -0.000150155,
Cor (1),    1.000000000,  0.885133306,  0.494200674,
Cor (2),    0.885133306,  1.000000000,  0.625015392,
Cor (3),    0.494200674,  0.625015392,  1.000000000,
VCV (1),    0.000015126,  0.000017588,  0.000000743,
VCV (2),    0.000017588,  0.000026105,  0.000001234,
VCV (3),    0.000000743,  0.000001234,  0.000000149,
St.dev,     0.003889190,  0.005109291,  0.000386329,
AutoCor,   -0.654588286,  0.487632887, -0.827474522,

No.; 10; Score; 29.291372974002;
Markow Autoregressive (lag 1) bivariate joint 3 asset model uncond. params
uMean,      0.000246428,  0.000211164,  0.000010315,
VCV (1),    0.000017052, -0.000003489,  0.000000400,
VCV (2),   -0.000003489,  0.000054537,  0.000000451,
VCV (3),    0.000000400,  0.000000451,  0.000000110,
Cor (1),    1.000000000, -0.114413823,  0.291929498,
Cor (2),   -0.114413823,  1.000000000,  0.184003114,
Cor (3),    0.291929498,  0.184003114,  1.000000000,
St.dev,     0.004129372,  0.007384895,  0.000331856,
Skewness,   0.018276145,  0.255559368, -0.094805563,
Kurtosis,   0.037377516,  1.274647224,  0.247520173,
AutoCor,    0.163027884,  0.266301081,  0.333869890,
Markow Autoregressive (lag 1) bivariate joint 3 asset model cond. params
uProb.,   0.411134388,  0.588865612,
Prob (1),   0.544888920,  0.455111080,
Prob (2),   0.317749605,  0.682250395,
Mean,      0.000517934,  0.001376127,  0.000053813,
Cor (1),    1.000000000, -0.064929470, -0.542216356,
Cor (2),   -0.064929470,  1.000000000,  0.082767395,
Cor (3),   -0.542216356,  0.082767395,  1.000000000,
VCV (1),    0.000018791, -0.000002687, -0.000000573,
VCV (2),   -0.000002687,  0.000091133,  0.000000192,
VCV (3),   -0.000000573,  0.000000192,  0.000000059,
St.dev,     0.004334905,  0.009546380,  0.000243598,
Mean,      0.000056868, -0.000602190, -0.000020055,
Cor (1),    1.000000000, -0.234577769,  0.759079035,
Cor (2),   -0.234577769,  1.000000000,  0.317555637,
Cor (3),    0.759079035,  0.317555637,  1.000000000,
VCV (1),    0.000014984, -0.000004150,  0.000001029,
VCV (2),   -0.000004150,  0.000020889,  0.000000508,
VCV (3),    0.000001029,  0.000000508,  0.000000123,
St.dev,     0.003870946,  0.004570475,  0.000350125,
AutoCor,    0.162833793,  0.266993513,  0.335165718,

No.; 11; Score; 30.968370359552;
Markow Autoregressive (lag 1) bivariate joint 3 asset model uncond. params
uMean,      0.000085202,  0.000266481,  0.000011345,
VCV (1),    0.000056286,  0.000003393, -0.000000079,
VCV (2),    0.000003393,  0.000028544,  0.000000052,
VCV (3),   -0.000000079,  0.000000052,  0.000001265,
Cor (1),    1.000000000,  0.084650564, -0.009315627,
Cor (2),    0.084650564,  1.000000000,  0.008575774,
Cor (3),   -0.009315627,  0.008575774,  1.000000000,
St.dev,     0.007502368,  0.005342636,  0.001124751,
Skewness,  -0.204434562, -0.104647502,  0.010608522,
Kurtosis,  -0.692167688,  0.069246955,  0.011966678,
AutoCor,   -0.264820906,  0.533314536, -0.936509707,
Markow Autoregressive (lag 1) bivariate joint 3 asset model cond. params
uProb.,   0.547131070,  0.452868930,
Prob (1),   0.466471688,  0.533528312,
Prob (2),   0.644579251,  0.355420749,
Mean,      0.005420389,  0.001440596, -0.000113607,
Cor (1),    1.000000000,  0.400623685,  0.989538604,
Cor (2),    0.400623685,  1.000000000, -0.467242597,
Cor (3),    0.989538604, -0.467242597,  1.000000000,
VCV (1),    0.000015815,  0.000005971,  0.000001173,
VCV (2),    0.000005971,  0.000014046, -0.000000522,
VCV (3),    0.000001173, -0.000000522,  0.000000089,
St.dev,     0.003976778,  0.003747790,  0.000298081,
Mean,     -0.006360475, -0.001152020,  0.000162305,
Cor (1),    1.000000000, -0.843014264, -0.220149771,
Cor (2),   -0.843014264,  1.000000000,  0.717547989,
Cor (3),   -0.220149771,  0.717547989,  1.000000000,
VCV (1),    0.000021469, -0.000018567, -0.000000422,
VCV (2),   -0.000018567,  0.000022595,  0.000001412,
VCV (3),   -0.000000422,  0.000001412,  0.000000171,
St.dev,     0.004633500,  0.004753388,  0.000414073,
AutoCor,   -0.401005170,  0.577397021, -0.947989014,

No.; 12; Score; 31.340028847205;
Markow Autoregressive (lag 1) bivariate joint 3 asset model uncond. params
uMean,      0.000148151,  0.000113760,  0.000067993,
VCV (1),    0.000027349,  0.000025948,  0.000000913,
VCV (2),    0.000025948,  0.000074417,  0.000001161,
VCV (3),    0.000000913,  0.000001161,  0.000000140,
Cor (1),    1.000000000,  0.575163237,  0.467327043,
Cor (2),    0.575163237,  1.000000000,  0.360106926,
Cor (3),    0.467327043,  0.360106926,  1.000000000,
St.dev,     0.005229641,  0.008626552,  0.000373607,
Skewness,   0.456290261, -0.209427159, -0.022544116,
Kurtosis,   0.336694069, -0.756114034, -0.000608131,
AutoCor,   -0.322512729,  0.201067769,  0.223229654,
Markow Autoregressive (lag 1) bivariate joint 3 asset model cond. params
uProb.,   0.530788843,  0.469211157,
Prob (1),   0.604678980,  0.395321020,
Prob (2),   0.447201615,  0.552798385,
Mean,      0.002167709,  0.006569245,  0.000145957,
Cor (1),    1.000000000,  0.448055266,  0.455990079,
Cor (2),    0.448055266,  1.000000000,  0.441745418,
Cor (3),    0.455990079,  0.441745418,  1.000000000,
VCV (1),    0.000028157,  0.000010877,  0.000000844,
VCV (2),    0.000010877,  0.000020929,  0.000000705,
VCV (3),    0.000000844,  0.000000705,  0.000000122,
St.dev,     0.005306342,  0.004574856,  0.000348921,
Mean,     -0.002136446, -0.007188921, -0.000020203,
Cor (1),    1.000000000,  0.921828867,  0.741306580,
Cor (2),    0.921828867,  1.000000000,  0.193714612,
Cor (3),    0.741306580,  0.193714612,  1.000000000,
VCV (1),    0.000008058,  0.000014335,  0.000000760,
VCV (2),    0.000014335,  0.000030012,  0.000000383,
VCV (3),    0.000000760,  0.000000383,  0.000000131,
St.dev,     0.002838585,  0.005478353,  0.000361355,
AutoCor,   -0.419921484,  0.276409652,  0.226636593,

No.; 13; Score; 34.959208338793;
Markow Autoregressive (lag 1) bivariate joint 3 asset model uncond. params
uMean,      0.000174226,  0.000230288, -0.000027308,
VCV (1),    0.000052166, -0.000002500,  0.000000484,
VCV (2),   -0.000002500,  0.000094619,  0.000000393,
VCV (3),    0.000000484,  0.000000393,  0.000000169,
Cor (1),    1.000000000, -0.035588114,  0.163071222,
Cor (2),   -0.035588114,  1.000000000,  0.098356316,
Cor (3),    0.163071222,  0.098356316,  1.000000000,
St.dev,     0.007222573,  0.009727212,  0.000410589,
Skewness,   0.406144898, -0.634292080, -0.578743152,
Kurtosis,   0.436774010, -0.016508919,  0.697236160,
AutoCor,   -0.343915351,  0.285730074, -0.288016966,
Markow Autoregressive (lag 1) bivariate joint 3 asset model cond. params
uProb.,   0.553654861,  0.446345139,
Prob (1),   0.553358946,  0.446641054,
Prob (2),   0.554021919,  0.445978081,
Mean,      0.002347013, -0.005106186, -0.000165907,
Cor (1),    1.000000000,  0.420882970,  0.431810584,
Cor (2),    0.420882970,  1.000000000, -0.267401810,
Cor (3),    0.431810584, -0.267401810,  1.000000000,
VCV (1),    0.000058668,  0.000028586,  0.000001507,
VCV (2),    0.000028586,  0.000078630, -0.000001081,
VCV (3),    0.000001507, -0.000001081,  0.000000208,
St.dev,     0.007659515,  0.008867349,  0.000455737,
Mean,     -0.002520940,  0.006849751,  0.000144612,
Cor (1),    1.000000000, -0.380626656, -0.291264006,
Cor (2),   -0.380626656,  1.000000000, -0.030817494,
Cor (3),   -0.291264006, -0.030817494,  1.000000000,
VCV (1),    0.000015415, -0.000004132, -0.000000199,
VCV (2),   -0.000004132,  0.000007644, -0.000000015,
VCV (3),   -0.000000199, -0.000000015,  0.000000030,
St.dev,     0.003926185,  0.002764823,  0.000173833,
AutoCor,   -0.387320965,  0.456349489, -0.335317475,

No.; 14; Score; 37.497216862264;
Markow Autoregressive (lag 1) bivariate joint 3 asset model uncond. params
uMean,     -0.000923675, -0.002496203, -0.000273829,
VCV (1),    0.000177264, -0.000020447,  0.000000780,
VCV (2),   -0.000020447,  0.000079450,  0.000000085,
VCV (3),    0.000000780,  0.000000085,  0.000000491,
Cor (1),    1.000000000, -0.172298523,  0.083637990,
Cor (2),   -0.172298523,  1.000000000,  0.013538913,
Cor (3),    0.083637990,  0.013538913,  1.000000000,
St.dev,     0.013314054,  0.008913488,  0.000700894,
Skewness,   0.135346121, -0.159655575,  0.007629072,
Kurtosis,  -0.115374577,  0.017606110, -0.060217736,
AutoCor,   -0.609451039,  0.622099141, -0.605308993,
Markow Autoregressive (lag 1) bivariate joint 3 asset model cond. params
uProb.,   0.613424554,  0.386575446,
Prob (1),   0.570745994,  0.429254006,
Prob (2),   0.681147625,  0.318852375,
Mean,      0.004278199, -0.005129631, -0.000503904,
Cor (1),    1.000000000, -0.105407715,  0.397160644,
Cor (2),   -0.105407715,  1.000000000, -0.658159179,
Cor (3),    0.397160644, -0.658159179,  1.000000000,
VCV (1),    0.000074275, -0.000005886,  0.000001575,
VCV (2),   -0.000005886,  0.000041981, -0.000001963,
VCV (3),    0.000001575, -0.000001963,  0.000000212,
St.dev,     0.008618319,  0.006479256,  0.000460285,
Mean,     -0.009178099,  0.001682565,  0.000091259,
Cor (1),    1.000000000,  0.806770728,  0.308553035,
Cor (2),    0.806770728,  1.000000000, -0.212514649,
Cor (3),    0.308553035, -0.212514649,  1.000000000,
VCV (1),    0.000024143,  0.000014575,  0.000000661,
VCV (2),    0.000014575,  0.000013519, -0.000000341,
VCV (3),    0.000000661, -0.000000341,  0.000000190,
St.dev,     0.004913536,  0.003676848,  0.000436056,
AutoCor,   -0.768977051,  0.739868164, -0.707385254,

No.; 15; Score; 37.571660718711;
Markow Autoregressive (lag 1) bivariate joint 3 asset model uncond. params
uMean,      0.000139424,  0.000225519,  0.000094150,
VCV (1),    0.000087570,  0.000010915,  0.000000246,
VCV (2),    0.000010915,  0.000054400,  0.000000070,
VCV (3),    0.000000246,  0.000000070,  0.000000083,
Cor (1),    1.000000000,  0.158136919,  0.091444213,
Cor (2),    0.158136919,  1.000000000,  0.033128751,
Cor (3),    0.091444213,  0.033128751,  1.000000000,
St.dev,     0.009357880,  0.007375614,  0.000287497,
Skewness,   0.286234616, -0.037705573,  0.007828882,
Kurtosis,   0.069965207, -0.000942653,  0.227462329,
AutoCor,   -0.278335314,  0.251344896,  0.004150714,
Markow Autoregressive (lag 1) bivariate joint 3 asset model cond. params
uProb.,   0.723055367,  0.276944633,
Prob (1),   0.675725496,  0.324274504,
Prob (2),   0.846625615,  0.153374385,
Mean,      0.002117848,  0.001589539,  0.000095836,
Cor (1),    1.000000000,  0.066239705,  0.074915349,
Cor (2),    0.066239705,  1.000000000, -0.009285951,
Cor (3),    0.074915349, -0.009285951,  1.000000000,
VCV (1),    0.000088222,  0.000004168,  0.000000219,
VCV (2),    0.000004168,  0.000044873, -0.000000019,
VCV (3),    0.000000219, -0.000000019,  0.000000097,
St.dev,     0.009392666,  0.006698746,  0.000311024,
Mean,     -0.005025904, -0.003335704,  0.000089749,
Cor (1),    1.000000000,  0.125657447,  0.267256460,
Cor (2),    0.125657447,  1.000000000,  0.193458898,
Cor (3),    0.267256460,  0.193458898,  1.000000000,
VCV (1),    0.000025066,  0.000004285,  0.000000287,
VCV (2),    0.000004285,  0.000046401,  0.000000282,
VCV (3),    0.000000287,  0.000000282,  0.000000046,
St.dev,     0.005006644,  0.006811837,  0.000214147,
AutoCor,   -0.292529143,  0.292745816,  0.004166431,

