Round No; 1; best result RLS; 8.015996666619

;;;
Statistical description of data for: Meginajums1
Calib/Tail/Per/Cur, 784, 9999, 23, 0,
Title,    INDEX WITH EQUAL WEIGHTS based on market value,EQUITY LM SNP,REX BOND     ,
Mean,       0.000158634,  0.000175148,  0.000011824,
VCV (1),    0.000022943, -0.000000281, -0.000000006,
VCV (2),   -0.000000281,  0.000027803, -0.000000034,
VCV (3),   -0.000000006, -0.000000034,  0.000000099,
St.dev,     0.004789897,  0.005272874,  0.000315163,
Skewness,  -1.581739356, -0.533728382, -0.333150084,
Kurtosis,  24.552038003,  6.345066446, 26.810331499,
AutoCor,   -0.072787598,  0.126724186, -0.366572783,
No.; 1; Score; 8.015996666619;
Markow Autoregressive (lag 1) bivariate joint 3 asset model uncond. params
uMean,     -0.004878770,  0.001709977, -0.000317278,
VCV (1),    0.000021829,  0.000005647, -0.000000392,
VCV (2),    0.000005647,  0.000022601,  0.000000759,
VCV (3),   -0.000000392,  0.000000759,  0.000000165,
Cor (1),    1.000000000,  0.254253967, -0.206382002,
Cor (2),    0.254253967,  1.000000000,  0.392785334,
Cor (3),   -0.206382002,  0.392785334,  1.000000000,
St.dev,     0.004672140,  0.004754055,  0.000406469,
Skewness,   0.032740678, -0.883286087, -0.030776656,
Kurtosis,   0.018334250,  1.147213040,  0.122645948,
AutoCor,    0.440819311, -0.216400978, -0.137826645,
Markow Autoregressive (lag 1) bivariate joint 3 asset model cond. params
uProb.,   0.742039103,  0.257960897,
Prob (1),   0.750273610,  0.249726390,
Prob (2),   0.718352076,  0.281647924,
Mean,     -0.004541067,  0.003390469, -0.000329327,
Cor (1),    1.000000000,  0.486672363, -0.147801690,
Cor (2),    0.486672363,  1.000000000,  0.820152550,
Cor (3),   -0.147801690,  0.820152550,  1.000000000,
VCV (1),    0.000018413,  0.000005865, -0.000000270,
VCV (2),    0.000005865,  0.000007887,  0.000000982,
VCV (3),   -0.000000270,  0.000000982,  0.000000182,
St.dev,     0.004291041,  0.002808355,  0.000426150,
Mean,     -0.005850190, -0.003124054, -0.000282617,
Cor (1),    1.000000000,  0.061489258, -0.658471680,
Cor (2),    0.061489258,  1.000000000,  0.113983276,
Cor (3),   -0.658471680,  0.113983276,  1.000000000,
VCV (1),    0.000013725,  0.000001169, -0.000000788,
VCV (2),    0.000001169,  0.000026333,  0.000000189,
VCV (3),   -0.000000788,  0.000000189,  0.000000104,
St.dev,     0.003704707,  0.005131613,  0.000322873,
AutoCor,    0.447058106, -0.355738745, -0.138256836,

No.; 2; Score; 16.03866827952;
Markow Autoregressive (lag 1) bivariate joint 3 asset model uncond. params
uMean,     -0.000054770, -0.000158628, -0.000183881,
VCV (1),    0.000038618, -0.000014405, -0.000000291,
VCV (2),   -0.000014405,  0.000026494,  0.000000149,
VCV (3),   -0.000000291,  0.000000149,  0.000000164,
Cor (1),    1.000000000, -0.450347557, -0.115677591,
Cor (2),   -0.450347557,  1.000000000,  0.071748883,
Cor (3),   -0.115677591,  0.071748883,  1.000000000,
St.dev,     0.006214357,  0.005147187,  0.000404755,
Skewness,   0.095592971,  0.256485588,  0.895276817,
Kurtosis,  -0.233170031,  0.190324681,  0.665924002,
AutoCor,   -0.095440818,  0.041396481,  0.111132108,
Markow Autoregressive (lag 1) bivariate joint 3 asset model cond. params
uProb.,   0.227171826,  0.772828174,
Prob (1),   0.164571557,  0.835428443,
Prob (2),   0.245573093,  0.754426907,
Mean,     -0.005560390, -0.002638949,  0.000373862,
Cor (1),    1.000000000, -0.026608368,  0.181251044,
Cor (2),   -0.026608368,  1.000000000, -0.367174497,
Cor (3),    0.181251044, -0.367174497,  1.000000000,
VCV (1),    0.000017544, -0.000000299,  0.000000253,
VCV (2),   -0.000000299,  0.000007180, -0.000000328,
VCV (3),    0.000000253, -0.000000328,  0.000000111,
St.dev,     0.004188527,  0.002679594,  0.000333605,
Mean,      0.001563599,  0.000570460, -0.000347829,
Cor (1),    1.000000000, -0.762817913,  0.585396629,
Cor (2),   -0.762817913,  1.000000000,  0.663787279,
Cor (3),    0.585396629,  0.663787279,  1.000000000,
VCV (1),    0.000032901, -0.000023865,  0.000000745,
VCV (2),   -0.000023865,  0.000029750,  0.000000803,
VCV (3),    0.000000745,  0.000000803,  0.000000049,
St.dev,     0.005735952,  0.005454329,  0.000221861,
AutoCor,   -0.099771484,  0.050363040,  0.353842935,

No.; 3; Score; 23.118889513646;
Markow Autoregressive (lag 1) bivariate joint 3 asset model uncond. params
uMean,     -0.000002244,  0.000126642,  0.000116826,
VCV (1),    0.000047006, -0.000018020, -0.000000002,
VCV (2),   -0.000018020,  0.000069354,  0.000000859,
VCV (3),   -0.000000002,  0.000000859,  0.000000251,
Cor (1),    1.000000000, -0.315601844, -0.000617462,
Cor (2),   -0.315601844,  1.000000000,  0.206104381,
Cor (3),   -0.000617462,  0.206104381,  1.000000000,
St.dev,     0.006856056,  0.008327912,  0.000500572,
Skewness,  -0.019335990, -0.357384610, -0.136096868,
Kurtosis,   0.038701059, -0.672624643,  0.368229610,
AutoCor,   -0.397969070,  0.261550030, -0.350154581,
Markow Autoregressive (lag 1) bivariate joint 3 asset model cond. params
uProb.,   0.570462633,  0.429537367,
Prob (1),   0.763468814,  0.236531186,
Prob (2),   0.314133794,  0.685866206,
Mean,      0.000340667,  0.005918565,  0.000060728,
Cor (1),    1.000000000, -0.263537766,  0.102989828,
Cor (2),   -0.263537766,  1.000000000,  0.520562706,
Cor (3),    0.102989828,  0.520562706,  1.000000000,
VCV (1),    0.000035104, -0.000006877,  0.000000326,
VCV (2),   -0.000006877,  0.000019397,  0.000001226,
VCV (3),    0.000000326,  0.000001226,  0.000000286,
St.dev,     0.005924846,  0.004404166,  0.000534750,
Mean,     -0.000457659, -0.007565531,  0.000191328,
Cor (1),    1.000000000, -0.994454599, -0.168002812,
Cor (2),   -0.994454599,  1.000000000,  0.669618041,
Cor (3),   -0.168002812,  0.669618041,  1.000000000,
VCV (1),    0.000044928, -0.000037499, -0.000000387,
VCV (2),   -0.000037499,  0.000031648,  0.000001294,
VCV (3),   -0.000000387,  0.000001294,  0.000000118,
St.dev,     0.006702837,  0.005625687,  0.000343458,
AutoCor,   -0.400793457, -0.075777808, -0.363715820,

No.; 4; Score; 27.253096071805;
Markow Autoregressive (lag 1) bivariate joint 3 asset model uncond. params
uMean,      0.000053831,  0.000279761, -0.000024583,
VCV (1),    0.000075062, -0.000034720,  0.000001272,
VCV (2),   -0.000034720,  0.000055955,  0.000000316,
VCV (3),    0.000001272,  0.000000316,  0.000000376,
Cor (1),    1.000000000, -0.535733678,  0.239337120,
Cor (2),   -0.535733678,  1.000000000,  0.068938912,
Cor (3),    0.239337120,  0.068938912,  1.000000000,
St.dev,     0.008663823,  0.007480315,  0.000613268,
Skewness,  -0.009575532, -0.644143153,  0.091179132,
Kurtosis,  -0.100728511,  0.586706607, -0.019756445,
AutoCor,    0.041432688, -0.028898813, -0.234143690,
Markow Autoregressive (lag 1) bivariate joint 3 asset model cond. params
uProb.,   0.738680011,  0.261319989,
Prob (1),   0.763893693,  0.236106307,
Prob (2),   0.667407841,  0.332592159,
Mean,     -0.002159977,  0.002943098, -0.000179748,
Cor (1),    1.000000000, -0.742265626,  0.299651073,
Cor (2),   -0.742265626,  1.000000000,  0.420203493,
Cor (3),    0.299651073,  0.420203493,  1.000000000,
VCV (1),    0.000064472, -0.000031505,  0.000001268,
VCV (2),   -0.000031505,  0.000027942,  0.000001170,
VCV (3),    0.000001268,  0.000001170,  0.000000278,
St.dev,     0.008029476,  0.005285996,  0.000526936,
Mean,      0.006311659, -0.007248763,  0.000414028,
Cor (1),    1.000000000,  0.363715232, -0.633310018,
Cor (2),    0.363715232,  1.000000000,  0.547600319,
Cor (3),   -0.633310018,  0.547600319,  1.000000000,
VCV (1),    0.000051784,  0.000019772, -0.000002423,
VCV (2),    0.000019772,  0.000057067,  0.000002199,
VCV (3),   -0.000002423,  0.000002199,  0.000000283,
St.dev,     0.007196135,  0.007554276,  0.000531672,
AutoCor,    0.028972168, -0.098921068, -0.307191762,

No.; 5; Score; 28.585263632084;
Markow Autoregressive (lag 1) bivariate joint 3 asset model uncond. params
uMean,      0.000283131,  0.000045158,  0.000300694,
VCV (1),    0.000025253, -0.000021465,  0.000000415,
VCV (2),   -0.000021465,  0.000065906, -0.000000498,
VCV (3),    0.000000415, -0.000000498,  0.000000165,
Cor (1),    1.000000000, -0.526151957,  0.203076787,
Cor (2),   -0.526151957,  1.000000000, -0.150966653,
Cor (3),    0.203076787, -0.150966653,  1.000000000,
St.dev,     0.005025206,  0.008118248,  0.000406573,
Skewness,  -0.002734523, -0.181370419, -0.427290848,
Kurtosis,  -0.484837653, -0.441397122,  1.044826851,
AutoCor,    0.274420718,  0.478087449,  0.089406656,
Markow Autoregressive (lag 1) bivariate joint 3 asset model cond. params
uProb.,   0.507759962,  0.492240038,
Prob (1),   0.611289743,  0.388710257,
Prob (2),   0.400965973,  0.599034027,
Mean,      0.003754804, -0.005514892,  0.000397194,
Cor (1),    1.000000000, -0.069665527, -0.566717706,
Cor (2),   -0.069665527,  1.000000000,  0.634830285,
Cor (3),   -0.566717706,  0.634830285,  1.000000000,
VCV (1),    0.000011460, -0.000001087, -0.000000465,
VCV (2),   -0.000001087,  0.000021232,  0.000000709,
VCV (3),   -0.000000465,  0.000000709,  0.000000059,
St.dev,     0.003385255,  0.004607822,  0.000242325,
Mean,     -0.003298002,  0.005780512,  0.000201150,
Cor (1),    1.000000000, -0.116042050,  0.364624023,
Cor (2),   -0.116042050,  1.000000000, -0.384061302,
Cor (3),    0.364624023, -0.384061302,  1.000000000,
VCV (1),    0.000011273, -0.000001261,  0.000000617,
VCV (2),   -0.000001261,  0.000010469, -0.000000626,
VCV (3),    0.000000617, -0.000000626,  0.000000254,
St.dev,     0.003357500,  0.003235609,  0.000503591,
AutoCor,    0.336579530,  0.729098840,  0.081946397,

No.; 6; Score; 30.004634724071;
Markow Autoregressive (lag 1) bivariate joint 3 asset model uncond. params
uMean,      0.000227446,  0.000483167, -0.000323744,
VCV (1),    0.000072880, -0.000019659,  0.000002264,
VCV (2),   -0.000019659,  0.000031126, -0.000000272,
VCV (3),    0.000002264, -0.000000272,  0.000000150,
Cor (1),    1.000000000, -0.412765285,  0.684454777,
Cor (2),   -0.412765285,  1.000000000, -0.125721049,
Cor (3),    0.684454777, -0.125721049,  1.000000000,
St.dev,     0.008536995,  0.005579024,  0.000387443,
Skewness,   0.104305350, -0.448165684,  0.023448287,
Kurtosis,  -0.382169916,  0.103665180, -0.795873730,
AutoCor,   -0.406546131,  0.147863271,  0.068427934,
Markow Autoregressive (lag 1) bivariate joint 3 asset model cond. params
uProb.,   0.339840429,  0.660159571,
Prob (1),   0.362314149,  0.637685851,
Prob (2),   0.328271288,  0.671728712,
Mean,      0.008165252, -0.004273015,  0.000092344,
Cor (1),    1.000000000,  0.155880022, -0.184249300,
Cor (2),    0.155880022,  1.000000000,  0.705559101,
Cor (3),   -0.184249300,  0.705559101,  1.000000000,
VCV (1),    0.000012289,  0.000002759, -0.000000120,
VCV (2),    0.000002759,  0.000025498,  0.000000659,
VCV (3),   -0.000000120,  0.000000659,  0.000000034,
St.dev,     0.003505619,  0.005049532,  0.000185099,
Mean,     -0.003858819,  0.002931579, -0.000537940,
Cor (1),    1.000000000, -0.105978897,  0.827919938,
Cor (2),   -0.105978897,  1.000000000,  0.726837481,
Cor (3),    0.827919938,  0.726837481,  1.000000000,
VCV (1),    0.000019562, -0.000001816,  0.000000992,
VCV (2),   -0.000001816,  0.000015007,  0.000000763,
VCV (3),    0.000000992,  0.000000763,  0.000000073,
St.dev,     0.004422841,  0.003873918,  0.000271007,
AutoCor,   -0.759894682,  0.215903377,  0.118676758,

No.; 7; Score; 30.366087584983;
Markow Autoregressive (lag 1) bivariate joint 3 asset model uncond. params
uMean,     -0.000132415,  0.000096119,  0.000138148,
VCV (1),    0.000055684,  0.000023111,  0.000000757,
VCV (2),    0.000023111,  0.000070316,  0.000000526,
VCV (3),    0.000000757,  0.000000526,  0.000000080,
Cor (1),    1.000000000,  0.369346402,  0.359538065,
Cor (2),    0.369346402,  1.000000000,  0.222150895,
Cor (3),    0.359538065,  0.222150895,  1.000000000,
St.dev,     0.007462176,  0.008385453,  0.000282325,
Skewness,   0.348794184, -0.194206701, -0.050848638,
Kurtosis,  -0.893749181, -0.388568474, -0.187449335,
AutoCor,    0.338918790, -0.017872157, -0.184311613,
Markow Autoregressive (lag 1) bivariate joint 3 asset model cond. params
uProb.,   0.327331669,  0.672668331,
Prob (1),   0.611866451,  0.388133549,
Prob (2),   0.188872281,  0.811127719,
Mean,      0.008976086,  0.007327205,  0.000346447,
Cor (1),    1.000000000, -0.291032715, -0.795847344,
Cor (2),   -0.291032715,  1.000000000,  0.966297945,
Cor (3),   -0.795847344,  0.966297945,  1.000000000,
VCV (1),    0.000011823, -0.000004742, -0.000000538,
VCV (2),   -0.000004742,  0.000022457,  0.000000900,
VCV (3),   -0.000000538,  0.000000900,  0.000000039,
St.dev,     0.003438422,  0.004738870,  0.000196602,
Mean,     -0.004564764, -0.003422649,  0.000036787,
Cor (1),    1.000000000, -0.390659179,  0.003872980,
Cor (2),   -0.390659179,  1.000000000, -0.428887818,
Cor (3),    0.003872980, -0.428887818,  1.000000000,
VCV (1),    0.000016697, -0.000011399,  0.000000004,
VCV (2),   -0.000011399,  0.000050992, -0.000000713,
VCV (3),    0.000000004, -0.000000713,  0.000000054,
St.dev,     0.004086204,  0.007140880,  0.000232682,
AutoCor,    0.117243652, -0.267867652, -0.403143538,

No.; 8; Score; 32.083175770194;
Markow Autoregressive (lag 1) bivariate joint 3 asset model uncond. params
uMean,     -0.000210976,  0.000137165, -0.000212383,
VCV (1),    0.000039306, -0.000015061, -0.000000835,
VCV (2),   -0.000015061,  0.000062683,  0.000001446,
VCV (3),   -0.000000835,  0.000001446,  0.000000135,
Cor (1),    1.000000000, -0.303417181, -0.362236875,
Cor (2),   -0.303417181,  1.000000000,  0.496379648,
Cor (3),   -0.362236875,  0.496379648,  1.000000000,
St.dev,     0.006269433,  0.007917237,  0.000367886,
Skewness,  -0.071327711,  0.981072182, -0.373220237,
Kurtosis,  -0.272936107,  1.687505889, -0.210336746,
AutoCor,    0.043504859,  0.575339183,  0.170801942,
Markow Autoregressive (lag 1) bivariate joint 3 asset model cond. params
uProb.,   0.739098544,  0.260901456,
Prob (1),   0.874890230,  0.125109770,
Prob (2),   0.354419060,  0.645580940,
Mean,      0.001988068, -0.002427290, -0.000317601,
Cor (1),    1.000000000,  0.599989483, -0.048231392,
Cor (2),    0.599989483,  1.000000000,  0.485552941,
Cor (3),   -0.048231392,  0.485552941,  1.000000000,
VCV (1),    0.000026426,  0.000011276, -0.000000090,
VCV (2),    0.000011276,  0.000013365,  0.000000643,
VCV (3),   -0.000000090,  0.000000643,  0.000000131,
St.dev,     0.005140661,  0.003655806,  0.000361964,
Mean,     -0.006440573,  0.007401921,  0.000085685,
Cor (1),    1.000000000, -0.767117444, -0.639385209,
Cor (2),   -0.767117444,  1.000000000,  0.512405916,
Cor (3),   -0.639385209,  0.512405916,  1.000000000,
VCV (1),    0.000018887, -0.000027992, -0.000000445,
VCV (2),   -0.000027992,  0.000070496,  0.000000689,
VCV (3),   -0.000000445,  0.000000689,  0.000000026,
St.dev,     0.004345941,  0.008396192,  0.000160239,
AutoCor,   -0.211664880,  0.598543293,  0.065333770,

No.; 9; Score; 34.538764195229;
Markow Autoregressive (lag 1) bivariate joint 3 asset model uncond. params
uMean,      0.000110094,  0.000364577,  0.000259391,
VCV (1),    0.000073682,  0.000001685, -0.000002634,
VCV (2),    0.000001685,  0.000027788,  0.000000750,
VCV (3),   -0.000002634,  0.000000750,  0.000000365,
Cor (1),    1.000000000,  0.037227488, -0.507711061,
Cor (2),    0.037227488,  1.000000000,  0.235494532,
Cor (3),   -0.507711061,  0.235494532,  1.000000000,
St.dev,     0.008583803,  0.005271451,  0.000604504,
Skewness,   0.920140857,  0.011262853, -0.131695189,
Kurtosis,   0.641922307,  0.022526220, -0.006180329,
AutoCor,   -0.030887617,  0.712003248, -0.605842721,
Markow Autoregressive (lag 1) bivariate joint 3 asset model cond. params
uProb.,   0.500267027,  0.499732973,
Prob (1),   0.521644629,  0.478355371,
Prob (2),   0.478866579,  0.521133421,
Mean,     -0.004811154,  0.000099454,  0.000505791,
Cor (1),    1.000000000,  0.981000398, -0.219237237,
Cor (2),    0.981000398,  1.000000000,  0.810173003,
Cor (3),   -0.219237237,  0.810173003,  1.000000000,
VCV (1),    0.000009855,  0.000010476, -0.000000219,
VCV (2),    0.000010476,  0.000011572,  0.000000878,
VCV (3),   -0.000000219,  0.000000878,  0.000000102,
St.dev,     0.003139290,  0.003401804,  0.000318710,
Mean,      0.005036602,  0.000629983,  0.000012727,
Cor (1),    1.000000000, -0.260493164, -0.624523230,
Cor (2),   -0.260493164,  1.000000000,  0.964176525,
Cor (3),   -0.624523230,  0.964176525,  1.000000000,
VCV (1),    0.000088617, -0.000009694, -0.000002483,
VCV (2),   -0.000009694,  0.000015628,  0.000001610,
VCV (3),   -0.000002483,  0.000001610,  0.000000178,
St.dev,     0.009413666,  0.003953258,  0.000422355,
AutoCor,   -0.067014160,  0.713702160, -0.735244760,

No.; 10; Score; 39.592371173747;
Markow Autoregressive (lag 1) bivariate joint 3 asset model uncond. params
uMean,      0.000108500,  0.000310478,  0.000190397,
VCV (1),    0.000076258,  0.000000694,  0.000000381,
VCV (2),    0.000000694,  0.000020460,  0.000000660,
VCV (3),    0.000000381,  0.000000660,  0.000000072,
Cor (1),    1.000000000,  0.017572628,  0.162404411,
Cor (2),    0.017572628,  1.000000000,  0.543513282,
Cor (3),    0.162404411,  0.543513282,  1.000000000,
St.dev,     0.008732557,  0.004523320,  0.000268332,
Skewness,  -0.238956743, -0.019578748, -0.189349450,
Kurtosis,  -0.464043288,  1.442448465,  0.492708400,
AutoCor,   -0.249108498, -0.025000492,  0.337076506,
Markow Autoregressive (lag 1) bivariate joint 3 asset model cond. params
uProb.,   0.643496628,  0.356503372,
Prob (1),   0.697343985,  0.302656015,
Prob (2),   0.546300934,  0.453699066,
Mean,      0.004859458,  0.000342168,  0.000222457,
Cor (1),    1.000000000, -0.673189664, -0.434315362,
Cor (2),   -0.673189664,  1.000000000,  0.709539279,
Cor (3),   -0.434315362,  0.709539279,  1.000000000,
VCV (1),    0.000017586, -0.000008877, -0.000000371,
VCV (2),   -0.000008877,  0.000009888,  0.000000455,
VCV (3),   -0.000000371,  0.000000455,  0.000000042,
St.dev,     0.004193618,  0.003144462,  0.000203749,
Mean,     -0.008467087,  0.000253278,  0.000132526,
Cor (1),    1.000000000,  0.645991211,  0.779917786,
Cor (2),    0.645991211,  1.000000000,  0.526659057,
Cor (3),    0.779917786,  0.526659057,  1.000000000,
VCV (1),    0.000017919,  0.000017187,  0.000001038,
VCV (2),    0.000017187,  0.000039504,  0.000001041,
VCV (3),    0.000001038,  0.000001041,  0.000000099,
St.dev,     0.004233116,  0.006285183,  0.000314351,
AutoCor,   -0.708152372, -0.025016089,  0.341997070,

No.; 11; Score; 41.081982916422;
Markow Autoregressive (lag 1) bivariate joint 3 asset model uncond. params
uMean,      0.004134070, -0.004309688, -0.000215692,
VCV (1),    0.000047788, -0.000025743, -0.000001823,
VCV (2),   -0.000025743,  0.000065390,  0.000001617,
VCV (3),   -0.000001823,  0.000001617,  0.000000157,
Cor (1),    1.000000000, -0.460524157, -0.665640494,
Cor (2),   -0.460524157,  1.000000000,  0.504544130,
Cor (3),   -0.665640494,  0.504544130,  1.000000000,
St.dev,     0.006912882,  0.008086402,  0.000396242,
Skewness,  -0.236505614,  0.154642232, -0.407330865,
Kurtosis,  -0.056161768,  0.085426378, -0.355881221,
AutoCor,    0.357405669, -0.064883512,  0.158643985,
Markow Autoregressive (lag 1) bivariate joint 3 asset model cond. params
uProb.,   0.658849679,  0.341150321,
Prob (1),   0.664907342,  0.335092658,
Prob (2),   0.647150762,  0.352849238,
Mean,      0.006946735, -0.006286079, -0.000386173,
Cor (1),    1.000000000, -0.237204590, -0.832664971,
Cor (2),   -0.237204590,  1.000000000,  0.518492394,
Cor (3),   -0.832664971,  0.518492394,  1.000000000,
VCV (1),    0.000021492, -0.000007898, -0.000001391,
VCV (2),   -0.000007898,  0.000051587,  0.000001342,
VCV (3),   -0.000001391,  0.000001342,  0.000000130,
St.dev,     0.004635899,  0.007182420,  0.000360352,
Mean,     -0.001297916, -0.000492766,  0.000113553,
Cor (1),    1.000000000, -0.689291992,  0.422973633,
Cor (2),   -0.689291992,  1.000000000,  0.207928588,
Cor (3),    0.422973633,  0.207928588,  1.000000000,
VCV (1),    0.000028314, -0.000030459,  0.000000379,
VCV (2),   -0.000030459,  0.000068963,  0.000000291,
VCV (3),    0.000000379,  0.000000291,  0.000000028,
St.dev,     0.005321122,  0.008304413,  0.000168239,
AutoCor,    0.517028809, -0.075660620,  0.237036133,

No.; 12; Score; 43.881122439759;
Markow Autoregressive (lag 1) bivariate joint 3 asset model uncond. params
uMean,      0.000216267,  0.000309673,  0.000212991,
VCV (1),    0.000097995, -0.000058773,  0.000002081,
VCV (2),   -0.000058773,  0.000059182, -0.000000840,
VCV (3),    0.000002081, -0.000000840,  0.000000182,
Cor (1),    1.000000000, -0.771762895,  0.492399584,
Cor (2),   -0.771762895,  1.000000000, -0.255789635,
Cor (3),    0.492399584, -0.255789635,  1.000000000,
St.dev,     0.009899257,  0.007692987,  0.000426986,
Skewness,  -0.047488091, -0.016796440, -0.042492239,
Kurtosis,  -0.413024907, -0.697840221, -0.432497695,
AutoCor,   -0.025798779, -0.233883894, -0.134931908,
Markow Autoregressive (lag 1) bivariate joint 3 asset model cond. params
uProb.,   0.518019299,  0.481980701,
Prob (1),   0.272770079,  0.727229921,
Prob (2),   0.781606260,  0.218393740,
Mean,      0.006668822, -0.005388847,  0.000494392,
Cor (1),    1.000000000, -0.476862793, -0.106063409,
Cor (2),   -0.476862793,  1.000000000,  0.247134972,
Cor (3),   -0.106063409,  0.247134972,  1.000000000,
VCV (1),    0.000044289, -0.000015833, -0.000000214,
VCV (2),   -0.000015833,  0.000024891,  0.000000374,
VCV (3),   -0.000000214,  0.000000374,  0.000000092,
St.dev,     0.006654988,  0.004989054,  0.000303161,
Mean,     -0.006718757,  0.006434281, -0.000089450,
Cor (1),    1.000000000, -0.633045681,  0.226635742,
Cor (2),   -0.633045681,  1.000000000,  0.941463659,
Cor (3),    0.226635742,  0.941463659,  1.000000000,
VCV (1),    0.000046909, -0.000020481,  0.000000480,
VCV (2),   -0.000020481,  0.000022314,  0.000001374,
VCV (3),    0.000000480,  0.000001374,  0.000000095,
St.dev,     0.006849041,  0.004723794,  0.000308935,
AutoCor,    0.380147041,  0.161331567,  0.192423019,

No.; 13; Score; 44.083400648998;
Markow Autoregressive (lag 1) bivariate joint 3 asset model uncond. params
uMean,      0.000104956,  0.000380165, -0.000091191,
VCV (1),    0.000084998, -0.000000167, -0.000000171,
VCV (2),   -0.000000167,  0.000018963,  0.000000509,
VCV (3),   -0.000000171,  0.000000509,  0.000000104,
Cor (1),    1.000000000, -0.004154492, -0.057523287,
Cor (2),   -0.004154492,  1.000000000,  0.362094378,
Cor (3),   -0.057523287,  0.362094378,  1.000000000,
St.dev,     0.009219415,  0.004354604,  0.000322575,
Skewness,   0.021356311, -0.008854149, -0.103880295,
Kurtosis,  -0.740273880, -0.003880326,  1.420702594,
AutoCor,    0.596958594,  0.439836214, -0.343527792,
Markow Autoregressive (lag 1) bivariate joint 3 asset model cond. params
uProb.,   0.494312051,  0.505687949,
Prob (1),   0.871167765,  0.128832235,
Prob (2),   0.125934040,  0.874065960,
Mean,     -0.007167468, -0.000578929, -0.000107662,
Cor (1),    1.000000000,  0.356692267, -0.558600710,
Cor (2),    0.356692267,  1.000000000,  0.627548738,
Cor (3),   -0.558600710,  0.627548738,  1.000000000,
VCV (1),    0.000027757,  0.000007284, -0.000001166,
VCV (2),    0.000007284,  0.000015025,  0.000000964,
VCV (3),   -0.000001166,  0.000000964,  0.000000157,
St.dev,     0.005268517,  0.003876257,  0.000396329,
Mean,      0.007213780,  0.001317683, -0.000075090,
Cor (1),    1.000000000, -0.899790356,  0.553686953,
Cor (2),   -0.899790356,  1.000000000,  0.280428588,
Cor (3),    0.553686953,  0.280428588,  1.000000000,
VCV (1),    0.000029859, -0.000018782,  0.000000498,
VCV (2),   -0.000018782,  0.000014592,  0.000000176,
VCV (3),    0.000000498,  0.000000176,  0.000000027,
St.dev,     0.005464353,  0.003819973,  0.000164579,
AutoCor,    0.366755587,  0.424633998, -0.346309658,

No.; 14; Score; 46.479757500052;
Markow Autoregressive (lag 1) bivariate joint 3 asset model uncond. params
uMean,      0.000153737,  0.000179601, -0.000027631,
VCV (1),    0.000075615, -0.000016100, -0.000000644,
VCV (2),   -0.000016100,  0.000031966,  0.000000616,
VCV (3),   -0.000000644,  0.000000616,  0.000000478,
Cor (1),    1.000000000, -0.327482683, -0.107104492,
Cor (2),   -0.327482683,  1.000000000,  0.157687751,
Cor (3),   -0.107104492,  0.157687751,  1.000000000,
St.dev,     0.008695683,  0.005653809,  0.000691081,
Skewness,   0.067008298,  0.101622368,  0.034488114,
Kurtosis,  -0.048591817, -0.141142371,  0.008401491,
AutoCor,    0.629176491,  0.161912068, -0.881087626,
Markow Autoregressive (lag 1) bivariate joint 3 asset model cond. params
uProb.,   0.517820791,  0.482179209,
Prob (1),   0.382205731,  0.617794269,
Prob (2),   0.663460206,  0.336539794,
Mean,      0.003675880, -0.002714428, -0.000209374,
Cor (1),    1.000000000, -0.442159544, -0.831423462,
Cor (2),   -0.442159544,  1.000000000,  0.326927678,
Cor (3),   -0.831423462,  0.326927678,  1.000000000,
VCV (1),    0.000024997, -0.000009526, -0.000000802,
VCV (2),   -0.000009526,  0.000018567,  0.000000272,
VCV (3),   -0.000000802,  0.000000272,  0.000000037,
St.dev,     0.004999667,  0.004308965,  0.000192943,
Mean,     -0.003628755,  0.003287549,  0.000167546,
Cor (1),    1.000000000,  0.137924805,  0.914260722,
Cor (2),    0.137924805,  1.000000000, -0.110446106,
Cor (3),    0.914260722, -0.110446106,  1.000000000,
VCV (1),    0.000014652,  0.000002495,  0.000001022,
VCV (2),    0.000002495,  0.000022340, -0.000000152,
VCV (3),    0.000001022, -0.000000152,  0.000000085,
St.dev,     0.003827776,  0.004726531,  0.000291956,
AutoCor,    0.823890316,  0.335437171, -0.929213393,

No.; 15; Score; 47.163820528066;
Markow Autoregressive (lag 1) bivariate joint 3 asset model uncond. params
uMean,      0.000228137,  0.000333357,  0.000235593,
VCV (1),    0.000057048,  0.000002753, -0.000002074,
VCV (2),    0.000002753,  0.000089834, -0.000001719,
VCV (3),   -0.000002074, -0.000001719,  0.000000386,
Cor (1),    1.000000000,  0.038461652, -0.441818058,
Cor (2),    0.038461652,  1.000000000, -0.291884084,
Cor (3),   -0.441818058, -0.291884084,  1.000000000,
St.dev,     0.007553045,  0.009478104,  0.000621422,
Skewness,  -0.151826720, -0.090741160, -0.736619949,
Kurtosis,   0.036717088, -0.072620379, -0.023839548,
AutoCor,   -0.198690653,  0.693888516,  0.025618515,
Markow Autoregressive (lag 1) bivariate joint 3 asset model cond. params
uProb.,   0.373198434,  0.626801566,
Prob (1),   0.427990574,  0.572009426,
Prob (2),   0.340575125,  0.659424875,
Mean,      0.003158249,  0.005892411, -0.000376466,
Cor (1),    1.000000000, -0.086276855, -0.948133036,
Cor (2),   -0.086276855,  1.000000000,  0.801868699,
Cor (3),   -0.948133036,  0.801868699,  1.000000000,
VCV (1),    0.000035668, -0.000001513, -0.000002962,
VCV (2),   -0.000001513,  0.000008617,  0.000001231,
VCV (3),   -0.000002962,  0.000001231,  0.000000274,
St.dev,     0.005972250,  0.002935472,  0.000523150,
Mean,     -0.001516455, -0.002976510,  0.000600013,
Cor (1),    1.000000000, -0.316040425,  0.076696548,
Cor (2),   -0.316040425,  1.000000000, -0.137373790,
Cor (3),    0.076696548, -0.137373790,  1.000000000,
VCV (1),    0.000057359, -0.000012316,  0.000000180,
VCV (2),   -0.000012316,  0.000026476, -0.000000219,
VCV (3),    0.000000180, -0.000000219,  0.000000096,
St.dev,     0.007573578,  0.005145471,  0.000310460,
AutoCor,   -0.226850574,  0.850100210, -0.058881836,

No.; 16; Score; 49.487791433424;
Markow Autoregressive (lag 1) bivariate joint 3 asset model uncond. params
uMean,     -0.000212373,  0.000218037,  0.000026233,
VCV (1),    0.000080275,  0.000012386,  0.000000024,
VCV (2),    0.000012386,  0.000067357, -0.000000038,
VCV (3),    0.000000024, -0.000000038,  0.000000096,
Cor (1),    1.000000000,  0.168440620,  0.008542304,
Cor (2),    0.168440620,  1.000000000, -0.014784859,
Cor (3),    0.008542304, -0.014784859,  1.000000000,
St.dev,     0.008959608,  0.008207149,  0.000310062,
Skewness,   0.198182134,  0.611719427, -0.282388303,
Kurtosis,   0.373531205,  0.657201215,  0.154258273,
AutoCor,   -0.718598618,  0.456982448, -0.335970724,
Markow Autoregressive (lag 1) bivariate joint 3 asset model cond. params
uProb.,   0.551405857,  0.448594143,
Prob (1),   0.612765647,  0.387234353,
Prob (2),   0.475983234,  0.524016766,
Mean,     -0.002086690, -0.003120826, -0.000073541,
Cor (1),    1.000000000, -0.727502845, -0.019373956,
Cor (2),   -0.727502845,  1.000000000, -0.465365028,
Cor (3),   -0.019373956, -0.465365028,  1.000000000,
VCV (1),    0.000012530, -0.000009113, -0.000000021,
VCV (2),   -0.000009113,  0.000012523, -0.000000503,
VCV (3),   -0.000000021, -0.000000503,  0.000000093,
St.dev,     0.003539751,  0.003538795,  0.000305377,
Mean,      0.002091511,  0.004322121,  0.000148874,
Cor (1),    1.000000000,  0.423266602, -0.193393907,
Cor (2),    0.423266602,  1.000000000, -0.349903443,
Cor (3),   -0.193393907, -0.349903443,  1.000000000,
VCV (1),    0.000054251,  0.000025989, -0.000000291,
VCV (2),    0.000025989,  0.000069495, -0.000000596,
VCV (3),   -0.000000291, -0.000000596,  0.000000042,
St.dev,     0.007365496,  0.008336390,  0.000204304,
AutoCor,   -0.767228037,  0.538759503, -0.404916992,

No.; 17; Score; 59.268553590172;
Markow Autoregressive (lag 1) bivariate joint 3 asset model uncond. params
uMean,      0.000245428,  0.000328675, -0.000383705,
VCV (1),    0.000100945, -0.000036766, -0.000000399,
VCV (2),   -0.000036766,  0.000053430,  0.000002106,
VCV (3),   -0.000000399,  0.000002106,  0.000000154,
Cor (1),    1.000000000, -0.500621422, -0.101272049,
Cor (2),   -0.500621422,  1.000000000,  0.734123671,
Cor (3),   -0.101272049,  0.734123671,  1.000000000,
St.dev,     0.010047121,  0.007309596,  0.000392427,
Skewness,   0.438646741, -0.125087596, -0.001873243,
Kurtosis,  -0.243647025,  0.002357612, -0.002787347,
AutoCor,   -0.246445776,  0.323348479,  0.390945796,
Markow Autoregressive (lag 1) bivariate joint 3 asset model cond. params
uProb.,   0.436176467,  0.563823533,
Prob (1),   0.143026324,  0.856973676,
Prob (2),   0.662958759,  0.337041241,
Mean,     -0.006901822,  0.003184188, -0.000470617,
Cor (1),    1.000000000,  0.243584170, -0.090663018,
Cor (2),    0.243584170,  1.000000000,  0.867747208,
Cor (3),   -0.090663018,  0.867747208,  1.000000000,
VCV (1),    0.000030367,  0.000007275, -0.000000174,
VCV (2),    0.000007275,  0.000029378,  0.000001637,
VCV (3),   -0.000000174,  0.000001637,  0.000000121,
St.dev,     0.005510605,  0.005420111,  0.000348065,
Mean,      0.005774573, -0.001880363, -0.000316468,
Cor (1),    1.000000000, -0.711879882, -0.459204102,
Cor (2),   -0.711879882,  1.000000000,  0.878495644,
Cor (3),   -0.459204102,  0.878495644,  1.000000000,
VCV (1),    0.000084913, -0.000043978, -0.000001473,
VCV (2),   -0.000043978,  0.000044945,  0.000002050,
VCV (3),   -0.000001473,  0.000002050,  0.000000121,
St.dev,     0.009214818,  0.006704113,  0.000348089,
AutoCor,   -0.070500488,  0.436232753,  0.426873343,

No.; 18; Score; 74.147969166226;
Markow Autoregressive (lag 1) bivariate joint 3 asset model uncond. params
uMean,     -0.002197486, -0.003044986, -0.000302233,
VCV (1),    0.000034319, -0.000008619,  0.000000118,
VCV (2),   -0.000008619,  0.000170154,  0.000000578,
VCV (3),    0.000000118,  0.000000578,  0.000000307,
Cor (1),    1.000000000, -0.112788370,  0.036217918,
Cor (2),   -0.112788370,  1.000000000,  0.079984909,
Cor (3),    0.036217918,  0.079984909,  1.000000000,
St.dev,     0.005858250,  0.013044315,  0.000554421,
Skewness,  -0.043696234,  0.029192851, -0.000002103,
Kurtosis,   0.085924079,  0.044043774, -0.001236212,
AutoCor,    0.263577843,  0.932647945, -0.844906640,
Markow Autoregressive (lag 1) bivariate joint 3 asset model cond. params
uProb.,   0.866619203,  0.133380797,
Prob (1),   0.906967703,  0.093032297,
Prob (2),   0.604461636,  0.395538364,
Mean,     -0.002384678, -0.003850464, -0.000332589,
Cor (1),    1.000000000, -0.292087402,  0.131495185,
Cor (2),   -0.292087402,  1.000000000,  0.798033410,
Cor (3),    0.131495185,  0.798033410,  1.000000000,
VCV (1),    0.000034148, -0.000006491,  0.000000212,
VCV (2),   -0.000006491,  0.000014464,  0.000000835,
VCV (3),    0.000000212,  0.000000835,  0.000000076,
St.dev,     0.005843606,  0.003803198,  0.000275279,
Mean,     -0.000981240,  0.002188470, -0.000104999,
Cor (1),    1.000000000, -0.534604492, -0.613940430,
Cor (2),   -0.534604492,  1.000000000,  0.216229369,
Cor (3),   -0.613940430,  0.216229369,  1.000000000,
VCV (1),    0.000016004, -0.000011810, -0.000000631,
VCV (2),   -0.000011810,  0.000030495,  0.000000307,
VCV (3),   -0.000000631,  0.000000307,  0.000000066,
St.dev,     0.004000451,  0.005522251,  0.000256901,
AutoCor,    0.263317871,  0.948655786, -0.867700195,

No.; 19; Score; 107.21395541603;
Markow Autoregressive (lag 1) bivariate joint 3 asset model uncond. params
uMean,     -0.003356942, -0.000361581, -0.000367783,
VCV (1),    0.000070992, -0.000039362,  0.000000227,
VCV (2),   -0.000039362,  0.000158316,  0.000000347,
VCV (3),    0.000000227,  0.000000347,  0.000000183,
Cor (1),    1.000000000, -0.371285036,  0.062916396,
Cor (2),   -0.371285036,  1.000000000,  0.064407058,
Cor (3),    0.062916396,  0.064407058,  1.000000000,
St.dev,     0.008425700,  0.012582383,  0.000427960,
Skewness,  -0.627066783, -0.110713624, -0.193569546,
Kurtosis,  -0.235047326, -0.109140446,  0.316354388,
AutoCor,   -0.232090344,  0.602399356, -0.444402584,
Markow Autoregressive (lag 1) bivariate joint 3 asset model cond. params
uProb.,   0.461996819,  0.538003181,
Prob (1),   0.416261755,  0.583738245,
Prob (2),   0.501270664,  0.498729336,
Mean,      0.002842579, -0.007422527, -0.000275497,
Cor (1),    1.000000000,  0.083596192, -0.442528253,
Cor (2),    0.083596192,  1.000000000,  0.539049034,
Cor (3),   -0.442528253,  0.539049034,  1.000000000,
VCV (1),    0.000007494,  0.000001466, -0.000000328,
VCV (2),    0.000001466,  0.000041019,  0.000000935,
VCV (3),   -0.000000328,  0.000000935,  0.000000073,
St.dev,     0.002737598,  0.006404620,  0.000270858,
Mean,     -0.008680626,  0.005701831, -0.000447030,
Cor (1),    1.000000000, -0.161069336, -0.039233399,
Cor (2),   -0.161069336,  1.000000000,  0.751141479,
Cor (3),   -0.039233399,  0.751141479,  1.000000000,
VCV (1),    0.000055029, -0.000005568, -0.000000128,
VCV (2),   -0.000005568,  0.000021713,  0.000001545,
VCV (3),   -0.000000128,  0.000001545,  0.000000195,
St.dev,     0.007418164,  0.004659681,  0.000441440,
AutoCor,   -0.359875488,  0.857200708, -0.459350586,

No.; 20; Score; 150.48833317401;
Markow Autoregressive (lag 1) bivariate joint 3 asset model uncond. params
uMean,      0.000189974,  0.000167093,  0.000155915,
VCV (1),    0.000211611, -0.000038645,  0.000001953,
VCV (2),   -0.000038645,  0.000074330, -0.000001348,
VCV (3),    0.000001953, -0.000001348,  0.000000273,
Cor (1),    1.000000000, -0.308136387,  0.256747705,
Cor (2),   -0.308136387,  1.000000000, -0.299004497,
Cor (3),    0.256747705, -0.299004497,  1.000000000,
St.dev,     0.014546845,  0.008621485,  0.000522849,
Skewness,  -0.006537430, -0.070912385,  0.000769270,
Kurtosis,  -0.043389412, -0.669144569, -0.105675622,
AutoCor,   -0.731550518, -0.040597197,  0.465617983,
Markow Autoregressive (lag 1) bivariate joint 3 asset model cond. params
uProb.,   0.657473706,  0.342526294,
Prob (1),   0.744461480,  0.255538520,
Prob (2),   0.490502075,  0.509497925,
Mean,     -0.003825564,  0.004824752, -0.000019267,
Cor (1),    1.000000000,  0.038466380,  0.264356513,
Cor (2),    0.038466380,  1.000000000,  0.088681268,
Cor (3),    0.264356513,  0.088681268,  1.000000000,
VCV (1),    0.000038815,  0.000001351,  0.000000668,
VCV (2),    0.000001351,  0.000031774,  0.000000203,
VCV (3),    0.000000668,  0.000000203,  0.000000164,
St.dev,     0.006230135,  0.005636860,  0.000405318,
Mean,      0.007897734, -0.008773210,  0.000492174,
Cor (1),    1.000000000, -0.356716272,  0.696448425,
Cor (2),   -0.356716272,  1.000000000,  0.245259013,
Cor (3),    0.696448425,  0.245259013,  1.000000000,
VCV (1),    0.000025339, -0.000007606,  0.000001307,
VCV (2),   -0.000007606,  0.000017944,  0.000000387,
VCV (3),    0.000001307,  0.000000387,  0.000000139,
St.dev,     0.005033798,  0.004236055,  0.000372869,
AutoCor,   -0.900388913, -0.415816870,  0.523753892,

No.; 21; Score; 173.34592791564;
Markow Autoregressive (lag 1) bivariate joint 3 asset model uncond. params
uMean,     -0.006135128,  0.000103668,  0.000125224,
VCV (1),    0.000030787,  0.000002784,  0.000000873,
VCV (2),    0.000002784,  0.000036661,  0.000000806,
VCV (3),    0.000000873,  0.000000806,  0.000000159,
Cor (1),    1.000000000,  0.082878748,  0.394814414,
Cor (2),    0.082878748,  1.000000000,  0.333722311,
Cor (3),    0.394814414,  0.333722311,  1.000000000,
St.dev,     0.005548581,  0.006054872,  0.000398732,
Skewness,   0.195471718,  0.895547025, -0.128034599,
Kurtosis,   0.171161388,  0.582060205, -0.069000856,
AutoCor,   -0.443196168,  0.105468151, -0.536299746,
Markow Autoregressive (lag 1) bivariate joint 3 asset model cond. params
uProb.,   0.694269325,  0.305730675,
Prob (1),   0.663878005,  0.336121995,
Prob (2),   0.763283536,  0.236716464,
Mean,     -0.007324727, -0.002785591,  0.000021137,
Cor (1),    1.000000000, -0.711081543,  0.217335029,
Cor (2),   -0.711081543,  1.000000000,  0.337486534,
Cor (3),    0.217335029,  0.337486534,  1.000000000,
VCV (1),    0.000017531, -0.000009033,  0.000000288,
VCV (2),   -0.000009033,  0.000009205,  0.000000324,
VCV (3),    0.000000288,  0.000000324,  0.000000100,
St.dev,     0.004187022,  0.003033894,  0.000316205,
Mean,     -0.003433724,  0.006664748,  0.000361589,
Cor (1),    1.000000000,  0.050258789,  0.611743164,
Cor (2),    0.050258789,  1.000000000, -0.213458131,
Cor (3),    0.611743164, -0.213458131,  1.000000000,
VCV (1),    0.000029314,  0.000001513,  0.000000707,
VCV (2),    0.000001513,  0.000030898, -0.000000253,
VCV (3),    0.000000707, -0.000000253,  0.000000046,
St.dev,     0.005414266,  0.005558554,  0.000213436,
AutoCor,   -0.483264160,  0.324827661, -0.616284180,

No.; 22; Score; 305.60987291485;
Markow Autoregressive (lag 1) bivariate joint 3 asset model uncond. params
uMean,     -0.005786612,  0.004744481,  0.000193111,
VCV (1),    0.000021086,  0.000001786, -0.000000235,
VCV (2),    0.000001786,  0.000014463,  0.000000462,
VCV (3),   -0.000000235,  0.000000462,  0.000000125,
Cor (1),    1.000000000,  0.102269500, -0.144936260,
Cor (2),    0.102269500,  1.000000000,  0.344130150,
Cor (3),   -0.144936260,  0.344130150,  1.000000000,
St.dev,     0.004591903,  0.003803049,  0.000353102,
Skewness,  -0.203524143,  0.038622277, -0.324007280,
Kurtosis,   0.105797136,  0.465161318,  0.173304193,
AutoCor,    0.258778169,  0.044355920,  0.319123732,
Markow Autoregressive (lag 1) bivariate joint 3 asset model cond. params
uProb.,   0.598846379,  0.401153621,
Prob (1),   0.652180308,  0.347819692,
Prob (2),   0.519228925,  0.480771075,
Mean,     -0.006910289,  0.004846173,  0.000088663,
Cor (1),    1.000000000,  0.206691895, -0.595360284,
Cor (2),    0.206691895,  1.000000000,  0.337633019,
Cor (3),   -0.595360284,  0.337633019,  1.000000000,
VCV (1),    0.000021872,  0.000004223, -0.000000993,
VCV (2),    0.000004223,  0.000019085,  0.000000526,
