Round No; 1; best result RLS; 7.3165301194662

;;;
Statistical description of data for: Meginajums1
Calib/Tail/Per/Cur, 784, 9999, 23, 0,
Title,    INDEX WITH EQUAL WEIGHTS based on market value,EQUITY LM SNP,REX BOND     ,
Mean,       0.000158634,  0.000175148,  0.000011824,
VCV (1),    0.000022943, -0.000000281, -0.000000006,
VCV (2),   -0.000000281,  0.000027803, -0.000000034,
VCV (3),   -0.000000006, -0.000000034,  0.000000099,
St.dev,     0.004789897,  0.005272874,  0.000315163,
Skewness,  -1.581739356, -0.533728382, -0.333150084,
Kurtosis,  24.552038003,  6.345066446, 26.810331499,
AutoCor,   -0.072787598,  0.126724186, -0.366572783,
No.; 1; Score; 7.3165301194662;
Markow Autoregressive (lag 1) bivariate joint 3 asset model uncond. params
uMean,     -0.006113153,  0.000630201, -0.000277467,
VCV (1),    0.000059697, -0.000003452,  0.000000764,
VCV (2),   -0.000003452,  0.000059816, -0.000001113,
VCV (3),    0.000000764, -0.000001113,  0.000000201,
Cor (1),    1.000000000, -0.057760549,  0.220238533,
Cor (2),   -0.057760549,  1.000000000, -0.320543810,
Cor (3),    0.220238533, -0.320543810,  1.000000000,
St.dev,     0.007726380,  0.007734096,  0.000448753,
Skewness,  -0.074609390, -0.030971717,  0.071476706,
Kurtosis,   0.222705304, -0.058676186, -0.011517438,
AutoCor,   -0.745822736, -0.575321754, -0.035191331,
Markow Autoregressive (lag 1) bivariate joint 3 asset model cond. params
uProb.,   0.384233974,  0.615766026,
Prob (1),   0.395609849,  0.604390151,
Prob (2),   0.377135502,  0.622864498,
Mean,     -0.007209603,  0.004546917, -0.000447058,
Cor (1),    1.000000000,  0.581945801,  0.828801269,
Cor (2),    0.581945801,  1.000000000, -0.129448242,
Cor (3),    0.828801269, -0.129448242,  1.000000000,
VCV (1),    0.000041737,  0.000017868,  0.000002136,
VCV (2),    0.000017868,  0.000022587, -0.000000245,
VCV (3),    0.000002136, -0.000000245,  0.000000159,
St.dev,     0.006460410,  0.004752570,  0.000398976,
Mean,     -0.005428975, -0.001813804, -0.000171644,
Cor (1),    1.000000000, -0.564371850, -0.181632512,
Cor (2),   -0.564371850,  1.000000000, -0.397084961,
Cor (3),   -0.181632512, -0.397084961,  1.000000000,
VCV (1),    0.000015038, -0.000011751, -0.000000313,
VCV (2),   -0.000011751,  0.000028828, -0.000000949,
VCV (3),   -0.000000313, -0.000000949,  0.000000198,
St.dev,     0.003877908,  0.005369163,  0.000445059,
AutoCor,   -0.755549316, -0.688452149, -0.040441895,

No.; 2; Score; 15.267409889325;
Markow Autoregressive (lag 1) bivariate joint 3 asset model uncond. params
uMean,      0.000068146,  0.000135059,  0.000078969,
VCV (1),    0.000016853, -0.000000633, -0.000000369,
VCV (2),   -0.000000633,  0.000048874, -0.000001130,
VCV (3),   -0.000000369, -0.000001130,  0.000000251,
Cor (1),    1.000000000, -0.022066584, -0.179399634,
Cor (2),   -0.022066584,  1.000000000, -0.322854726,
Cor (3),   -0.179399634, -0.322854726,  1.000000000,
St.dev,     0.004105257,  0.006990993,  0.000500597,
Skewness,  -0.014701509, -0.205232061, -0.151464197,
Kurtosis,   0.075254347,  0.122058307, -0.033491905,
AutoCor,   -0.455821362,  0.044142531, -0.169373049,
Markow Autoregressive (lag 1) bivariate joint 3 asset model cond. params
uProb.,   0.531503497,  0.468496503,
Prob (1),   0.281647536,  0.718352464,
Prob (2),   0.814961998,  0.185038002,
Mean,      0.000189369,  0.002266216, -0.000120440,
Cor (1),    1.000000000, -0.734783763, -0.444196778,
Cor (2),   -0.734783763,  1.000000000,  0.176809319,
Cor (3),   -0.444196778,  0.176809319,  1.000000000,
VCV (1),    0.000010602, -0.000013877, -0.000000699,
VCV (2),   -0.000013877,  0.000033643,  0.000000496,
VCV (3),   -0.000000699,  0.000000496,  0.000000234,
St.dev,     0.003256038,  0.005800283,  0.000483475,
Mean,     -0.000069381, -0.002282712,  0.000305195,
Cor (1),    1.000000000,  0.458635973,  0.056590144,
Cor (2),    0.458635973,  1.000000000, -0.646861671,
Cor (3),    0.056590144, -0.646861671,  1.000000000,
VCV (1),    0.000016445,  0.000013665,  0.000000095,
VCV (2),    0.000013665,  0.000053980, -0.000001959,
VCV (3),    0.000000095, -0.000001959,  0.000000170,
St.dev,     0.004055286,  0.007347109,  0.000412204,
AutoCor,   -0.455744629,  0.112197015, -0.089475098,

No.; 3; Score; 20.261856931211;
Markow Autoregressive (lag 1) bivariate joint 3 asset model uncond. params
uMean,      0.000152213,  0.000084945, -0.000096585,
VCV (1),    0.000055428,  0.000022035, -0.000001317,
VCV (2),    0.000022035,  0.000061254,  0.000000046,
VCV (3),   -0.000001317,  0.000000046,  0.000000240,
Cor (1),    1.000000000,  0.378167706, -0.361122139,
Cor (2),    0.378167706,  1.000000000,  0.012066407,
Cor (3),   -0.361122139,  0.012066407,  1.000000000,
St.dev,     0.007445011,  0.007826497,  0.000489819,
Skewness,   0.224985775,  0.263157348,  0.309936444,
Kurtosis,  -0.330864715,  0.453449098, -0.939525151,
AutoCor,   -0.096811912,  0.238467590, -0.350761517,
Markow Autoregressive (lag 1) bivariate joint 3 asset model cond. params
uProb.,   0.639317922,  0.360682078,
Prob (1),   0.483394518,  0.516605482,
Prob (2),   0.915696019,  0.084303981,
Mean,      0.003469717,  0.001348486, -0.000411120,
Cor (1),    1.000000000,  0.208806326,  0.222762912,
Cor (2),    0.208806326,  1.000000000,  0.562198466,
Cor (3),    0.222762912,  0.562198466,  1.000000000,
VCV (1),    0.000043781,  0.000011880,  0.000000382,
VCV (2),    0.000011880,  0.000073931,  0.000001253,
VCV (3),    0.000000382,  0.000001253,  0.000000067,
St.dev,     0.006616698,  0.008598336,  0.000259248,
Mean,     -0.005728143, -0.002154713,  0.000460935,
Cor (1),    1.000000000,  0.919350037,  0.741860535,
Cor (2),    0.919350037,  1.000000000, -0.064428711,
Cor (3),    0.741860535, -0.064428711,  1.000000000,
VCV (1),    0.000021261,  0.000018499,  0.000000816,
VCV (2),    0.000018499,  0.000019045, -0.000000067,
VCV (3),    0.000000816, -0.000000067,  0.000000057,
St.dev,     0.004610942,  0.004364031,  0.000238497,
AutoCor,    0.085391555,  0.270957735, -0.129292981,

No.; 4; Score; 26.321116264099;
Markow Autoregressive (lag 1) bivariate joint 3 asset model uncond. params
uMean,      0.000078104,  0.000142674, -0.000302946,
VCV (1),    0.000027903,  0.000010011, -0.000000069,
VCV (2),    0.000010011,  0.000066978, -0.000000356,
VCV (3),   -0.000000069, -0.000000356,  0.000000067,
Cor (1),    1.000000000,  0.231563743, -0.050560699,
Cor (2),    0.231563743,  1.000000000, -0.167823222,
Cor (3),   -0.050560699, -0.167823222,  1.000000000,
St.dev,     0.005282311,  0.008184031,  0.000258964,
Skewness,  -0.547924152, -0.037987617,  0.284763379,
Kurtosis,   1.692733491, -0.066703187,  0.597808267,
AutoCor,    0.080646404, -0.131314285,  0.177210058,
Markow Autoregressive (lag 1) bivariate joint 3 asset model cond. params
uProb.,   0.947709791,  0.052290209,
Prob (1),   0.961683390,  0.038316610,
Prob (2),   0.694451726,  0.305548274,
Mean,      0.000500332, -0.000284548, -0.000323113,
Cor (1),    1.000000000,  0.348348420, -0.038034668,
Cor (2),    0.348348420,  1.000000000, -0.270996044,
Cor (3),   -0.038034668, -0.270996044,  1.000000000,
VCV (1),    0.000022096,  0.000013112, -0.000000042,
VCV (2),    0.000013112,  0.000064125, -0.000000513,
VCV (3),   -0.000000042, -0.000000513,  0.000000056,
St.dev,     0.004700606,  0.008007823,  0.000236372,
Mean,     -0.007574376,  0.007885669,  0.000062563,
Cor (1),    1.000000000,  0.423392138,  0.912029264,
Cor (2),    0.423392138,  1.000000000, -0.453105823,
Cor (3),    0.912029264, -0.453105823,  1.000000000,
VCV (1),    0.000069869,  0.000018487,  0.000002379,
VCV (2),    0.000018487,  0.000027287, -0.000000739,
VCV (3),    0.000002379, -0.000000739,  0.000000097,
St.dev,     0.008358754,  0.005223702,  0.000312118,
AutoCor,    0.056210553, -0.152020652,  0.166093326,

No.; 5; Score; 30.654007113441;
Markow Autoregressive (lag 1) bivariate joint 3 asset model uncond. params
uMean,      0.000333176,  0.000139406,  0.000028616,
VCV (1),    0.000020575,  0.000017711,  0.000000774,
VCV (2),    0.000017711,  0.000049915,  0.000000092,
VCV (3),    0.000000774,  0.000000092,  0.000000206,
Cor (1),    1.000000000,  0.552655359,  0.375856798,
Cor (2),    0.552655359,  1.000000000,  0.028640671,
Cor (3),    0.375856798,  0.028640671,  1.000000000,
St.dev,     0.004536016,  0.007065083,  0.000454036,
Skewness,   0.088903548, -0.310694364,  0.368597550,
Kurtosis,   0.020981768,  0.326326346,  1.057568615,
AutoCor,    0.263769542, -0.102416643,  0.333405792,
Markow Autoregressive (lag 1) bivariate joint 3 asset model cond. params
uProb.,   0.544005761,  0.455994239,
Prob (1),   0.470291509,  0.529708491,
Prob (2),   0.631947613,  0.368052387,
Mean,      0.001445805, -0.001784116,  0.000114447,
Cor (1),    1.000000000,  0.994756483,  0.449225323,
Cor (2),    0.994756483,  1.000000000,  0.096576416,
Cor (3),    0.449225323,  0.096576416,  1.000000000,
VCV (1),    0.000019612,  0.000034478,  0.000001067,
VCV (2),    0.000034478,  0.000061254,  0.000000405,
VCV (3),    0.000001067,  0.000000405,  0.000000288,
St.dev,     0.004428515,  0.007826504,  0.000536199,
Mean,     -0.000994203,  0.002434188, -0.000073782,
Cor (1),    1.000000000,  0.234584328,  0.031140925,
Cor (2),    0.234584328,  1.000000000,  0.180423617,
Cor (3),    0.031140925,  0.180423617,  1.000000000,
VCV (1),    0.000014800,  0.000004582,  0.000000022,
VCV (2),    0.000004582,  0.000025776,  0.000000172,
VCV (3),    0.000000022,  0.000000172,  0.000000035,
St.dev,     0.003847090,  0.005076965,  0.000187419,
AutoCor,    0.296667481, -0.096669850,  0.355452231,

No.; 6; Score; 31.378204490581;
Markow Autoregressive (lag 1) bivariate joint 3 asset model uncond. params
uMean,      0.000227584,  0.000418202, -0.000041661,
VCV (1),    0.000026699,  0.000011561,  0.000000867,
VCV (2),    0.000011561,  0.000048750,  0.000000691,
VCV (3),    0.000000867,  0.000000691,  0.000000672,
Cor (1),    1.000000000,  0.320447334,  0.204699370,
Cor (2),    0.320447334,  1.000000000,  0.120815595,
Cor (3),    0.204699370,  0.120815595,  1.000000000,
St.dev,     0.005167155,  0.006982139,  0.000819543,
Skewness,   0.259027654,  0.021192696,  0.006047649,
Kurtosis,   0.387174549,  0.000493510,  0.111166838,
AutoCor,   -0.422162883,  0.612970977, -0.924218601,
Markow Autoregressive (lag 1) bivariate joint 3 asset model cond. params
uProb.,   0.493352109,  0.506647891,
Prob (1),   0.476146924,  0.523853076,
Prob (2),   0.510105785,  0.489894215,
Mean,      0.001503894, -0.001040152, -0.000058416,
Cor (1),    1.000000000,  0.821638493,  0.644682128,
Cor (2),    0.821638493,  1.000000000,  0.853145752,
Cor (3),    0.644682128,  0.853145752,  1.000000000,
VCV (1),    0.000029738,  0.000022725,  0.000000583,
VCV (2),    0.000022725,  0.000025724,  0.000000717,
VCV (3),    0.000000583,  0.000000717,  0.000000027,
St.dev,     0.005453227,  0.005071843,  0.000165713,
Mean,     -0.001015233,  0.001838285, -0.000025346,
Cor (1),    1.000000000,  0.669405399,  0.346111806,
Cor (2),    0.669405399,  1.000000000,  0.637655146,
Cor (3),    0.346111806,  0.637655146,  1.000000000,
VCV (1),    0.000010720,  0.000011833,  0.000000461,
VCV (2),    0.000011833,  0.000029150,  0.000001401,
VCV (3),    0.000000461,  0.000001401,  0.000000166,
St.dev,     0.003274175,  0.005399036,  0.000406944,
AutoCor,   -0.446682867,  0.641672810, -0.924581081,

No.; 7; Score; 33.376534666714;
Markow Autoregressive (lag 1) bivariate joint 3 asset model uncond. params
uMean,      0.000048056, -0.000120195,  0.000040631,
VCV (1),    0.000039154,  0.000017269, -0.000000497,
VCV (2),    0.000017269,  0.000079144, -0.000000255,
VCV (3),   -0.000000497, -0.000000255,  0.000000341,
Cor (1),    1.000000000,  0.310214006, -0.136178577,
Cor (2),    0.310214006,  1.000000000, -0.049145616,
Cor (3),   -0.136178577, -0.049145616,  1.000000000,
St.dev,     0.006257337,  0.008896265,  0.000583590,
Skewness,   0.034902782, -0.549315132, -0.329865616,
Kurtosis,   0.148506489,  0.355140504,  0.267870744,
AutoCor,   -0.634982826, -0.080279152, -0.513834205,
Markow Autoregressive (lag 1) bivariate joint 3 asset model cond. params
uProb.,   0.620723073,  0.379276927,
Prob (1),   0.829240989,  0.170759011,
Prob (2),   0.279463501,  0.720536499,
Mean,      0.000319938, -0.003032634, -0.000113892,
Cor (1),    1.000000000,  0.335196667, -0.353522950,
Cor (2),    0.335196667,  1.000000000, -0.318801846,
Cor (3),   -0.353522950, -0.318801846,  1.000000000,
VCV (1),    0.000028094,  0.000016891, -0.000000925,
VCV (2),    0.000016891,  0.000090383, -0.000001496,
VCV (3),   -0.000000925, -0.000001496,  0.000000244,
St.dev,     0.005300382,  0.009507010,  0.000493536,
Mean,     -0.000396905,  0.004646291,  0.000293523,
Cor (1),    1.000000000,  0.936862231,  0.911326679,
Cor (2),    0.936862231,  1.000000000,  0.203362349,
Cor (3),    0.911326679,  0.203362349,  1.000000000,
VCV (1),    0.000014959,  0.000014605,  0.000000854,
VCV (2),    0.000014605,  0.000016245,  0.000000199,
VCV (3),    0.000000854,  0.000000199,  0.000000059,
St.dev,     0.003867745,  0.004030499,  0.000242257,
AutoCor,   -0.638654785, -0.214301758, -0.651689224,

No.; 8; Score; 37.497216862264;
Markow Autoregressive (lag 1) bivariate joint 3 asset model uncond. params
uMean,     -0.000923675, -0.002496203, -0.000273829,
VCV (1),    0.000177264, -0.000020447,  0.000000780,
VCV (2),   -0.000020447,  0.000079450,  0.000000085,
VCV (3),    0.000000780,  0.000000085,  0.000000491,
Cor (1),    1.000000000, -0.172298523,  0.083637990,
Cor (2),   -0.172298523,  1.000000000,  0.013538913,
Cor (3),    0.083637990,  0.013538913,  1.000000000,
St.dev,     0.013314054,  0.008913488,  0.000700894,
Skewness,   0.135346121, -0.159655575,  0.007629072,
Kurtosis,  -0.115374577,  0.017606110, -0.060217736,
AutoCor,   -0.609451039,  0.622099141, -0.605308993,
Markow Autoregressive (lag 1) bivariate joint 3 asset model cond. params
uProb.,   0.613424554,  0.386575446,
Prob (1),   0.570745994,  0.429254006,
Prob (2),   0.681147625,  0.318852375,
Mean,      0.004278199, -0.005129631, -0.000503904,
Cor (1),    1.000000000, -0.105407715,  0.397160644,
Cor (2),   -0.105407715,  1.000000000, -0.658159179,
Cor (3),    0.397160644, -0.658159179,  1.000000000,
VCV (1),    0.000074275, -0.000005886,  0.000001575,
VCV (2),   -0.000005886,  0.000041981, -0.000001963,
VCV (3),    0.000001575, -0.000001963,  0.000000212,
St.dev,     0.008618319,  0.006479256,  0.000460285,
Mean,     -0.009178099,  0.001682565,  0.000091259,
Cor (1),    1.000000000,  0.806770728,  0.308553035,
Cor (2),    0.806770728,  1.000000000, -0.212514649,
Cor (3),    0.308553035, -0.212514649,  1.000000000,
VCV (1),    0.000024143,  0.000014575,  0.000000661,
VCV (2),    0.000014575,  0.000013519, -0.000000341,
VCV (3),    0.000000661, -0.000000341,  0.000000190,
St.dev,     0.004913536,  0.003676848,  0.000436056,
AutoCor,   -0.768977051,  0.739868164, -0.707385254,

No.; 9; Score; 38.96140500274;
Markow Autoregressive (lag 1) bivariate joint 3 asset model uncond. params
uMean,     -0.000033281,  0.000204940, -0.000037088,
VCV (1),    0.000034674,  0.000000952,  0.000000156,
VCV (2),    0.000000952,  0.000053685, -0.000001635,
VCV (3),    0.000000156, -0.000001635,  0.000000234,
Cor (1),    1.000000000,  0.022066932,  0.054886602,
Cor (2),    0.022066932,  1.000000000, -0.461109887,
Cor (3),    0.054886602, -0.461109887,  1.000000000,
St.dev,     0.005888439,  0.007327009,  0.000483959,
Skewness,   0.030361214,  0.454005173, -0.047267216,
Kurtosis,   0.099486254, -0.907373990, -0.510312588,
AutoCor,    0.782299065, -0.161420557, -0.245260143,
Markow Autoregressive (lag 1) bivariate joint 3 asset model cond. params
uProb.,   0.458794714,  0.541205286,
Prob (1),   0.373599429,  0.626400571,
Prob (2),   0.531017117,  0.468982883,
Mean,      0.000417909,  0.007021954, -0.000411433,
Cor (1),    1.000000000,  0.074843195, -0.104099121,
Cor (2),    0.074843195,  1.000000000,  0.309491826,
Cor (3),   -0.104099121,  0.309491826,  1.000000000,
VCV (1),    0.000019050,  0.000001527, -0.000000144,
VCV (2),    0.000001527,  0.000021844,  0.000000459,
VCV (3),   -0.000000144,  0.000000459,  0.000000101,
St.dev,     0.004364626,  0.004673745,  0.000317654,
Mean,     -0.000415767, -0.005574031,  0.000280255,
Cor (1),    1.000000000, -0.628101204,  0.896217379,
Cor (2),   -0.628101204,  1.000000000,  0.617700494,
Cor (3),    0.896217379,  0.617700494,  1.000000000,
VCV (1),    0.000008116, -0.000004768,  0.000000822,
VCV (2),   -0.000004768,  0.000007101,  0.000000530,
VCV (3),    0.000000822,  0.000000530,  0.000000104,
St.dev,     0.002848790,  0.002664693,  0.000322020,
AutoCor,    0.786999512, -0.172456055, -0.335671312,

No.; 10; Score; 39.363037640261;
Markow Autoregressive (lag 1) bivariate joint 3 asset model uncond. params
uMean,      0.000010834, -0.000123636, -0.000071515,
VCV (1),    0.000026512,  0.000009557, -0.000001096,
VCV (2),    0.000009557,  0.000093921,  0.000000749,
VCV (3),   -0.000001096,  0.000000749,  0.000000284,
Cor (1),    1.000000000,  0.191512732, -0.399297513,
Cor (2),    0.191512732,  1.000000000,  0.144887461,
Cor (3),   -0.399297513,  0.144887461,  1.000000000,
St.dev,     0.005148997,  0.009691304,  0.000533167,
Skewness,  -0.139547725,  0.111913377, -0.026847520,
Kurtosis,  -0.175894171,  0.010535854,  0.002651904,
AutoCor,   -0.412812330,  0.630139807, -0.605517699,
Markow Autoregressive (lag 1) bivariate joint 3 asset model cond. params
uProb.,   0.777485364,  0.222514636,
Prob (1),   0.749041356,  0.250958644,
Prob (2),   0.876871187,  0.123128813,
Mean,     -0.001175923,  0.001283193,  0.000000880,
Cor (1),    1.000000000,  0.844159880, -0.496599121,
Cor (2),    0.844159880,  1.000000000,  0.130804488,
Cor (3),   -0.496599121,  0.130804488,  1.000000000,
VCV (1),    0.000019444,  0.000027508, -0.000000866,
VCV (2),    0.000027508,  0.000054610,  0.000000382,
VCV (3),   -0.000000866,  0.000000382,  0.000000157,
St.dev,     0.004409515,  0.007389890,  0.000395604,
Mean,      0.004157462, -0.005039217, -0.000324473,
Cor (1),    1.000000000, -0.421993363,  0.510944719,
Cor (2),   -0.421993363,  1.000000000,  0.808255706,
Cor (3),    0.510944719,  0.808255706,  1.000000000,
VCV (1),    0.000006945, -0.000004136,  0.000000541,
VCV (2),   -0.000004136,  0.000013830,  0.000001207,
VCV (3),    0.000000541,  0.000001207,  0.000000161,
St.dev,     0.002635416,  0.003718896,  0.000401563,
AutoCor,   -0.477765364,  0.690384496, -0.638410386,

No.; 11; Score; 41.981615649476;
Markow Autoregressive (lag 1) bivariate joint 3 asset model uncond. params
uMean,     -0.000044858,  0.000071974,  0.000183248,
VCV (1),    0.000031666,  0.000018919,  0.000001060,
VCV (2),    0.000018919,  0.000065223,  0.000001731,
VCV (3),    0.000001060,  0.000001731,  0.000000191,
Cor (1),    1.000000000,  0.416285370,  0.431033890,
Cor (2),    0.416285370,  1.000000000,  0.490594782,
Cor (3),    0.431033890,  0.490594782,  1.000000000,
St.dev,     0.005627250,  0.008076090,  0.000436865,
Skewness,   0.318995993, -0.621122461,  0.201527476,
Kurtosis,   0.426707459, -0.142110726, -0.013098451,
AutoCor,   -0.433726053,  0.301517725,  0.449843204,
Markow Autoregressive (lag 1) bivariate joint 3 asset model cond. params
uProb.,   0.607109033,  0.392890967,
Prob (1),   0.733945728,  0.266054272,
Prob (2),   0.411116482,  0.588883518,
Mean,      0.001182749,  0.004893876,  0.000324246,
Cor (1),    1.000000000,  0.347352216,  0.571420684,
Cor (2),    0.347352216,  1.000000000,  0.225952149,
Cor (3),    0.571420684,  0.225952149,  1.000000000,
VCV (1),    0.000031639,  0.000008036,  0.000001250,
VCV (2),    0.000008036,  0.000016918,  0.000000362,
VCV (3),    0.000001250,  0.000000362,  0.000000151,
St.dev,     0.005624847,  0.004113093,  0.000388991,
Mean,     -0.001941798, -0.007378999, -0.000034625,
Cor (1),    1.000000000,  0.879813279,  0.705538950,
Cor (2),    0.879813279,  1.000000000,  0.505291768,
Cor (3),    0.705538950,  0.505291768,  1.000000000,
VCV (1),    0.000007575,  0.000015835,  0.000000556,
VCV (2),    0.000015835,  0.000042768,  0.000000947,
VCV (3),    0.000000556,  0.000000947,  0.000000082,
St.dev,     0.002752223,  0.006539687,  0.000286539,
AutoCor,   -0.493778989,  0.275381259,  0.474209521,

No.; 12; Score; 43.034058254602;
Markow Autoregressive (lag 1) bivariate joint 3 asset model uncond. params
uMean,     -0.000007883,  0.000125852, -0.000164862,
VCV (1),    0.000027001, -0.000004921,  0.000000734,
VCV (2),   -0.000004921,  0.000074301,  0.000000217,
VCV (3),    0.000000734,  0.000000217,  0.000000120,
Cor (1),    1.000000000, -0.109875721,  0.407254468,
Cor (2),   -0.109875721,  1.000000000,  0.072598376,
Cor (3),    0.407254468,  0.072598376,  1.000000000,
St.dev,     0.005196209,  0.008619784,  0.000347000,
Skewness,  -0.071084847,  0.527728250, -0.142543225,
Kurtosis,  -0.002434000,  0.815744773,  0.529877062,
AutoCor,    0.360123602,  0.240910695,  0.396160446,
Markow Autoregressive (lag 1) bivariate joint 3 asset model cond. params
uProb.,   0.458508162,  0.541491838,
Prob (1),   0.525894395,  0.474105605,
Prob (2),   0.401448875,  0.598551125,
Mean,     -0.001863254,  0.003317433, -0.000121840,
Cor (1),    1.000000000,  0.213899008, -0.215255312,
Cor (2),    0.213899008,  1.000000000, -0.161000897,
Cor (3),   -0.215255312, -0.161000897,  1.000000000,
VCV (1),    0.000022351,  0.000010223, -0.000000219,
VCV (2),    0.000010223,  0.000102196, -0.000000350,
VCV (3),   -0.000000219, -0.000000350,  0.000000046,
St.dev,     0.004727732,  0.010109224,  0.000215280,
Mean,      0.001563153, -0.002576620, -0.000201290,
Cor (1),    1.000000000, -0.378486940,  0.868659568,
Cor (2),   -0.378486940,  1.000000000,  0.235251039,
Cor (3),    0.868659568,  0.235251039,  1.000000000,
VCV (1),    0.000018836, -0.000008502,  0.000001436,
VCV (2),   -0.000008502,  0.000026790,  0.000000464,
VCV (3),    0.000001436,  0.000000464,  0.000000145,
St.dev,     0.004340012,  0.005175909,  0.000380996,
AutoCor,    0.388645354,  0.256206054,  0.399743652,

No.; 13; Score; 43.063308698287;
Markow Autoregressive (lag 1) bivariate joint 3 asset model uncond. params
uMean,      0.000032262,  0.000132566, -0.000003165,
VCV (1),    0.000048806,  0.000019251,  0.000000506,
VCV (2),    0.000019251,  0.000111742,  0.000001444,
VCV (3),    0.000000506,  0.000001444,  0.000000221,
Cor (1),    1.000000000,  0.260684013,  0.154138425,
Cor (2),    0.260684013,  1.000000000,  0.290602390,
Cor (3),    0.154138425,  0.290602390,  1.000000000,
St.dev,     0.006986133,  0.010570820,  0.000469947,
Skewness,  -0.037547727, -0.337401737, -0.459619165,
Kurtosis,   0.937490948, -0.194103568, -0.025784225,
AutoCor,   -0.243820551,  0.470579790, -0.353600090,
Markow Autoregressive (lag 1) bivariate joint 3 asset model cond. params
uProb.,   0.617923179,  0.382076821,
Prob (1),   0.643637972,  0.356362028,
Prob (2),   0.576335294,  0.423664706,
Mean,     -0.000090913, -0.004622273, -0.000195098,
Cor (1),    1.000000000,  0.563260796,  0.188469238,
Cor (2),    0.563260796,  1.000000000, -0.005427985,
Cor (3),    0.188469238, -0.005427985,  1.000000000,
VCV (1),    0.000067217,  0.000036663,  0.000000651,
VCV (2),    0.000036663,  0.000063032, -0.000000018,
VCV (3),    0.000000651, -0.000000018,  0.000000177,
St.dev,     0.008198614,  0.007939248,  0.000421017,
Mean,      0.000231472,  0.007822446,  0.000307244,
Cor (1),    1.000000000, -0.393073022,  0.037163991,
Cor (2),   -0.393073022,  1.000000000, -0.191754247,
Cor (3),    0.037163991, -0.191754247,  1.000000000,
VCV (1),    0.000011366, -0.000003595,  0.000000020,
VCV (2),   -0.000003595,  0.000007358, -0.000000084,
VCV (3),    0.000000020, -0.000000084,  0.000000026,
St.dev,     0.003371355,  0.002712643,  0.000161335,
AutoCor,   -0.243977051,  0.666720476, -0.509090694,

No.; 14; Score; 46.595094589297;
Markow Autoregressive (lag 1) bivariate joint 3 asset model uncond. params
uMean,      0.000121486,  0.000018319,  0.000010557,
VCV (1),    0.000074922, -0.000016077,  0.000001205,
VCV (2),   -0.000016077,  0.000054653, -0.000000075,
VCV (3),    0.000001205, -0.000000075,  0.000000540,
Cor (1),    1.000000000, -0.251241743,  0.189508576,
Cor (2),   -0.251241743,  1.000000000, -0.013893109,
Cor (3),    0.189508576, -0.013893109,  1.000000000,
St.dev,     0.008655770,  0.007392776,  0.000734718,
Skewness,   0.106660992,  0.009153861, -0.013151566,
Kurtosis,  -0.981654945, -0.003736694,  0.020370446,
AutoCor,   -0.158808118,  0.728234929, -0.882677732,
Markow Autoregressive (lag 1) bivariate joint 3 asset model cond. params
uProb.,   0.505277207,  0.494722793,
Prob (1),   0.471784597,  0.528215403,
Prob (2),   0.539484349,  0.460515651,
Mean,      0.007295657, -0.001589260,  0.000073385,
Cor (1),    1.000000000,  0.122258301,  0.912612810,
Cor (2),    0.122258301,  1.000000000, -0.685037520,
Cor (3),    0.912612810, -0.685037520,  1.000000000,
VCV (1),    0.000022790,  0.000002644,  0.000001263,
VCV (2),    0.000002644,  0.000020523, -0.000000899,
VCV (3),    0.000001263, -0.000000899,  0.000000084,
St.dev,     0.004773938,  0.004530236,  0.000289840,
Mean,     -0.007205738,  0.001660194, -0.000053611,
Cor (1),    1.000000000, -0.747552444, -0.190460637,
Cor (2),   -0.747552444,  1.000000000,  0.572969741,
Cor (3),   -0.190460637,  0.572969741,  1.000000000,
VCV (1),    0.000015623, -0.000013879, -0.000000283,
VCV (2),   -0.000013879,  0.000022063,  0.000001013,
VCV (3),   -0.000000283,  0.000001013,  0.000000142,
St.dev,     0.003952610,  0.004697113,  0.000376358,
AutoCor,   -0.373039551,  0.768624783, -0.888810186,

No.; 15; Score; 53.379388927043;
Markow Autoregressive (lag 1) bivariate joint 3 asset model uncond. params
uMean,      0.000069824,  0.000399780,  0.000241803,
VCV (1),    0.000103791,  0.000001986,  0.000000483,
VCV (2),    0.000001986,  0.000060575, -0.000000394,
VCV (3),    0.000000483, -0.000000394,  0.000000109,
Cor (1),    1.000000000,  0.025042846,  0.143810034,
Cor (2),    0.025042846,  1.000000000, -0.153382093,
Cor (3),    0.143810034, -0.153382093,  1.000000000,
St.dev,     0.010187790,  0.007782971,  0.000329748,
Skewness,   0.354369144, -0.125074577,  0.193793169,
Kurtosis,   0.184288271,  0.080959484,  0.759481714,
AutoCor,   -0.481939762,  0.488413868, -0.108133696,
Markow Autoregressive (lag 1) bivariate joint 3 asset model cond. params
uProb.,   0.617508470,  0.382491530,
Prob (1),   0.566621391,  0.433378609,
Prob (2),   0.699662453,  0.300337547,
Mean,      0.003133020,  0.002115088,  0.000274770,
Cor (1),    1.000000000, -0.266991258,  0.119024268,
Cor (2),   -0.266991258,  1.000000000, -0.359464664,
Cor (3),    0.119024268, -0.359464664,  1.000000000,
VCV (1),    0.000090883, -0.000014559,  0.000000439,
VCV (2),   -0.000014559,  0.000032720, -0.000000795,
VCV (3),    0.000000439, -0.000000795,  0.000000150,
St.dev,     0.009533282,  0.005720111,  0.000386712,
Mean,     -0.004875513, -0.002369477,  0.000188581,
Cor (1),    1.000000000,  0.052532447,  0.103025691,
Cor (2),    0.052532447,  1.000000000, -0.043711300,
Cor (3),    0.103025691, -0.043711300,  1.000000000,
VCV (1),    0.000017054,  0.000001540,  0.000000080,
VCV (2),    0.000001540,  0.000050363, -0.000000058,
VCV (3),    0.000000080, -0.000000058,  0.000000035,
St.dev,     0.004129658,  0.007096670,  0.000187115,
AutoCor,   -0.541564698,  0.541293716, -0.107725196,

No.; 16; Score; 55.067124177364;
Markow Autoregressive (lag 1) bivariate joint 3 asset model uncond. params
uMean,      0.000476273,  0.000081636, -0.000125069,
VCV (1),    0.000106802,  0.000055216,  0.000002258,
VCV (2),    0.000055216,  0.000074605,  0.000001752,
VCV (3),    0.000002258,  0.000001752,  0.000000133,
Cor (1),    1.000000000,  0.618566902,  0.598972064,
Cor (2),    0.618566902,  1.000000000,  0.556093774,
Cor (3),    0.598972064,  0.556093774,  1.000000000,
St.dev,     0.010334512,  0.008637432,  0.000364776,
Skewness,   0.126583986, -0.919261355, -0.508364092,
Kurtosis,  -0.201718106,  0.081102410, -0.320583112,
AutoCor,    0.298023084, -0.030230557, -0.131477699,
Markow Autoregressive (lag 1) bivariate joint 3 asset model cond. params
uProb.,   0.648398021,  0.351601979,
Prob (1),   0.580412496,  0.419587504,
Prob (2),   0.773771832,  0.226228168,
Mean,      0.004459579,  0.005226829,  0.000081547,
Cor (1),    1.000000000,  0.340853922,  0.654103489,
Cor (2),    0.340853922,  1.000000000,  0.391537457,
Cor (3),    0.654103489,  0.391537457,  1.000000000,
VCV (1),    0.000070712,  0.000009164,  0.000001162,
VCV (2),    0.000009164,  0.000010222,  0.000000265,
VCV (3),    0.000001162,  0.000000265,  0.000000045,
St.dev,     0.008409028,  0.003197173,  0.000211336,
Mean,     -0.006869440, -0.009406745, -0.000506093,
Cor (1),    1.000000000,  0.598519471,  0.002566707,
Cor (2),    0.598519471,  1.000000000, -0.580508624,
Cor (3),    0.002566707, -0.580508624,  1.000000000,
VCV (1),    0.000038594,  0.000025973,  0.000000004,
VCV (2),    0.000025973,  0.000048794, -0.000001087,
VCV (3),    0.000000004, -0.000001087,  0.000000072,
St.dev,     0.006212367,  0.006985281,  0.000268147,
AutoCor,    0.483444824,  0.278618164, -0.041818848,

No.; 17; Score; 58.26891855566;
Markow Autoregressive (lag 1) bivariate joint 3 asset model uncond. params
uMean,     -0.000112033,  0.000259733,  0.000141474,
VCV (1),    0.000085132, -0.000007652,  0.000002715,
VCV (2),   -0.000007652,  0.000014205, -0.000000422,
VCV (3),    0.000002715, -0.000000422,  0.000000129,
Cor (1),    1.000000000, -0.220046317,  0.817730783,
Cor (2),   -0.220046317,  1.000000000, -0.311004006,
Cor (3),    0.817730783, -0.311004006,  1.000000000,
St.dev,     0.009226695,  0.003768958,  0.000359845,
Skewness,   0.008793027, -0.420192210,  0.034141075,
Kurtosis,  -0.026906345,  0.617834937, -0.059002587,
AutoCor,    0.356426882, -0.067224145,  0.471006563,
Markow Autoregressive (lag 1) bivariate joint 3 asset model cond. params
uProb.,   0.760433444,  0.239566556,
Prob (1),   0.840266409,  0.159733591,
Prob (2),   0.507027219,  0.492972781,
Mean,      0.001422223,  0.001051063,  0.000211790,
Cor (1),    1.000000000, -0.547263184,  0.842558737,
Cor (2),   -0.547263184,  1.000000000, -0.943704976,
Cor (3),    0.842558737, -0.943704976,  1.000000000,
VCV (1),    0.000069756, -0.000014078,  0.000002134,
VCV (2),   -0.000014078,  0.000009486, -0.000000881,
VCV (3),    0.000002134, -0.000000881,  0.000000092,
St.dev,     0.008351977,  0.003080016,  0.000303239,
Mean,     -0.004982074, -0.002252111, -0.000081724,
Cor (1),    1.000000000, -0.160927896,  0.676736629,
Cor (2),   -0.160927896,  1.000000000,  0.117262165,
Cor (3),    0.676736629,  0.117262165,  1.000000000,
VCV (1),    0.000061051, -0.000005622,  0.000001390,
VCV (2),   -0.000005622,  0.000019992,  0.000000138,
VCV (3),    0.000001390,  0.000000138,  0.000000069,
St.dev,     0.007813509,  0.004471235,  0.000262810,
AutoCor,    0.358657834, -0.132377446,  0.490007324,

No.; 18; Score; 61.447813237729;
Markow Autoregressive (lag 1) bivariate joint 3 asset model uncond. params
uMean,      0.000324566,  0.000277372,  0.000234533,
VCV (1),    0.000102985,  0.000021699, -0.000000245,
VCV (2),    0.000021699,  0.000057396, -0.000000747,
VCV (3),   -0.000000245, -0.000000747,  0.000000510,
Cor (1),    1.000000000,  0.282234153, -0.033865574,
Cor (2),    0.282234153,  1.000000000, -0.138213957,
Cor (3),   -0.033865574, -0.138213957,  1.000000000,
St.dev,     0.010148167,  0.007576021,  0.000713822,
Skewness,  -0.044730481,  0.007185020, -0.039307552,
Kurtosis,  -0.024659931,  0.009133222, -0.274868195,
AutoCor,    0.379103833,  0.785642807, -0.486627558,
Markow Autoregressive (lag 1) bivariate joint 3 asset model cond. params
uProb.,   0.700359078,  0.299640922,
Prob (1),   0.583515575,  0.416484425,
Prob (2),   0.973460653,  0.026539347,
Mean,     -0.001606733,  0.000005963,  0.000510171,
Cor (1),    1.000000000,  0.522408750,  0.144333002,
Cor (2),    0.522408750,  1.000000000, -0.617591017,
Cor (3),    0.144333002, -0.617591017,  1.000000000,
VCV (1),    0.000080678,  0.000020766,  0.000000668,
VCV (2),    0.000020766,  0.000019585, -0.000001408,
VCV (3),    0.000000668, -0.000001408,  0.000000265,
St.dev,     0.008982087,  0.004425497,  0.000514990,
Mean,      0.004838645,  0.000911744, -0.000409725,
Cor (1),    1.000000000, -0.110960692,  0.800805663,
Cor (2),   -0.110960692,  1.000000000,  0.270898982,
Cor (3),    0.800805663,  0.270898982,  1.000000000,
VCV (1),    0.000062259, -0.000004486,  0.000002581,
VCV (2),   -0.000004486,  0.000026258,  0.000000567,
VCV (3),    0.000002581,  0.000000567,  0.000000167,
St.dev,     0.007890441,  0.005124276,  0.000408518,
AutoCor,    0.450227106,  0.789179893, -0.538347949,

No.; 19; Score; 65.729234273773;
Markow Autoregressive (lag 1) bivariate joint 3 asset model uncond. params
uMean,      0.000078022,  0.000139382,  0.000246492,
VCV (1),    0.000039256,  0.000010003,  0.000000484,
VCV (2),    0.000010003,  0.000025171, -0.000000761,
VCV (3),    0.000000484, -0.000000761,  0.000000422,
Cor (1),    1.000000000,  0.318233696,  0.118984304,
Cor (2),    0.318233696,  1.000000000, -0.233455965,
Cor (3),    0.118984304, -0.233455965,  1.000000000,
St.dev,     0.006265448,  0.005017054,  0.000649721,
Skewness,   0.503833938, -0.048730991, -0.018992315,
Kurtosis,   0.425993508,  0.301079416,  0.008434594,
AutoCor,    0.096306935, -0.362317645,  0.838664361,
Markow Autoregressive (lag 1) bivariate joint 3 asset model cond. params
uProb.,   0.656970699,  0.343029301,
Prob (1),   0.638264714,  0.361735286,
Prob (2),   0.692796456,  0.307203544,
Mean,      0.001737231,  0.000327588,  0.000172535,
Cor (1),    1.000000000,  0.753961097,  0.444172363,
Cor (2),    0.753961097,  1.000000000, -0.847375523,
Cor (3),    0.444172363, -0.847375523,  1.000000000,
VCV (1),    0.000047346,  0.000020798,  0.000001062,
VCV (2),    0.000020798,  0.000016072, -0.000001180,
VCV (3),    0.000001062, -0.000001180,  0.000000121,
St.dev,     0.006880835,  0.004008928,  0.000347420,
Mean,     -0.003099700, -0.000221070,  0.000388134,
Cor (1),    1.000000000, -0.742662865, -0.206486028,
Cor (2),   -0.742662865,  1.000000000, -0.343152066,
Cor (3),   -0.206486028, -0.343152066,  1.000000000,
VCV (1),    0.000006972, -0.000011222, -0.000000153,
VCV (2),   -0.000011222,  0.000032749, -0.000000550,
VCV (3),   -0.000000153, -0.000000550,  0.000000078,
St.dev,     0.002640383,  0.005722700,  0.000280101,
AutoCor,    0.119709521, -0.363149415,  0.861393024,

No.; 20; Score; 75.034804111363;
Markow Autoregressive (lag 1) bivariate joint 3 asset model uncond. params
uMean,      0.000316527,  0.000336350, -0.000124817,
VCV (1),    0.000124766,  0.000016041,  0.000001854,
VCV (2),    0.000016041,  0.000016683,  0.000000829,
VCV (3),    0.000001854,  0.000000829,  0.000000319,
Cor (1),    1.000000000,  0.351605464,  0.293728739,
Cor (2),    0.351605464,  1.000000000,  0.359191757,
Cor (3),    0.293728739,  0.359191757,  1.000000000,
St.dev,     0.011169881,  0.004084440,  0.000565215,
Skewness,   0.026370348,  0.459556825, -0.138991613,
Kurtosis,   0.061990634,  1.094289193,  0.397429629,
AutoCor,   -0.698943904, -0.365991508, -0.792521433,
Markow Autoregressive (lag 1) bivariate joint 3 asset model cond. params
uProb.,   0.818420205,  0.181579795,
Prob (1),   0.849529299,  0.150470701,
Prob (2),   0.678204654,  0.321795346,
Mean,      0.000675518, -0.000232964, -0.000077172,
Cor (1),    1.000000000,  0.339152832,  0.564903561,
Cor (2),    0.339152832,  1.000000000,  0.790593544,
Cor (3),    0.564903561,  0.790593544,  1.000000000,
VCV (1),    0.000069877,  0.000008500,  0.000001222,
VCV (2),    0.000008500,  0.000008989,  0.000000613,
VCV (3),    0.000001222,  0.000000613,  0.000000067,
St.dev,     0.008359251,  0.002998188,  0.000258818,
Mean,     -0.001301524,  0.002902375, -0.000339566,
Cor (1),    1.000000000,  0.928790823, -0.507423528,
Cor (2),    0.928790823,  1.000000000,  0.253793945,
Cor (3),   -0.507423528,  0.253793945,  1.000000000,
VCV (1),    0.000030953,  0.000027682, -0.000001393,
VCV (2),    0.000027682,  0.000028698,  0.000000671,
VCV (3),   -0.000001393,  0.000000671,  0.000000244,
St.dev,     0.005563575,  0.005357007,  0.000493591,
AutoCor,   -0.703014503, -0.417559165, -0.824412555,

No.; 21; Score; 93.154819026956;
Markow Autoregressive (lag 1) bivariate joint 3 asset model uncond. params
uMean,     -0.000199243,  0.000127642,  0.000082521,
VCV (1),    0.000109339, -0.000002441,  0.000001317,
VCV (2),   -0.000002441,  0.000069563,  0.000000144,
VCV (3),    0.000001317,  0.000000144,  0.000000364,
Cor (1),    1.000000000, -0.027986756,  0.208706181,
Cor (2),   -0.027986756,  1.000000000,  0.028697068,
Cor (3),    0.208706181,  0.028697068,  1.000000000,
St.dev,     0.010456549,  0.008340461,  0.000603549,
Skewness,  -0.218804475,  0.901996170,  0.018738093,
Kurtosis,   0.182514264,  0.522627493, -0.051601880,
AutoCor,    0.530559719, -0.105464964,  0.609630238,
Markow Autoregressive (lag 1) bivariate joint 3 asset model cond. params
uProb.,   0.698632871,  0.301367129,
Prob (1),   0.586528842,  0.413471158,
Prob (2),   0.958513768,  0.041486232,
Mean,     -0.002015319, -0.003918306, -0.000075086,
Cor (1),    1.000000000, -0.726447652,  0.077434082,
Cor (2),   -0.726447652,  1.000000000, -0.992142271,
Cor (3),    0.077434082, -0.992142271,  1.000000000,
VCV (1),    0.000089364, -0.000029585,  0.000000256,
VCV (2),   -0.000029585,  0.000018560, -0.000001494,
VCV (3),    0.000000256, -0.000001494,  0.000000122,
St.dev,     0.009453269,  0.004308150,  0.000349576,
Mean,      0.004010808,  0.009507007,  0.000447888,
Cor (1),    1.000000000,  0.528251968,  0.582308437,
Cor (2),    0.528251968,  1.000000000, -0.090541993,
Cor (3),    0.582308437, -0.090541993,  1.000000000,
VCV (1),    0.000009437,  0.000012258,  0.000000545,
VCV (2),    0.000012258,  0.000057054, -0.000000208,
VCV (3),    0.000000545, -0.000000208,  0.000000093,
St.dev,     0.003071987,  0.007553415,  0.000304777,
AutoCor,    0.598416979,  0.214448242,  0.793941519,

No.; 22; Score; 97.85859034786;
Markow Autoregressive (lag 1) bivariate joint 3 asset model uncond. params
uMean,     -0.008619309, -0.002878124,  0.000310420,
VCV (1),    0.000038290,  0.000004931,  0.000000858,
VCV (2),    0.000004931,  0.000021198, -0.000000300,
VCV (3),    0.000000858, -0.000000300,  0.000000092,
Cor (1),    1.000000000,  0.173074564,  0.458111690,
Cor (2),    0.173074564,  1.000000000, -0.215035936,
Cor (3),    0.458111690, -0.215035936,  1.000000000,
St.dev,     0.006187872,  0.004604127,  0.000302717,
Skewness,   0.002315611, -0.300621584,  0.676129723,
Kurtosis,  -0.000522144, -0.232877933,  0.907335955,
AutoCor,   -0.029493324, -0.099545049,  0.175839064,
Markow Autoregressive (lag 1) bivariate joint 3 asset model cond. params
uProb.,   0.580724255,  0.419275745,
Prob (1),   0.559553017,  0.440446983,
Prob (2),   0.610047802,  0.389952198,
Mean,     -0.009345879, -0.000303200,  0.000201333,
Cor (1),    1.000000000,  0.122033692,  0.717961425,
Cor (2),    0.122033692,  1.000000000, -0.268022461,
Cor (3),    0.717961425, -0.268022461,  1.000000000,
VCV (1),    0.000037413,  0.000002348,  0.000000778,
VCV (2),    0.000002348,  0.000009896, -0.000000149,
