Round No; 3; best result RLS; 7.3165301194662

;;;
Statistical description of data for: Meginajums1
Calib/Tail/Per/Cur, 784, 9999, 23, 0,
Title,    INDEX WITH EQUAL WEIGHTS based on market value,EQUITY LM SNP,REX BOND     ,
Mean,       0.000158634,  0.000175148,  0.000011824,
VCV (1),    0.000022943, -0.000000281, -0.000000006,
VCV (2),   -0.000000281,  0.000027803, -0.000000034,
VCV (3),   -0.000000006, -0.000000034,  0.000000099,
St.dev,     0.004789897,  0.005272874,  0.000315163,
Skewness,  -1.581739356, -0.533728382, -0.333150084,
Kurtosis,  24.552038003,  6.345066446, 26.810331499,
AutoCor,   -0.072787598,  0.126724186, -0.366572783,
No.; 1; Score; 7.3165301194662;
Markow Autoregressive (lag 1) bivariate joint 3 asset model uncond. params
uMean,     -0.005531521, -0.001413060, -0.000025317,
VCV (1),    0.000059544, -0.000031355,  0.000000404,
VCV (2),   -0.000031355,  0.000135564, -0.000001646,
VCV (3),    0.000000404, -0.000001646,  0.000000266,
Cor (1),    1.000000000, -0.348993520,  0.101574487,
Cor (2),   -0.348993520,  1.000000000, -0.273996457,
Cor (3),    0.101574487, -0.273996457,  1.000000000,
St.dev,     0.007716471,  0.011643211,  0.000515869,
Skewness,   0.061996126, -0.104978367,  0.117156333,
Kurtosis,  -0.016281686, -0.119579059, -0.536406563,
AutoCor,   -0.115663322, -0.561776670,  0.299388414,
Markow Autoregressive (lag 1) bivariate joint 3 asset model cond. params
uProb.,   0.743752680,  0.256247320,
Prob (1),   0.843969070,  0.156030930,
Prob (2),   0.452876629,  0.547123371,
Mean,     -0.004371448, -0.004430228,  0.000164685,
Cor (1),    1.000000000, -0.382043457, -0.119929200,
Cor (2),   -0.382043457,  1.000000000,  0.005012207,
Cor (3),   -0.119929200,  0.005012207,  1.000000000,
VCV (1),    0.000058006, -0.000020516, -0.000000392,
VCV (2),   -0.000020516,  0.000049716,  0.000000015,
VCV (3),   -0.000000392,  0.000000015,  0.000000184,
St.dev,     0.007616151,  0.007050924,  0.000428883,
Mean,     -0.008898610,  0.007344210, -0.000576793,
Cor (1),    1.000000000, -0.532450463,  0.114571101,
Cor (2),   -0.532450463,  1.000000000,  0.044016113,
Cor (3),    0.114571101,  0.044016113,  1.000000000,
VCV (1),    0.000043799, -0.000013256,  0.000000185,
VCV (2),   -0.000013256,  0.000014152,  0.000000040,
VCV (3),    0.000000185,  0.000000040,  0.000000060,
St.dev,     0.006618052,  0.003761860,  0.000243976,
AutoCor,   -0.151240234, -0.792456055,  0.239831542,

No.; 2; Score; 34.661634533995;
Markow Autoregressive (lag 1) bivariate joint 3 asset model uncond. params
uMean,      0.000290155,  0.000165844,  0.000022557,
VCV (1),    0.000019806, -0.000005121, -0.000000361,
VCV (2),   -0.000005121,  0.000046641, -0.000001979,
VCV (3),   -0.000000361, -0.000001979,  0.000000281,
Cor (1),    1.000000000, -0.168502153, -0.152784836,
Cor (2),   -0.168502153,  1.000000000, -0.546361088,
Cor (3),   -0.152784836, -0.546361088,  1.000000000,
St.dev,     0.004450388,  0.006829398,  0.000530358,
Skewness,   0.060388588,  0.467274311,  0.568572843,
Kurtosis,   0.098963676, -0.264983456,  0.468457207,
AutoCor,   -0.316442316, -0.094902905,  0.455011532,
Markow Autoregressive (lag 1) bivariate joint 3 asset model cond. params
uProb.,   0.615683458,  0.384316542,
Prob (1),   0.589444362,  0.410555638,
Prob (2),   0.657719060,  0.342280940,
Mean,      0.000673350,  0.003423500, -0.000200444,
Cor (1),    1.000000000, -0.156519397, -0.553454873,
Cor (2),   -0.156519397,  1.000000000, -0.864408785,
Cor (3),   -0.553454873, -0.864408785,  1.000000000,
VCV (1),    0.000020514, -0.000004535, -0.000000514,
VCV (2),   -0.000004535,  0.000040926, -0.000001134,
VCV (3),   -0.000000514, -0.000001134,  0.000000042,
St.dev,     0.004529232,  0.006397308,  0.000205144,
Mean,     -0.000323732, -0.005052994,  0.000379810,
Cor (1),    1.000000000, -0.907806958,  0.069363507,
Cor (2),   -0.907806958,  1.000000000, -0.294832455,
Cor (3),    0.069363507, -0.294832455,  1.000000000,
VCV (1),    0.000012864, -0.000010612,  0.000000119,
VCV (2),   -0.000010612,  0.000010623, -0.000000458,
VCV (3),    0.000000119, -0.000000458,  0.000000227,
St.dev,     0.003586613,  0.003259267,  0.000476889,
AutoCor,   -0.319425271, -0.110176813,  0.661789631,

No.; 3; Score; 47.55744577653;
Markow Autoregressive (lag 1) bivariate joint 3 asset model uncond. params
uMean,     -0.004994643,  0.000858080,  0.000202539,
VCV (1),    0.000077270,  0.000007938,  0.000001686,
VCV (2),    0.000007938,  0.000032921,  0.000000437,
VCV (3),    0.000001686,  0.000000437,  0.000000127,
Cor (1),    1.000000000,  0.157378379,  0.537354671,
Cor (2),    0.157378379,  1.000000000,  0.213515375,
Cor (3),    0.537354671,  0.213515375,  1.000000000,
St.dev,     0.008790309,  0.005737673,  0.000356919,
Skewness,  -0.179341640,  0.374949591, -0.236435951,
Kurtosis,  -0.294568343,  0.725046517, -0.099582233,
AutoCor,   -0.514667826,  0.089223737, -0.263779030,
Markow Autoregressive (lag 1) bivariate joint 3 asset model cond. params
uProb.,   0.594926258,  0.405073742,
Prob (1),   0.523336490,  0.476663510,
Prob (2),   0.700069170,  0.299930830,
Mean,     -0.009412184,  0.002018615,  0.000058810,
Cor (1),    1.000000000,  0.757727051,  0.691594238,
Cor (2),    0.757727051,  1.000000000,  0.514106445,
Cor (3),    0.691594238,  0.514106445,  1.000000000,
VCV (1),    0.000033979,  0.000029525,  0.000001333,
VCV (2),    0.000029525,  0.000044683,  0.000001136,
VCV (3),    0.000001333,  0.000001136,  0.000000109,
St.dev,     0.005829149,  0.006684520,  0.000330664,
Mean,      0.001493339, -0.000846381,  0.000413630,
Cor (1),    1.000000000, -0.242838647, -0.668693059,
Cor (2),   -0.242838647,  1.000000000,  0.088327637,
Cor (3),   -0.668693059,  0.088327637,  1.000000000,
VCV (1),    0.000008933, -0.000002284, -0.000000484,
VCV (2),   -0.000002284,  0.000009901,  0.000000067,
VCV (3),   -0.000000484,  0.000000067,  0.000000059,
St.dev,     0.002988792,  0.003146600,  0.000242316,
AutoCor,   -0.713923339,  0.106225585, -0.290991211,

No.; 4; Score; 51.071902833916;
Markow Autoregressive (lag 1) bivariate joint 3 asset model uncond. params
uMean,      0.000123445,  0.000091559, -0.000031784,
VCV (1),    0.000025359,  0.000019447, -0.000000494,
VCV (2),    0.000019447,  0.000097992, -0.000002506,
VCV (3),   -0.000000494, -0.000002506,  0.000000290,
Cor (1),    1.000000000,  0.390118090, -0.181943560,
Cor (2),    0.390118090,  1.000000000, -0.469851133,
Cor (3),   -0.181943560, -0.469851133,  1.000000000,
St.dev,     0.005035782,  0.009899104,  0.000538896,
Skewness,  -0.143059769, -0.232979668,  0.047259961,
Kurtosis,  -0.058807268, -0.566857353,  0.496843902,
AutoCor,   -0.395749695,  0.311132295,  0.401728934,
Markow Autoregressive (lag 1) bivariate joint 3 asset model cond. params
uProb.,   0.486768907,  0.513231093,
Prob (1),   0.481602510,  0.518397490,
Prob (2),   0.491668924,  0.508331076,
Mean,     -0.002299989, -0.007494415, -0.000053487,
Cor (1),    1.000000000,  0.612338218,  0.100452702,
Cor (2),    0.612338218,  1.000000000, -0.991800576,
Cor (3),    0.100452702, -0.991800576,  1.000000000,
VCV (1),    0.000017311,  0.000014128,  0.000000147,
VCV (2),    0.000014128,  0.000030752, -0.000001929,
VCV (3),    0.000000147, -0.000001929,  0.000000123,
St.dev,     0.004160648,  0.005545423,  0.000350778,
Mean,      0.002421926,  0.007286400, -0.000011199,
Cor (1),    1.000000000, -0.658249084, -0.673704141,
Cor (2),   -0.658249084,  1.000000000, -0.894866772,
Cor (3),   -0.673704141, -0.894866772,  1.000000000,
VCV (1),    0.000012333, -0.000008068, -0.000001413,
VCV (2),   -0.000008068,  0.000012183, -0.000001866,
VCV (3),   -0.000001413, -0.000001866,  0.000000357,
St.dev,     0.003511788,  0.003490386,  0.000597332,
AutoCor,   -0.504312649,  0.714956823,  0.402363405,

No.; 5; Score; 62.945568729459;
Markow Autoregressive (lag 1) bivariate joint 3 asset model uncond. params
uMean,      0.000185133,  0.000178148,  0.000036326,
VCV (1),    0.000062039,  0.000014414,  0.000000786,
VCV (2),    0.000014414,  0.000101282,  0.000003637,
VCV (3),    0.000000786,  0.000003637,  0.000000358,
Cor (1),    1.000000000,  0.181837418,  0.166615386,
Cor (2),    0.181837418,  1.000000000,  0.603847109,
Cor (3),    0.166615386,  0.603847109,  1.000000000,
St.dev,     0.007876510,  0.010063907,  0.000598562,
Skewness,  -0.232104540,  0.003304963,  0.026377988,
Kurtosis,  -0.094297916,  0.004622126,  0.046952058,
AutoCor,    0.464686112, -0.182725557,  0.239931775,
Markow Autoregressive (lag 1) bivariate joint 3 asset model cond. params
uProb.,   0.769297602,  0.230702398,
Prob (1),   0.852123417,  0.147876583,
Prob (2),   0.493107580,  0.506892420,
Mean,     -0.001489764,  0.000330335,  0.000058665,
Cor (1),    1.000000000,  0.401226239,  0.336487917,
Cor (2),    0.401226239,  1.000000000,  0.928672880,
Cor (3),    0.336487917,  0.928672880,  1.000000000,
VCV (1),    0.000048572,  0.000027965,  0.000001410,
VCV (2),    0.000027965,  0.000100014,  0.000005583,
VCV (3),    0.000001410,  0.000005583,  0.000000361,
St.dev,     0.006969385,  0.010000723,  0.000601125,
Mean,      0.005770225, -0.000329332, -0.000038166,
Cor (1),    1.000000000, -0.618529844, -0.668511369,
Cor (2),   -0.618529844,  1.000000000, -0.462577807,
Cor (3),   -0.668511369, -0.462577807,  1.000000000,
VCV (1),    0.000013024, -0.000021231, -0.000001212,
VCV (2),   -0.000021231,  0.000090462, -0.000002210,
VCV (3),   -0.000001212, -0.000002210,  0.000000252,
St.dev,     0.003608917,  0.009511128,  0.000502234,
AutoCor,    0.483448346, -0.183138972,  0.239376089,

No.; 6; Score; 67.679838400351;
Markow Autoregressive (lag 1) bivariate joint 3 asset model uncond. params
uMean,      0.000133267,  0.000127029,  0.000037690,
VCV (1),    0.000070584, -0.000040198,  0.000000924,
VCV (2),   -0.000040198,  0.000071302, -0.000001930,
VCV (3),    0.000000924, -0.000001930,  0.000000177,
Cor (1),    1.000000000, -0.566638638,  0.261431406,
Cor (2),   -0.566638638,  1.000000000, -0.543506001,
Cor (3),    0.261431406, -0.543506001,  1.000000000,
St.dev,     0.008401425,  0.008444026,  0.000420642,
Skewness,   0.058815128,  0.631091313, -0.719500847,
Kurtosis,   0.002445309,  0.981862057, -0.789851859,
AutoCor,   -0.584929517, -0.467251604,  0.367962127,
Markow Autoregressive (lag 1) bivariate joint 3 asset model cond. params
uProb.,   0.711866180,  0.288133820,
Prob (1),   0.849276774,  0.150723226,
Prob (2),   0.372378248,  0.627621752,
Mean,      0.001365901, -0.002397876,  0.000282783,
Cor (1),    1.000000000, -0.628828379, -0.016026520,
Cor (2),   -0.628828379,  1.000000000, -0.853513498,
Cor (3),   -0.016026520, -0.853513498,  1.000000000,
VCV (1),    0.000042722, -0.000014700, -0.000000017,
VCV (2),   -0.000014700,  0.000012792, -0.000000505,
VCV (3),   -0.000000017, -0.000000505,  0.000000027,
St.dev,     0.006536239,  0.003576583,  0.000165441,
Mean,     -0.002912092,  0.006365084, -0.000567838,
Cor (1),    1.000000000, -0.557118958,  0.638446376,
Cor (2),   -0.557118958,  1.000000000,  0.045976494,
Cor (3),    0.638446376,  0.045976494,  1.000000000,
VCV (1),    0.000030026, -0.000023059,  0.000000580,
VCV (2),   -0.000023059,  0.000057054,  0.000000058,
VCV (3),    0.000000580,  0.000000058,  0.000000027,
St.dev,     0.005479555,  0.007553384,  0.000165774,
AutoCor,   -0.644571873, -0.734948224, -0.198731512,

No.; 7; Score; 87.798361433594;
Markow Autoregressive (lag 1) bivariate joint 3 asset model uncond. params
uMean,     -0.003926601, -0.003193386, -0.000143499,
VCV (1),    0.000026027,  0.000000299, -0.000000252,
VCV (2),    0.000000299,  0.000767086,  0.000000626,
VCV (3),   -0.000000252,  0.000000626,  0.000000196,
Cor (1),    1.000000000,  0.002118123, -0.111464463,
Cor (2),    0.002118123,  1.000000000,  0.050979392,
Cor (3),   -0.111464463,  0.050979392,  1.000000000,
St.dev,     0.005101648,  0.027696321,  0.000443107,
Skewness,   0.108790954,  0.000909335, -0.065960008,
Kurtosis,  -0.253700010,  0.003130530,  0.959184201,
AutoCor,   -0.512668813, -0.966505290,  0.393309391,
Markow Autoregressive (lag 1) bivariate joint 3 asset model cond. params
uProb.,   0.453296443,  0.546703557,
Prob (1),   0.379441816,  0.620558184,
Prob (2),   0.514532628,  0.485467372,
Mean,     -0.000501875, -0.002395615, -0.000124355,
Cor (1),    1.000000000,  0.559729004,  0.535222167,
Cor (2),    0.559729004,  1.000000000,  0.456428223,
Cor (3),    0.535222167,  0.456428223,  1.000000000,
VCV (1),    0.000008529,  0.000012722,  0.000000322,
VCV (2),    0.000012722,  0.000060568,  0.000000733,
VCV (3),    0.000000322,  0.000000733,  0.000000043,
St.dev,     0.002920391,  0.007782525,  0.000206217,
Mean,     -0.006766194, -0.003854854, -0.000159371,
Cor (1),    1.000000000, -0.712260034, -0.750419133,
Cor (2),   -0.712260034,  1.000000000,  0.285593262,
Cor (3),   -0.750419133,  0.285593262,  1.000000000,
VCV (1),    0.000006511, -0.000011578, -0.000000991,
VCV (2),   -0.000011578,  0.000040585,  0.000000941,
VCV (3),   -0.000000991,  0.000000941,  0.000000268,
St.dev,     0.002551579,  0.006370620,  0.000517324,
AutoCor,   -0.737910156, -0.967077637,  0.394128417,

No.; 8; Score; 128.03927709066;
Markow Autoregressive (lag 1) bivariate joint 3 asset model uncond. params
uMean,     -0.003666822,  0.006554726, -0.000425002,
VCV (1),    0.000094704,  0.000003744,  0.000001168,
VCV (2),    0.000003744,  0.000316781, -0.000000943,
VCV (3),    0.000001168, -0.000000943,  0.000000657,
Cor (1),    1.000000000,  0.021614733,  0.148038726,
Cor (2),    0.021614733,  1.000000000, -0.065355076,
Cor (3),    0.148038726, -0.065355076,  1.000000000,
St.dev,     0.009731588,  0.017798344,  0.000810488,
Skewness,  -0.447715182, -0.001718337, -0.116626449,
Kurtosis,  -0.257354334, -0.002372400,  0.122535797,
AutoCor,   -0.189165577, -0.916633235, -0.767982474,
Markow Autoregressive (lag 1) bivariate joint 3 asset model cond. params
uProb.,   0.552136487,  0.447863513,
Prob (1),   0.580486208,  0.419513792,
Prob (2),   0.517186295,  0.482813705,
Mean,     -0.009287642,  0.009556533, -0.000606640,
Cor (1),    1.000000000,  0.651525879,  0.047124023,
Cor (2),    0.651525879,  1.000000000, -0.211113281,
Cor (3),    0.047124023, -0.211113281,  1.000000000,
VCV (1),    0.000070417,  0.000029102,  0.000000213,
VCV (2),    0.000029102,  0.000028334, -0.000000605,
VCV (3),    0.000000213, -0.000000605,  0.000000290,
St.dev,     0.008391469,  0.005322934,  0.000538427,
Mean,      0.003262654,  0.002854028, -0.000201075,
Cor (1),    1.000000000, -0.006083276, -0.299186223,
Cor (2),   -0.006083276,  1.000000000,  0.389536133,
Cor (3),   -0.299186223,  0.389536133,  1.000000000,
VCV (1),    0.000021045, -0.000000149, -0.000000405,
VCV (2),   -0.000000149,  0.000028698,  0.000000615,
VCV (3),   -0.000000405,  0.000000615,  0.000000087,
St.dev,     0.004587447,  0.005357094,  0.000294787,
AutoCor,   -0.365534668, -0.952246094, -0.822851563,

