Round No; 5; best result RLS; 11.779918424576

;;;
No.; 1; Score; 11.779918424576;
Markow Autoregressive (lag 1) bivariate joint 3 asset model uncond. params
uMean,      0.000457654,  0.000001152,  0.000102437,
VCV (1),    0.000014303,  0.000014341,  0.000000799,
VCV (2),    0.000014341,  0.000030787,  0.000005371,
VCV (3),    0.000000799,  0.000005371,  0.000002996,
Cor (1),    1.000000000,  0.683430194,  0.122144127,
Cor (2),    0.683430194,  1.000000000,  0.559256191,
Cor (3),    0.122144127,  0.559256191,  1.000000000,
St.dev,     0.003781867,  0.005548615,  0.001730752,
Skewness,  -0.562760023, -0.031471174,  1.275882207,
Kurtosis,   6.776252561,  0.063544894, 13.741388787,
AutoCor,    0.541759173,  0.300152929,  0.418846266,
Markow Autoregressive (lag 1) bivariate joint 3 asset model cond. params
uProb.,   0.939208075,  0.060791925,
Prob (1),   0.951955299,  0.048044701,
Prob (2),   0.742269170,  0.257730830,
Mean,      0.000586667, -0.000093466,  0.000009020,
Cor (1),    1.000000000,  0.998873667,  0.438644101,
Cor (2),    0.998873667,  1.000000000,  0.878900355,
Cor (3),    0.438644101,  0.878900355,  1.000000000,
VCV (1),    0.000005135,  0.000012215,  0.000000946,
VCV (2),    0.000012215,  0.000029125,  0.000004516,
VCV (3),    0.000000946,  0.000004516,  0.000000906,
St.dev,     0.002266013,  0.005396766,  0.000952085,
Mean,     -0.001535532,  0.001462957,  0.001545693,
Cor (1),    1.000000000,  0.409637516, -0.049394656,
Cor (2),    0.409637516,  1.000000000,  0.360451467,
Cor (3),   -0.049394656,  0.360451467,  1.000000000,
VCV (1),    0.000082368,  0.000010931, -0.000002215,
VCV (2),    0.000010931,  0.000008646,  0.000005236,
VCV (3),   -0.000002215,  0.000005236,  0.000024404,
St.dev,     0.009075683,  0.002940347,  0.004940029,
AutoCor,    0.547838848,  0.300561190,  0.428704098,

No.; 2; Score; 12.581189360548;
Markow Autoregressive (lag 1) bivariate joint 3 asset model uncond. params
uMean,      0.000429343,  0.000226857,  0.000111175,
VCV (1),    0.000019237, -0.000013719, -0.000000123,
VCV (2),   -0.000013719,  0.000020911, -0.000004223,
VCV (3),   -0.000000123, -0.000004223,  0.000002673,
Cor (1),    1.000000000, -0.684008552, -0.017086088,
Cor (2),   -0.684008552,  1.000000000, -0.564926136,
Cor (3),   -0.017086088, -0.564926136,  1.000000000,
St.dev,     0.004385954,  0.004572892,  0.001634791,
Skewness,  -0.001326600,  0.007767202, -0.053335254,
Kurtosis,   0.000817210,  0.299506079, 28.473717538,
AutoCor,    0.435256909,  0.194098678,  0.132913616,
Markow Autoregressive (lag 1) bivariate joint 3 asset model cond. params
uProb.,   0.998989008,  0.001010992,
Prob (1),   0.999368169,  0.000631831,
Prob (2),   0.624329685,  0.375670315,
Mean,      0.000435013,  0.000225659,  0.000111475,
Cor (1),    1.000000000, -0.712628253, -0.019604341,
Cor (2),   -0.712628253,  1.000000000, -0.570993531,
Cor (3),   -0.019604341, -0.570993531,  1.000000000,
VCV (1),    0.000015568, -0.000012549, -0.000000119,
VCV (2),   -0.000012549,  0.000019917, -0.000003919,
VCV (3),   -0.000000119, -0.000003919,  0.000002365,
St.dev,     0.003945690,  0.004462796,  0.001537914,
Mean,     -0.005174201,  0.001410746, -0.000185484,
Cor (1),    1.000000000, -0.337168826,  0.032582023,
Cor (2),   -0.337168826,  1.000000000, -0.817184257,
Cor (3),    0.032582023, -0.817184257,  1.000000000,
VCV (1),    0.000011963, -0.000017430,  0.000001816,
VCV (2),   -0.000017430,  0.000223385, -0.000196790,
VCV (3),    0.000001816, -0.000196790,  0.000259606,
St.dev,     0.003458823,  0.014946058,  0.016112289,
AutoCor,    0.435356549,  0.194086404,  0.132905547,

No.; 3; Score; 13.054147708918;
Markow Autoregressive (lag 1) bivariate joint 3 asset model uncond. params
uMean,      0.000295774,  0.000086163,  0.000101255,
VCV (1),    0.000011724,  0.000001566, -0.000000195,
VCV (2),    0.000001566,  0.000031567,  0.000004961,
VCV (3),   -0.000000195,  0.000004961,  0.000001922,
Cor (1),    1.000000000,  0.081424558, -0.041087365,
Cor (2),    0.081424558,  1.000000000,  0.636866515,
Cor (3),   -0.041087365,  0.636866515,  1.000000000,
St.dev,     0.003424062,  0.005618429,  0.001386430,
Skewness,  -0.023913607, -1.979868585, -1.452679260,
Kurtosis,   0.017457257, 11.150396938,  6.264032903,
AutoCor,    0.178726087,  0.233686860,  0.335287475,
Markow Autoregressive (lag 1) bivariate joint 3 asset model cond. params
uProb.,   0.925525454,  0.074474546,
Prob (1),   0.946692012,  0.053307988,
Prob (2),   0.662480025,  0.337519975,
Mean,      0.000455526,  0.000734224,  0.000269482,
Cor (1),    1.000000000,  0.132611525, -0.191104954,
Cor (2),    0.132611525,  1.000000000,  0.439345010,
Cor (3),   -0.191104954,  0.439345010,  1.000000000,
VCV (1),    0.000010991,  0.000001541, -0.000000598,
VCV (2),    0.000001541,  0.000012280,  0.000001452,
VCV (3),   -0.000000598,  0.000001452,  0.000000890,
St.dev,     0.003315286,  0.003504231,  0.000943205,
Mean,     -0.001689526, -0.007967550, -0.001989369,
Cor (1),    1.000000000, -0.333298276,  0.080221980,
Cor (2),   -0.333298276,  1.000000000,  0.717738680,
Cor (3),    0.080221980,  0.717738680,  1.000000000,
VCV (1),    0.000011843, -0.000015536,  0.000000756,
VCV (2),   -0.000015536,  0.000183474,  0.000026619,
VCV (3),    0.000000756,  0.000026619,  0.000007497,
St.dev,     0.003441303,  0.013545245,  0.002737993,
AutoCor,    0.175793216,  0.223678092,  0.346725446,

No.; 4; Score; 13.16563647985;
Markow Autoregressive (lag 1) bivariate joint 3 asset model uncond. params
uMean,      0.000560305,  0.000225059, -0.000036550,
VCV (1),    0.000016550, -0.000010209, -0.000001322,
VCV (2),   -0.000010209,  0.000023899,  0.000001504,
VCV (3),   -0.000001322,  0.000001504,  0.000001302,
Cor (1),    1.000000000, -0.513355853, -0.284734820,
Cor (2),   -0.513355853,  1.000000000,  0.269572951,
Cor (3),   -0.284734820,  0.269572951,  1.000000000,
St.dev,     0.004068131,  0.004888614,  0.001141215,
Skewness,   0.005204457, -0.142550550, -0.914264647,
Kurtosis,  -0.011049514,  0.346324434,  3.220658188,
AutoCor,    0.611773286,  0.056664699,  0.119152547,
Markow Autoregressive (lag 1) bivariate joint 3 asset model cond. params
uProb.,   0.960748947,  0.039251053,
Prob (1),   0.960880299,  0.039119701,
Prob (2),   0.957533825,  0.042466175,
Mean,      0.000680568,  0.000406989,  0.000069399,
Cor (1),    1.000000000, -0.768220879, -0.466298144,
Cor (2),   -0.768220879,  1.000000000,  0.211325924,
Cor (3),   -0.466298144,  0.211325924,  1.000000000,
VCV (1),    0.000010020, -0.000011412, -0.000001414,
VCV (2),   -0.000011412,  0.000022022,  0.000000950,
VCV (3),   -0.000001414,  0.000000950,  0.000000918,
St.dev,     0.003165507,  0.004692725,  0.000957938,
Mean,     -0.002383363, -0.004228051, -0.002629864,
Cor (1),    1.000000000,  0.916889897, -0.709628514,
Cor (2),    0.916889897,  1.000000000,  0.231411527,
Cor (3),   -0.709628514,  0.231411527,  1.000000000,
VCV (1),    0.000006131,  0.000015595, -0.000003108,
VCV (2),    0.000015595,  0.000047183,  0.000002812,
VCV (3),   -0.000003108,  0.000002812,  0.000003129,
St.dev,     0.002476100,  0.006868992,  0.001768989,
AutoCor,    0.625072579,  0.058535598,  0.150116306,

No.; 5; Score; 13.407581972051;
Markow Autoregressive (lag 1) bivariate joint 3 asset model uncond. params
uMean,      0.000199070, -0.000095354, -0.000124284,
VCV (1),    0.000014715,  0.000009701,  0.000001454,
VCV (2),    0.000009701,  0.000027227, -0.000002895,
VCV (3),    0.000001454, -0.000002895,  0.000001415,
Cor (1),    1.000000000,  0.484659480,  0.318726680,
Cor (2),    0.484659480,  1.000000000, -0.466498470,
Cor (3),    0.318726680, -0.466498470,  1.000000000,
St.dev,     0.003835984,  0.005217957,  0.001189350,
Skewness,  -1.239551799,  0.001751648,  0.141094622,
Kurtosis,   4.253503207, -0.153475122,  0.610968608,
AutoCor,    0.529172533,  0.146639960,  0.216084768,
Markow Autoregressive (lag 1) bivariate joint 3 asset model cond. params
uProb.,   0.887565921,  0.112434079,
Prob (1),   0.936568960,  0.063431040,
Prob (2),   0.500731010,  0.499268990,
Mean,      0.000812900,  0.000644167, -0.000170335,
Cor (1),    1.000000000,  0.743193468,  0.792928458,
Cor (2),    0.743193468,  1.000000000, -0.446068369,
Cor (3),    0.792928458, -0.446068369,  1.000000000,
VCV (1),    0.000004731,  0.000007916,  0.000001830,
VCV (2),    0.000007916,  0.000023982, -0.000002318,
VCV (3),    0.000001830, -0.000002318,  0.000001126,
St.dev,     0.002175077,  0.004897104,  0.001060928,
Mean,     -0.004646569, -0.005933212,  0.000239254,
Cor (1),    1.000000000, -0.513202529, -0.125689839,
Cor (2),   -0.513202529,  1.000000000, -0.747713905,
Cor (3),   -0.125689839, -0.747713905,  1.000000000,
VCV (1),    0.000035162, -0.000010853, -0.000001287,
VCV (2),   -0.000010853,  0.000012719, -0.000004604,
VCV (3),   -0.000001287, -0.000004604,  0.000002980,
St.dev,     0.005929733,  0.003566397,  0.001726408,
AutoCor,    0.552818653,  0.092142382,  0.213452785,

No.; 6; Score; 13.513237196522;
Markow Autoregressive (lag 1) bivariate joint 3 asset model uncond. params
uMean,      0.000100442,  0.000036008, -0.000164086,
VCV (1),    0.000013165,  0.000015230, -0.000001384,
VCV (2),    0.000015230,  0.000026182, -0.000002742,
VCV (3),   -0.000001384, -0.000002742,  0.000001786,
Cor (1),    1.000000000,  0.820353256, -0.285542973,
Cor (2),    0.820353256,  1.000000000, -0.400972169,
Cor (3),   -0.285542973, -0.400972169,  1.000000000,
St.dev,     0.003628295,  0.005116831,  0.001336298,
Skewness,  -1.385855675, -1.829659165,  0.539896215,
Kurtosis,   4.790213970,  8.230333355,  1.710070204,
AutoCor,    0.410152031,  0.084206343,  0.404875692,
Markow Autoregressive (lag 1) bivariate joint 3 asset model cond. params
uProb.,   0.929779621,  0.070220379,
Prob (1),   0.929760249,  0.070239751,
Prob (2),   0.930036129,  0.069963871,
Mean,      0.000645685,  0.000714995, -0.000277373,
Cor (1),    1.000000000,  0.838272560, -0.618835707,
Cor (2),    0.838272560,  1.000000000, -0.942118149,
Cor (3),   -0.618835707, -0.942118149,  1.000000000,
VCV (1),    0.000004224,  0.000006122, -0.000001308,
VCV (2),    0.000006122,  0.000012628, -0.000003444,
VCV (3),   -0.000001308, -0.000003444,  0.000001058,
St.dev,     0.002055275,  0.003553605,  0.001028727,
Mean,     -0.007119055, -0.008954374,  0.001335941,
Cor (1),    1.000000000,  0.954248852,  0.982937012,
Cor (2),    0.954248852,  1.000000000,  0.990045901,
Cor (3),    0.982937012,  0.990045901,  1.000000000,
VCV (1),    0.000030477,  0.000056557,  0.000011369,
VCV (2),    0.000056557,  0.000115263,  0.000022270,
VCV (3),    0.000011369,  0.000022270,  0.000004390,
St.dev,     0.005520558,  0.010736043,  0.002095156,
AutoCor,    0.585225274,  0.109892124,  0.447486782,

No.; 7; Score; 14.521490975468;
Markow Autoregressive (lag 1) bivariate joint 3 asset model uncond. params
uMean,      0.000236961, -0.000095153,  0.000171235,
VCV (1),    0.000014920, -0.000005899, -0.000000869,
VCV (2),   -0.000005899,  0.000026385, -0.000003317,
VCV (3),   -0.000000869, -0.000003317,  0.000001621,
Cor (1),    1.000000000, -0.297297520, -0.176627955,
Cor (2),   -0.297297520,  1.000000000, -0.507257974,
Cor (3),   -0.176627955, -0.507257974,  1.000000000,
St.dev,     0.003862651,  0.005136606,  0.001273196,
Skewness,   0.706954697,  0.204350768,  0.057094848,
Kurtosis,   2.558665123,  0.719323874,  0.506208306,
AutoCor,    0.490986504,  0.187772296,  0.093375207,
Markow Autoregressive (lag 1) bivariate joint 3 asset model cond. params
uProb.,   0.703841968,  0.296158032,
Prob (1),   0.719808705,  0.280191295,
Prob (2),   0.665895810,  0.334104190,
Mean,     -0.000457493,  0.000358085,  0.000132850,
Cor (1),    1.000000000, -0.283582006, -0.787624380,
Cor (2),   -0.283582006,  1.000000000, -0.686773297,
Cor (3),   -0.787624380, -0.686773297,  1.000000000,
VCV (1),    0.000002056, -0.000002357, -0.000001224,
VCV (2),   -0.000002357,  0.000033607, -0.000004313,
VCV (3),   -0.000001224, -0.000004313,  0.000001174,
St.dev,     0.001433870,  0.005797118,  0.001083375,
Mean,      0.001887383, -0.001172308,  0.000262460,
Cor (1),    1.000000000, -0.893325045, -0.009688770,
Cor (2),   -0.893325045,  1.000000000, -0.180667419,
Cor (3),   -0.009688770, -0.180667419,  1.000000000,
VCV (1),    0.000028688, -0.000010044, -0.000000084,
VCV (2),   -0.000010044,  0.000004407, -0.000000614,
VCV (3),   -0.000000084, -0.000000614,  0.000002625,
St.dev,     0.005356142,  0.002099168,  0.001620062,
AutoCor,    0.527355806,  0.190295848,  0.093460636,

No.; 8; Score; 14.623721556805;
Markow Autoregressive (lag 1) bivariate joint 3 asset model uncond. params
uMean,      0.000329184,  0.000173722, -0.000183666,
VCV (1),    0.000014887,  0.000005232, -0.000000549,
VCV (2),    0.000005232,  0.000029516, -0.000001799,
VCV (3),   -0.000000549, -0.000001799,  0.000001775,
Cor (1),    1.000000000,  0.249583418, -0.106865708,
Cor (2),    0.249583418,  1.000000000, -0.248527287,
Cor (3),   -0.106865708, -0.248527287,  1.000000000,
St.dev,     0.003858322,  0.005432857,  0.001332317,
Skewness,  -0.779373039,  0.164126504,  0.546398839,
Kurtosis,   2.399895942,  0.100652449,  0.887493129,
AutoCor,    0.462497358,  0.078396347,  0.068888403,
Markow Autoregressive (lag 1) bivariate joint 3 asset model cond. params
uProb.,   0.865654551,  0.134345449,
Prob (1),   0.861621941,  0.138378059,
Prob (2),   0.891638662,  0.108361338,
Mean,      0.000873703,  0.000618744, -0.000440953,
Cor (1),    1.000000000,  0.204673502,  0.424215520,
Cor (2),    0.204673502,  1.000000000, -0.270983469,
Cor (3),    0.424215520, -0.270983469,  1.000000000,
VCV (1),    0.000005515,  0.000002696,  0.000001089,
VCV (2),    0.000002696,  0.000031463, -0.000001662,
VCV (3),    0.000001089, -0.000001662,  0.000001195,
St.dev,     0.002348421,  0.005609224,  0.001093275,
Mean,     -0.003179422, -0.002693777,  0.001474164,
Cor (1),    1.000000000,  0.616096459, -0.524059208,
Cor (2),    0.616096459,  1.000000000,  0.784336843,
Cor (3),   -0.524059208,  0.784336843,  1.000000000,
VCV (1),    0.000033405,  0.000008730, -0.000004529,
VCV (2),    0.000008730,  0.000006010,  0.000002875,
VCV (3),   -0.000004529,  0.000002875,  0.000002235,
St.dev,     0.005779663,  0.002451627,  0.001495146,
AutoCor,    0.535011103,  0.083295313,  0.100171965,

No.; 9; Score; 15.067273004182;
Markow Autoregressive (lag 1) bivariate joint 3 asset model uncond. params
uMean,      0.000334852,  0.000202265,  0.000140133,
VCV (1),    0.000011198, -0.000004141, -0.000001611,
VCV (2),   -0.000004141,  0.000029054, -0.000000553,
VCV (3),   -0.000001611, -0.000000553,  0.000001746,
Cor (1),    1.000000000, -0.229599512, -0.364217365,
Cor (2),   -0.229599512,  1.000000000, -0.077597776,
Cor (3),   -0.364217365, -0.077597776,  1.000000000,
St.dev,     0.003346291,  0.005390172,  0.001321532,
Skewness,  -1.864974563,  1.808915494, -0.023061504,
Kurtosis,   8.227864236,  4.682909933,  0.236870287,
AutoCor,    0.241629751,  0.323517263,  0.546744868,
Markow Autoregressive (lag 1) bivariate joint 3 asset model cond. params
uProb.,   0.859242113,  0.140757887,
Prob (1),   0.906704294,  0.093295706,
Prob (2),   0.569514089,  0.430485911,
Mean,      0.000922413, -0.001291044,  0.000155446,
Cor (1),    1.000000000, -0.778613995, -0.313396654,
Cor (2),   -0.778613995,  1.000000000, -0.266681647,
Cor (3),   -0.313396654, -0.266681647,  1.000000000,
VCV (1),    0.000002841, -0.000003617, -0.000000542,
VCV (2),   -0.000003617,  0.000007593, -0.000000754,
VCV (3),   -0.000000542, -0.000000754,  0.000001053,
St.dev,     0.001685587,  0.002755621,  0.001026036,
Mean,     -0.003251856,  0.009318015,  0.000046657,
Cor (1),    1.000000000,  0.624501940, -0.710956433,
Cor (2),    0.624501940,  1.000000000,  0.198483242,
Cor (3),   -0.710956433,  0.198483242,  1.000000000,
VCV (1),    0.000044126,  0.000030117, -0.000007104,
VCV (2),    0.000030117,  0.000052706,  0.000002167,
VCV (3),   -0.000007104,  0.000002167,  0.000002263,
St.dev,     0.006642750,  0.007259876,  0.001504201,
AutoCor,    0.219475795,  0.311463590,  0.546916761,

No.; 10; Score; 15.094546728944;
Markow Autoregressive (lag 1) bivariate joint 3 asset model uncond. params
uMean,      0.000351130,  0.000357263, -0.000291098,
VCV (1),    0.000009512, -0.000003849,  0.000000728,
VCV (2),   -0.000003849,  0.000029757, -0.000001345,
VCV (3),    0.000000728, -0.000001345,  0.000001715,
Cor (1),    1.000000000, -0.228777317,  0.180301754,
Cor (2),   -0.228777317,  1.000000000, -0.188214792,
Cor (3),    0.180301754, -0.188214792,  1.000000000,
St.dev,     0.003084079,  0.005455022,  0.001309627,
Skewness,  -0.143539856, -0.020135819, -0.848589051,
Kurtosis,   0.180747112,  0.014511213,  3.449501173,
AutoCor,    0.631439006,  0.252949922,  0.269223267,
Markow Autoregressive (lag 1) bivariate joint 3 asset model cond. params
uProb.,   0.961185638,  0.038814362,
Prob (1),   0.962229125,  0.037770875,
Prob (2),   0.935345090,  0.064654910,
Mean,      0.000548935,  0.000275757, -0.000194112,
Cor (1),    1.000000000, -0.263538768,  0.164710178,
Cor (2),   -0.263538768,  1.000000000, -0.169521858,
Cor (3),    0.164710178, -0.169521858,  1.000000000,
VCV (1),    0.000004380, -0.000002933,  0.000000370,
VCV (2),   -0.000002933,  0.000028272, -0.000000968,
VCV (3),    0.000000370, -0.000000968,  0.000001153,
St.dev,     0.002092778,  0.005317126,  0.001073621,
Mean,     -0.004547245,  0.002375657, -0.002692813,
Cor (1),    1.000000000, -0.062592773, -0.846303614,
Cor (2),   -0.062592773,  1.000000000, -0.374509188,
Cor (3),   -0.846303614, -0.374509188,  1.000000000,
VCV (1),    0.000003785, -0.000000440, -0.000004045,
VCV (2),   -0.000000440,  0.000013035, -0.000003322,
VCV (3),   -0.000004045, -0.000003322,  0.000006036,
St.dev,     0.001945465,  0.003610458,  0.002456875,
AutoCor,    0.700008959,  0.254206666,  0.307307721,

No.; 11; Score; 15.529714283067;
Markow Autoregressive (lag 1) bivariate joint 3 asset model uncond. params
uMean,      0.000198445,  0.000123467, -0.000155240,
VCV (1),    0.000013820,  0.000002498,  0.000001226,
VCV (2),    0.000002498,  0.000027568,  0.000001366,
VCV (3),    0.000001226,  0.000001366,  0.000001819,
Cor (1),    1.000000000,  0.127981436,  0.244547564,
Cor (2),    0.127981436,  1.000000000,  0.192841789,
Cor (3),    0.244547564,  0.192841789,  1.000000000,
St.dev,     0.003717480,  0.005250566,  0.001348847,
Skewness,   0.058648143,  0.106966766, -0.363707875,
Kurtosis,  -0.102506207,  0.013640245,  0.322473546,
AutoCor,    0.081416009,  0.334011396,  0.068959010,
Markow Autoregressive (lag 1) bivariate joint 3 asset model cond. params
uProb.,   0.620647090,  0.379352910,
Prob (1),   0.393068436,  0.606931564,
Prob (2),   0.992981201,  0.007018799,
Mean,     -0.001230112, -0.001399167,  0.000263086,
Cor (1),    1.000000000, -0.732335891,  0.816409819,
Cor (2),   -0.732335891,  1.000000000,  0.674227923,
Cor (3),    0.816409819,  0.674227923,  1.000000000,
VCV (1),    0.000009550, -0.000009173,  0.000002608,
VCV (2),   -0.000009173,  0.000016427,  0.000002825,
VCV (3),    0.000002608,  0.000002825,  0.000001069,
St.dev,     0.003090355,  0.004053051,  0.001033868,
Mean,      0.002535662,  0.002614600, -0.000839649,
Cor (1),    1.000000000,  0.887409172,  0.266843554,
Cor (2),    0.887409172,  1.000000000,  0.167928344,
Cor (3),    0.266843554,  0.167928344,  1.000000000,
VCV (1),    0.000009542,  0.000012614,  0.000001206,
VCV (2),    0.000012614,  0.000021176,  0.000001131,
VCV (3),    0.000001206,  0.000001131,  0.000002141,
St.dev,     0.003089018,  0.004601726,  0.001463094,
AutoCor,    0.298465410,  0.483008161,  0.193872139,

No.; 12; Score; 15.600740305408;
Markow Autoregressive (lag 1) bivariate joint 3 asset model uncond. params
uMean,      0.000219155,  0.000268116, -0.000029566,
VCV (1),    0.000017034,  0.000000448, -0.000000027,
VCV (2),    0.000000448,  0.000025441,  0.000000620,
VCV (3),   -0.000000027,  0.000000620,  0.000001528,
Cor (1),    1.000000000,  0.021542205, -0.005277943,
Cor (2),    0.021542205,  1.000000000,  0.099411711,
Cor (3),   -0.005277943,  0.099411711,  1.000000000,
St.dev,     0.004127220,  0.005043878,  0.001236186,
Skewness,  -0.742688412,  0.117012042, -0.041482665,
Kurtosis,  -0.380032503,  0.062132637,  0.190972063,
AutoCor,    0.076296956,  0.413073849,  0.259172810,
Markow Autoregressive (lag 1) bivariate joint 3 asset model cond. params
uProb.,   0.673143362,  0.326856638,
Prob (1),   0.634366864,  0.365633136,
Prob (2),   0.753001438,  0.246998562,
Mean,      0.002677680, -0.000827373,  0.000018029,
Cor (1),    1.000000000,  0.322406120, -0.947399652,
Cor (2),    0.322406120,  1.000000000,  0.705406670,
Cor (3),   -0.947399652,  0.705406670,  1.000000000,
VCV (1),    0.000001546,  0.000001606, -0.000001264,
VCV (2),    0.000001606,  0.000016047,  0.000003034,
VCV (3),   -0.000001264,  0.000003034,  0.000001152,
St.dev,     0.001243196,  0.004005919,  0.001073505,
Mean,     -0.004844045,  0.002524216, -0.000127587,
Cor (1),    1.000000000,  0.882304777,  0.570501040,
Cor (2),    0.882304777,  1.000000000, -0.656846735,
Cor (3),    0.570501040, -0.656846735,  1.000000000,
VCV (1),    0.000005705,  0.000009813,  0.000001913,
VCV (2),    0.000009813,  0.000021682, -0.000004295,
VCV (3),    0.000001913, -0.000004295,  0.000001972,
St.dev,     0.002388500,  0.004656390,  0.001404213,
AutoCor,    0.605415900,  0.470286820,  0.260329750,

No.; 13; Score; 15.797891865888;
Markow Autoregressive (lag 1) bivariate joint 3 asset model uncond. params
uMean,      0.000287760,  0.000099205,  0.000114662,
VCV (1),    0.000012359,  0.000003241, -0.000001147,
VCV (2),    0.000003241,  0.000024728,  0.000003378,
VCV (3),   -0.000001147,  0.000003378,  0.000002008,
Cor (1),    1.000000000,  0.185402433, -0.230181401,
Cor (2),    0.185402433,  1.000000000,  0.479443765,
Cor (3),   -0.230181401,  0.479443765,  1.000000000,
St.dev,     0.003515584,  0.004972707,  0.001417052,
Skewness,   0.078692508,  0.042572246, -0.233412873,
Kurtosis,   0.905269112,  0.003601426,  1.265218543,
AutoCor,    0.075488658,  0.488995294,  0.050049742,
Markow Autoregressive (lag 1) bivariate joint 3 asset model cond. params
uProb.,   0.653918236,  0.346081764,
Prob (1),   0.472629314,  0.527370686,
Prob (2),   0.996461948,  0.003538052,
Mean,      0.000409670, -0.000924754,  0.000239352,
Cor (1),    1.000000000,  0.235255274, -0.645821088,
Cor (2),    0.235255274,  1.000000000,  0.895696444,
Cor (3),   -0.645821088,  0.895696444,  1.000000000,
VCV (1),    0.000017226,  0.000003715, -0.000002727,
VCV (2),    0.000003715,  0.000014474,  0.000003467,
VCV (3),   -0.000002727,  0.000003467,  0.000001035,
St.dev,     0.004150430,  0.003804478,  0.001017405,
Mean,      0.000057414,  0.002033968, -0.000120939,
Cor (1),    1.000000000,  0.375347337,  0.540439575,
Cor (2),    0.375347337,  1.000000000,  0.452665128,
Cor (3),    0.540439575,  0.452665128,  1.000000000,
VCV (1),    0.000002872,  0.000002582,  0.000001772,
VCV (2),    0.000002582,  0.000016480,  0.000003555,
VCV (3),    0.000001772,  0.000003555,  0.000003742,
St.dev,     0.001694722,  0.004059537,  0.001934391,
AutoCor,    0.076853464,  0.577207322,  0.058570182,

No.; 14; Score; 15.91041225032;
Markow Autoregressive (lag 1) bivariate joint 3 asset model uncond. params
uMean,      0.000312976,  0.000514486,  0.000120945,
VCV (1),    0.000016891,  0.000002267, -0.000002731,
VCV (2),    0.000002267,  0.000017933,  0.000001322,
VCV (3),   -0.000002731,  0.000001322,  0.000002808,
Cor (1),    1.000000000,  0.130270719, -0.396501490,
Cor (2),    0.130270719,  1.000000000,  0.186346597,
Cor (3),   -0.396501490,  0.186346597,  1.000000000,
St.dev,     0.004109904,  0.004234711,  0.001675714,
Skewness,  -1.579000275,  0.333367844,  3.034619764,
Kurtosis,   9.005444377,  1.151808522, 14.399481561,
AutoCor,    0.392247465,  0.603214107,  0.014772185,
Markow Autoregressive (lag 1) bivariate joint 3 asset model cond. params
uProb.,   0.972832378,  0.027167622,
Prob (1),   0.972445302,  0.027554698,
Prob (2),   0.986692983,  0.013307017,
Mean,      0.000610182,  0.000328349, -0.000096809,
Cor (1),    1.000000000,  0.152646600, -0.224538867,
Cor (2),    0.152646600,  1.000000000, -0.029375431,
Cor (3),   -0.224538867, -0.029375431,  1.000000000,
VCV (1),    0.000008070,  0.000001286, -0.000000652,
VCV (2),    0.000001286,  0.000008790, -0.000000089,
VCV (3),   -0.000000652, -0.000000089,  0.000001046,
St.dev,     0.002840862,  0.002964761,  0.001022718,
Mean,     -0.010329520,  0.007179771,  0.007918392,
Cor (1),    1.000000000,  0.969936259,  0.482497277,
Cor (2),    0.969936259,  1.000000000, -0.119445952,
Cor (3),    0.482497277, -0.119445952,  1.000000000,
VCV (1),    0.000097019,  0.000061013,  0.000008586,
VCV (2),    0.000061013,  0.000040785, -0.000001378,
VCV (3),    0.000008586, -0.000001378,  0.000003264,
St.dev,     0.009849814,  0.006386350,  0.001806625,
AutoCor,    0.485904225,  0.649107459,  0.059159019,

No.; 15; Score; 16.489540654356;
Markow Autoregressive (lag 1) bivariate joint 3 asset model uncond. params
uMean,      0.000212838,  0.000218811,  0.000155504,
VCV (1),    0.000016967,  0.000000208,  0.000000879,
VCV (2),    0.000000208,  0.000026030,  0.000000922,
VCV (3),    0.000000879,  0.000000922,  0.000001934,
Cor (1),    1.000000000,  0.009900548,  0.153463787,
Cor (2),    0.009900548,  1.000000000,  0.129983055,
Cor (3),    0.153463787,  0.129983055,  1.000000000,
St.dev,     0.004119140,  0.005102004,  0.001390796,
Skewness,  -0.965467116,  0.017556849,  0.213105117,
Kurtosis,   1.222845488, -0.023628975,  0.159029890,
AutoCor,    0.059047606,  0.716502708,  0.286280994,
Markow Autoregressive (lag 1) bivariate joint 3 asset model cond. params
uProb.,   0.517228285,  0.482771715,
Prob (1),   0.315026690,  0.684973310,
Prob (2),   0.733861490,  0.266138510,
Mean,      0.002163674, -0.001440787, -0.000248665,
Cor (1),    1.000000000,  0.708483074, -0.256350710,
Cor (2),    0.708483074,  1.000000000, -0.619440088,
Cor (3),   -0.256350710, -0.619440088,  1.000000000,
VCV (1),    0.000001452,  0.000001994, -0.000000320,
VCV (2),    0.000001994,  0.000005457, -0.000001500,
VCV (3),   -0.000000320, -0.000001500,  0.000001075,
St.dev,     0.001204916,  0.002335971,  0.001036864,
Mean,     -0.001877233,  0.001996858,  0.000588520,
Cor (1),    1.000000000,  0.329369395,  0.522880720,
Cor (2),    0.329369395,  1.000000000,  0.524454901,
Cor (3),    0.522880720,  0.524454901,  1.000000000,
VCV (1),    0.000023965,  0.000004100,  0.000003646,
VCV (2),    0.000004100,  0.000006466,  0.000001900,
VCV (3),    0.000003646,  0.000001900,  0.000002029,
St.dev,     0.004895361,  0.002542801,  0.001424569,
AutoCor,    0.210212889,  0.861661358,  0.356424549,

No.; 16; Score; 16.944957608784;
Markow Autoregressive (lag 1) bivariate joint 3 asset model uncond. params
uMean,      0.000503712,  0.000174279, -0.000116207,
VCV (1),    0.000012230,  0.000009729,  0.000000991,
VCV (2),    0.000009729,  0.000019707,  0.000001863,
VCV (3),    0.000000991,  0.000001863,  0.000001594,
Cor (1),    1.000000000,  0.626697810,  0.224509550,
Cor (2),    0.626697810,  1.000000000,  0.332361795,
Cor (3),    0.224509550,  0.332361795,  1.000000000,
St.dev,     0.003497085,  0.004439236,  0.001262583,
Skewness,  -0.108082807,  0.106025414,  0.254891016,
Kurtosis,   0.738510010,  0.327873168,  1.603822821,
AutoCor,    0.747976851,  0.382121226,  0.170190870,
Markow Autoregressive (lag 1) bivariate joint 3 asset model cond. params
uProb.,   0.957883546,  0.042116454,
Prob (1),   0.968483827,  0.031516173,
Prob (2),   0.716794058,  0.283205942,
Mean,      0.000569671,  0.000059831, -0.000148962,
Cor (1),    1.000000000,  0.859827939,  0.598254708,
Cor (2),    0.859827939,  1.000000000,  0.235620627,
Cor (3),    0.598254708,  0.235620627,  1.000000000,
VCV (1),    0.000004416,  0.000007112,  0.000001436,
VCV (2),    0.000007112,  0.000015493,  0.000001059,
VCV (3),    0.000001436,  0.000001059,  0.000001305,
St.dev,     0.002101521,  0.003936094,  0.001142253,
Mean,     -0.000996430,  0.002777260,  0.000628753,
Cor (1),    1.000000000,  0.171225553, -0.873736467,
Cor (2),    0.171225553,  1.000000000,  0.945462282,
Cor (3),   -0.873736467,  0.945462282,  1.000000000,
VCV (1),    0.000024691,  0.000005413, -0.000011097,
VCV (2),    0.000005413,  0.000040478,  0.000015374,
VCV (3),   -0.000011097,  0.000015374,  0.000006533,
St.dev,     0.004968957,  0.006362212,  0.002555913,
AutoCor,    0.752024964,  0.384123218,  0.168923987,

No.; 17; Score; 17.109514548808;
Markow Autoregressive (lag 1) bivariate joint 3 asset model uncond. params
uMean,      0.000553096,  0.000160996,  0.000081547,
VCV (1),    0.000008390, -0.000001608, -0.000000190,
VCV (2),   -0.000001608,  0.000032302, -0.000002537,
VCV (3),   -0.000000190, -0.000002537,  0.000003907,
Cor (1),    1.000000000, -0.097659658, -0.033181541,
Cor (2),   -0.097659658,  1.000000000, -0.225869791,
Cor (3),   -0.033181541, -0.225869791,  1.000000000,
St.dev,     0.002896598,  0.005683515,  0.001976487,
Skewness,  -2.874662574,  0.312738907,  0.395912877,
Kurtosis,  11.171398609,  0.732845660, 16.259755143,
AutoCor,    0.144246390,  0.322513451,  0.343962161,
Markow Autoregressive (lag 1) bivariate joint 3 asset model cond. params
uProb.,   0.944368409,  0.055631591,
Prob (1),   0.954685694,  0.045314306,
Prob (2),   0.769228377,  0.230771623,
Mean,      0.001118842, -0.000265475,  0.000054068,
Cor (1),    1.000000000,  0.367218543, -0.767666287,
Cor (2),    0.367218543,  1.000000000, -0.488791230,
Cor (3),   -0.767666287, -0.488791230,  1.000000000,
VCV (1),    0.000002223,  0.000002697, -0.000001305,
VCV (2),    0.000002697,  0.000024257, -0.000002744,
VCV (3),   -0.000001305, -0.000002744,  0.000001299,
St.dev,     0.001491064,  0.004925160,  0.001139819,
Mean,     -0.009050660,  0.007400517,  0.000548012,
Cor (1),    1.000000000, -0.073184529,  0.956418782,
Cor (2),   -0.073184529,  1.000000000,  0.067290788,
Cor (3),    0.956418782,  0.067290788,  1.000000000,
VCV (1),    0.000015163, -0.000002089,  0.000023445,
VCV (2),   -0.000002089,  0.000053734,  0.000003105,
VCV (3),    0.000023445,  0.000003105,  0.000039631,
St.dev,     0.003893935,  0.007330337,  0.006295283,
AutoCor,    0.068524168,  0.336997630,  0.344483957,

No.; 18; Score; 18.897786340998;
Markow Autoregressive (lag 1) bivariate joint 3 asset model uncond. params
uMean,     -0.000034346,  0.000396835,  0.000051972,
VCV (1),    0.000011227,  0.000006393, -0.000000345,
VCV (2),    0.000006393,  0.000034214, -0.000003241,
VCV (3),   -0.000000345, -0.000003241,  0.000002547,
Cor (1),    1.000000000,  0.326182949, -0.064585134,
Cor (2),    0.326182949,  1.000000000, -0.347173654,
Cor (3),   -0.064585134, -0.347173654,  1.000000000,
St.dev,     0.003350746,  0.005849304,  0.001596028,
Skewness,  -0.614325868, -2.176641049, -0.194716822,
Kurtosis,   2.521104759,  6.959746416,  0.469672275,
AutoCor,    0.441788792,  0.095768823,  0.518827613,
Markow Autoregressive (lag 1) bivariate joint 3 asset model cond. params
uProb.,   0.791112229,  0.208887771,
Prob (1),   0.761207470,  0.238792530,
Prob (2),   0.904369316,  0.095630684,
Mean,      0.000383101,  0.002094994,  0.000202800,
Cor (1),    1.000000000, -0.550678794, -0.425605968,
Cor (2),   -0.550678794,  1.000000000, -0.413797881,
Cor (3),   -0.425605968, -0.413797881,  1.000000000,
VCV (1),    0.000003285, -0.000001502, -0.000000872,
VCV (2),   -0.000001502,  0.000002266, -0.000000704,
VCV (3),   -0.000000872, -0.000000704,  0.000001279,
St.dev,     0.001812348,  0.001505287,  0.001130837,
Mean,     -0.001615325, -0.006034537, -0.000519252,
Cor (1),    1.000000000,  0.424531172,  0.128261179,
Cor (2),    0.424531172,  1.000000000, -0.824026362,
Cor (3),    0.128261179, -0.824026362,  1.000000000,
VCV (1),    0.000026575,  0.000021678,  0.000001233,
VCV (2),    0.000021678,  0.000098112, -0.000015222,
VCV (3),    0.000001233, -0.000015222,  0.000003478,
St.dev,     0.005155134,  0.009905175,  0.001864898,
AutoCor,    0.478320792,  0.207798042,  0.542001620,

No.; 19; Score; 19.133136055625;
Markow Autoregressive (lag 1) bivariate joint 3 asset model uncond. params
uMean,      0.000251858,  0.000111346, -0.000217880,
VCV (1),    0.000013049,  0.000011895, -0.000001698,
VCV (2),    0.000011895,  0.000036992, -0.000001394,
VCV (3),   -0.000001698, -0.000001394,  0.000002064,
Cor (1),    1.000000000,  0.541415666, -0.327274937,
Cor (2),    0.541415666,  1.000000000, -0.159554867,
Cor (3),   -0.327274937, -0.159554867,  1.000000000,
St.dev,     0.003612277,  0.006082074,  0.001436677,
Skewness,  -0.482866447,  0.360640478, -0.119708780,
Kurtosis,  -0.174636502, -0.754191735,  0.408820516,
AutoCor,   -0.050736015, -0.141625973,  0.323360430,
Markow Autoregressive (lag 1) bivariate joint 3 asset model cond. params
uProb.,   0.594976072,  0.405023928,
Prob (1),   0.413534611,  0.586465389,
Prob (2),   0.861511750,  0.138488250,
Mean,      0.002342271,  0.003910241, -0.000088092,
Cor (1),    1.000000000, -0.114417791, -0.809078769,
Cor (2),   -0.114417791,  1.000000000, -0.732531221,
Cor (3),   -0.809078769, -0.732531221,  1.000000000,
VCV (1),    0.000004013, -0.000001075, -0.000001749,
VCV (2),   -0.000001075,  0.000021978, -0.000003706,
VCV (3),   -0.000001749, -0.000003706,  0.000001165,
St.dev,     0.002003353,  0.004688023,  0.001079305,
Mean,     -0.002818938, -0.005469194, -0.000408536,
Cor (1),    1.000000000,  0.361948880, -0.415542647,
Cor (2),    0.361948880,  1.000000000,  0.208902323,
Cor (3),   -0.415542647,  0.208902323,  1.000000000,
VCV (1),    0.000008647,  0.000002094, -0.000002032,
VCV (2),    0.000002094,  0.000003870,  0.000000684,
VCV (3),   -0.000002032,  0.000000684,  0.000002766,
St.dev,     0.002940583,  0.001967244,  0.001663247,
AutoCor,    0.333916512,  0.269640390,  0.332719834,

No.; 20; Score; 19.25184129966;
Markow Autoregressive (lag 1) bivariate joint 3 asset model uncond. params
uMean,      0.000473886,  0.000090934,  0.000158642,
VCV (1),    0.000016417, -0.000006830,  0.000001637,
VCV (2),   -0.000006830,  0.000029096, -0.000002289,
VCV (3),    0.000001637, -0.000002289,  0.000002833,
Cor (1),    1.000000000, -0.312503065,  0.240035686,
Cor (2),   -0.312503065,  1.000000000, -0.252090716,
Cor (3),    0.240035686, -0.252090716,  1.000000000,
St.dev,     0.004051810,  0.005394067,  0.001683033,
Skewness,  -0.888900650,  0.179057206, -0.018741095,
Kurtosis,  -0.157362933,  0.667091668,  0.246572782,
AutoCor,   -0.181252864,  0.351124663,  0.411490646,
Markow Autoregressive (lag 1) bivariate joint 3 asset model cond. params
uProb.,   0.565840220,  0.434159780,
Prob (1),   0.405541877,  0.594458123,
Prob (2),   0.774756970,  0.225243030,
Mean,      0.003300464, -0.000515089,  0.000191185,
Cor (1),    1.000000000, -0.606622643,  0.130451360,
Cor (2),   -0.606622643,  1.000000000, -0.466451391,
Cor (3),    0.130451360, -0.466451391,  1.000000000,
VCV (1),    0.000001301, -0.000002441,  0.000000189,
VCV (2),   -0.000002441,  0.000012444, -0.000002085,
VCV (3),    0.000000189, -0.000002085,  0.000001605,
St.dev,     0.001140628,  0.003527631,  0.001266835,
Mean,     -0.003209991,  0.000880764,  0.000116230,
Cor (1),    1.000000000, -0.310906663,  0.484566962,
Cor (2),   -0.310906663,  1.000000000, -0.146977110,
Cor (3),    0.484566962, -0.146977110,  1.000000000,
VCV (1),    0.000011845, -0.000006852,  0.000003040,
VCV (2),   -0.000006852,  0.000041002, -0.000001716,
VCV (3),    0.000003040, -0.000001716,  0.000003323,
St.dev,     0.003441610,  0.006403279,  0.001822989,
AutoCor,    0.144709303,  0.363173125,  0.411871230,

No.; 21; Score; 19.337655605154;
Markow Autoregressive (lag 1) bivariate joint 3 asset model uncond. params
uMean,      0.000386289,  0.000269105,  0.000113757,
VCV (1),    0.000010343, -0.000001106,  0.000001303,
VCV (2),   -0.000001106,  0.000025894,  0.000003008,
VCV (3),    0.000001303,  0.000003008,  0.000004103,
Cor (1),    1.000000000, -0.067561782,  0.200030388,
Cor (2),   -0.067561782,  1.000000000,  0.291793630,
Cor (3),    0.200030388,  0.291793630,  1.000000000,
St.dev,     0.003216079,  0.005088660,  0.002025643,
Skewness,  -2.834296614, -0.134505984, -2.414605432,
Kurtosis,  13.721226805,  0.144442840,  7.817382128,
AutoCor,    0.217222392,  0.323748724,  0.187796870,
Markow Autoregressive (lag 1) bivariate joint 3 asset model cond. params
uProb.,   0.949545586,  0.050454414,
Prob (1),   0.960301641,  0.039698359,
Prob (2),   0.747118012,  0.252881988,
Mean,      0.000882134,  0.000653768,  0.000495155,
Cor (1),    1.000000000, -0.511256978, -0.907203194,
Cor (2),   -0.511256978,  1.000000000,  0.035845531,
Cor (3),   -0.907203194,  0.035845531,  1.000000000,
VCV (1),    0.000003551, -0.000004367, -0.000001928,
VCV (2),   -0.000004367,  0.000020545,  0.000000183,
VCV (3),   -0.000001928,  0.000000183,  0.000001272,
St.dev,     0.001884300,  0.004532703,  0.001127974,
Mean,     -0.008945450, -0.006970208, -0.007064118,
Cor (1),    1.000000000, -0.140860654, -0.683775142,
Cor (2),   -0.140860654,  1.000000000,  0.170877089,
Cor (3),   -0.683775142,  0.170877089,  1.000000000,
VCV (1),    0.000040962, -0.000003964, -0.000007075,
VCV (2),   -0.000003964,  0.000019330,  0.000001215,
VCV (3),   -0.000007075,  0.000001215,  0.000002614,
St.dev,     0.006400175,  0.004396622,  0.001616687,
AutoCor,    0.220491728,  0.337071682,  0.136903708,

No.; 22; Score; 19.725475234929;
Markow Autoregressive (lag 1) bivariate joint 3 asset model uncond. params
uMean,      0.000092084, -0.000004451,  0.000112388,
VCV (1),    0.000015907, -0.000007659,  0.000003730,
VCV (2),   -0.000007659,  0.000029815,  0.000004873,
VCV (3),    0.000003730,  0.000004873,  0.000003275,
Cor (1),    1.000000000, -0.351683005,  0.516816399,
Cor (2),   -0.351683005,  1.000000000,  0.493199065,
Cor (3),    0.516816399,  0.493199065,  1.000000000,
St.dev,     0.003988325,  0.005460321,  0.001809616,
Skewness,  -0.794005296, -0.898253443, -0.071611405,
Kurtosis,   4.402052119,  2.184598488, -0.010040415,
AutoCor,    0.201788129,  0.440406210,  0.258308934,
Markow Autoregressive (lag 1) bivariate joint 3 asset model cond. params
uProb.,   0.274316252,  0.725683748,
Prob (1),   0.197001678,  0.802998322,
Prob (2),   0.303541991,  0.696458009,
Mean,     -0.001366067, -0.003613845, -0.001019935,
Cor (1),    1.000000000, -0.478807715,  0.368562189,
Cor (2),   -0.478807715,  1.000000000,  0.975574318,
Cor (3),    0.368562189,  0.975574318,  1.000000000,
VCV (1),    0.000044558, -0.000022933,  0.000003941,
VCV (2),   -0.000022933,  0.000051484,  0.000011215,
VCV (3),    0.000003941,  0.000011215,  0.000002567,
St.dev,     0.006675181,  0.007175207,  0.001602086,
Mean,      0.000643281,  0.001359939,  0.000540419,
Cor (1),    1.000000000, -0.827763626,  0.916759832,
Cor (2),   -0.827763626,  1.000000000, -0.138195553,
Cor (3),    0.916759832, -0.138195553,  1.000000000,
VCV (1),    0.000002978, -0.000003035,  0.000002490,
VCV (2),   -0.000003035,  0.000004514, -0.000000462,
VCV (3),    0.000002490, -0.000000462,  0.000002477,
St.dev,     0.001725642,  0.002124719,  0.001573724,
AutoCor,    0.218196265,  0.548620441,  0.321688383,

No.; 23; Score; 19.731480186538;
