Round No; 8; best result RLS; 5.4856128493365

;;;
No.; 1; Score; 5.4856128493365;
Markow Autoregressive (lag 1) bivariate joint 3 asset model uncond. params
uMean,      0.000231477,  0.000157812, -0.000061740,
VCV (1),    0.000013489,  0.000002121, -0.000001262,
VCV (2),    0.000002121,  0.000027844, -0.000000031,
VCV (3),   -0.000001262, -0.000000031,  0.000001429,
Cor (1),    1.000000000,  0.109464229, -0.287370770,
Cor (2),    0.109464229,  1.000000000, -0.004886878,
Cor (3),   -0.287370770, -0.004886878,  1.000000000,
St.dev,     0.003672790,  0.005276778,  0.001195421,
Skewness,  -0.555784411,  0.028906116,  2.874522525,
Kurtosis,   3.537893850,  0.061733503, 22.192539480,
AutoCor,    0.464974042,  0.672542000,  0.041751519,
Markow Autoregressive (lag 1) bivariate joint 3 asset model cond. params
uProb.,   0.992725156,  0.007274844,
Prob (1),   0.992735023,  0.007264977,
Prob (2),   0.991378711,  0.008621289,
Mean,      0.000308643,  0.000109387, -0.000123556,
Cor (1),    1.000000000,  0.120450087, -0.232684565,
Cor (2),    0.120450087,  1.000000000, -0.115730527,
Cor (3),   -0.232684565, -0.115730527,  1.000000000,
VCV (1),    0.000008972,  0.000001382, -0.000000655,
VCV (2),    0.000001382,  0.000014676, -0.000000416,
VCV (3),   -0.000000655, -0.000000416,  0.000000882,
St.dev,     0.002995326,  0.003830914,  0.000939281,
Mean,     -0.010298675,  0.006765898,  0.008373776,
Cor (1),    1.000000000,  0.986033616,  0.430218011,
Cor (2),    0.986033616,  1.000000000, -0.083847715,
Cor (3),    0.430218011, -0.083847715,  1.000000000,
VCV (1),    0.000091801,  0.000051366,  0.000008075,
VCV (2),    0.000051366,  0.000029561, -0.000000893,
VCV (3),    0.000008075, -0.000000893,  0.000003837,
St.dev,     0.009581295,  0.005437009,  0.001958882,
AutoCor,    0.494691649,  0.680345169,  0.064960965,

No.; 2; Score; 7.3465639573615;
Markow Autoregressive (lag 1) bivariate joint 3 asset model uncond. params
uMean,      0.000240840,  0.000385527,  0.000034262,
VCV (1),    0.000014234, -0.000012830, -0.000000544,
VCV (2),   -0.000012830,  0.000028818, -0.000004147,
VCV (3),   -0.000000544, -0.000004147,  0.000002146,
Cor (1),    1.000000000, -0.633462620, -0.098390870,
Cor (2),   -0.633462620,  1.000000000, -0.527352270,
Cor (3),   -0.098390870, -0.527352270,  1.000000000,
St.dev,     0.003772784,  0.005368245,  0.001464986,
Skewness,  -0.000798786,  0.000720193, -0.007694741,
Kurtosis,  -0.000262617,  0.081889319, 25.295578208,
AutoCor,    0.433409065,  0.134527737,  0.165546839,
Markow Autoregressive (lag 1) bivariate joint 3 asset model cond. params
uProb.,   0.999439290,  0.000560710,
Prob (1),   0.999646865,  0.000353135,
Prob (2),   0.629447658,  0.370552342,
Mean,      0.000244085,  0.000385342,  0.000034293,
Cor (1),    1.000000000, -0.669709248, -0.106899993,
Cor (2),   -0.669709248,  1.000000000, -0.533020225,
Cor (3),   -0.106899993, -0.533020225,  1.000000000,
VCV (1),    0.000011547, -0.000012082, -0.000000506,
VCV (2),   -0.000012082,  0.000028185, -0.000003943,
VCV (3),   -0.000000506, -0.000003943,  0.000001941,
St.dev,     0.003398147,  0.005308909,  0.001393305,
Mean,     -0.005543534,  0.000715011, -0.000020389,
Cor (1),    1.000000000, -0.277492463,  0.043071193,
Cor (2),   -0.277492463,  1.000000000, -0.834643504,
Cor (3),    0.043071193, -0.834643504,  1.000000000,
VCV (1),    0.000005272, -0.000009617,  0.000001602,
VCV (2),   -0.000009617,  0.000227828, -0.000204089,
VCV (3),    0.000001602, -0.000204089,  0.000262441,
St.dev,     0.002296126,  0.015093973,  0.016200026,
AutoCor,    0.433492534,  0.134527239,  0.165546679,

No.; 3; Score; 8.5616176588884;
Markow Autoregressive (lag 1) bivariate joint 3 asset model uncond. params
uMean,      0.000140186,  0.000216349, -0.000126504,
VCV (1),    0.000010854,  0.000012364,  0.000000545,
VCV (2),    0.000012364,  0.000027863,  0.000004869,
VCV (3),    0.000000545,  0.000004869,  0.000002094,
Cor (1),    1.000000000,  0.710960580,  0.114233499,
Cor (2),    0.710960580,  1.000000000,  0.637485886,
Cor (3),    0.114233499,  0.637485886,  1.000000000,
St.dev,     0.003294556,  0.005278538,  0.001446953,
Skewness,  -0.728563736, -0.011895523,  0.932282296,
Kurtosis,   8.040321909,  0.021471072, 15.778153912,
AutoCor,    0.565610805,  0.269441307,  0.384696789,
Markow Autoregressive (lag 1) bivariate joint 3 asset model cond. params
uProb.,   0.962725657,  0.037274343,
Prob (1),   0.970385522,  0.029614478,
Prob (2),   0.764885850,  0.235114150,
Mean,      0.000246769,  0.000171036, -0.000166591,
Cor (1),    1.000000000,  0.994266638,  0.444481295,
Cor (2),    0.994266638,  1.000000000,  0.879921071,
Cor (3),    0.444481295,  0.879921071,  1.000000000,
VCV (1),    0.000004209,  0.000010461,  0.000000853,
VCV (2),    0.000010461,  0.000026297,  0.000004220,
VCV (3),    0.000000853,  0.000004220,  0.000000875,
St.dev,     0.002051660,  0.005128034,  0.000935159,
Mean,     -0.002612651,  0.001386703,  0.000908886,
Cor (1),    1.000000000,  0.402596209, -0.189797283,
Cor (2),    0.402596209,  1.000000000,  0.390687244,
Cor (3),   -0.189797283,  0.390687244,  1.000000000,
VCV (1),    0.000080730,  0.000012880, -0.000008383,
VCV (2),    0.000012880,  0.000012679,  0.000006839,
VCV (3),   -0.000008383,  0.000006839,  0.000024166,
St.dev,     0.008985010,  0.003560756,  0.004915937,
AutoCor,    0.575615705,  0.269563241,  0.388321168,

No.; 4; Score; 9.0610457661485;
Markow Autoregressive (lag 1) bivariate joint 3 asset model uncond. params
uMean,      0.000208289,  0.000303549, -0.000034065,
VCV (1),    0.000014155,  0.000002759, -0.000000913,
VCV (2),    0.000002759,  0.000026906,  0.000004366,
VCV (3),   -0.000000913,  0.000004366,  0.000001815,
Cor (1),    1.000000000,  0.141365871, -0.180127734,
Cor (2),    0.141365871,  1.000000000,  0.624795863,
Cor (3),   -0.180127734,  0.624795863,  1.000000000,
St.dev,     0.003762359,  0.005187097,  0.001347144,
Skewness,  -0.007084656, -1.687800612, -1.710418399,
Kurtosis,   0.008306114, 10.193626290, 11.961678005,
AutoCor,    0.166126270,  0.241671277,  0.301114439,
Markow Autoregressive (lag 1) bivariate joint 3 asset model cond. params
uProb.,   0.956952890,  0.043047110,
Prob (1),   0.969760564,  0.030239436,
Prob (2),   0.672233653,  0.327766347,
Mean,      0.000249718,  0.000718579,  0.000061820,
Cor (1),    1.000000000,  0.229825675, -0.293605449,
Cor (2),    0.229825675,  1.000000000,  0.518171907,
Cor (3),   -0.293605449,  0.518171907,  1.000000000,
VCV (1),    0.000013606,  0.000003245, -0.000001022,
VCV (2),    0.000003245,  0.000014656,  0.000001873,
VCV (3),   -0.000001022,  0.000001873,  0.000000891,
St.dev,     0.003688611,  0.003828341,  0.000943943,
Mean,     -0.000712692, -0.008922717, -0.002165618,
Cor (1),    1.000000000, -0.348838057,  0.041103123,
Cor (2),   -0.348838057,  1.000000000,  0.661703276,
Cor (3),    0.041103123,  0.661703276,  1.000000000,
VCV (1),    0.000016472, -0.000019064,  0.000000629,
VCV (2),   -0.000019064,  0.000181315,  0.000033576,
VCV (3),    0.000000629,  0.000033576,  0.000014200,
St.dev,     0.004058624,  0.013465338,  0.003768331,
AutoCor,    0.165771126,  0.232403046,  0.301569745,

No.; 5; Score; 9.4385677196803;
Markow Autoregressive (lag 1) bivariate joint 3 asset model uncond. params
uMean,      0.000177097,  0.000067771, -0.000014351,
VCV (1),    0.000013646, -0.000004609,  0.000001077,
VCV (2),   -0.000004609,  0.000027206, -0.000001083,
VCV (3),    0.000001077, -0.000001083,  0.000001487,
Cor (1),    1.000000000, -0.239199556,  0.239053039,
Cor (2),   -0.239199556,  1.000000000, -0.170260954,
Cor (3),    0.239053039, -0.170260954,  1.000000000,
St.dev,     0.003694037,  0.005215938,  0.001219511,
Skewness,  -0.052392932, -0.011031893, -1.573243668,
Kurtosis,   0.027210759,  0.021682147,  9.573885216,
AutoCor,    0.655605441,  0.259017333,  0.271061253,
Markow Autoregressive (lag 1) bivariate joint 3 asset model cond. params
uProb.,   0.972373245,  0.027626755,
Prob (1),   0.973398111,  0.026601889,
Prob (2),   0.936301236,  0.063698764,
Mean,      0.000330506,  0.000032381,  0.000066193,
Cor (1),    1.000000000, -0.282562056,  0.268588420,
Cor (2),   -0.282562056,  1.000000000, -0.179313661,
Cor (3),    0.268588420, -0.179313661,  1.000000000,
VCV (1),    0.000006719, -0.000003718,  0.000000651,
VCV (2),   -0.000003718,  0.000025767, -0.000000851,
VCV (3),    0.000000651, -0.000000851,  0.000000875,
St.dev,     0.002592185,  0.005076090,  0.000935174,
Mean,     -0.005222422,  0.001313385, -0.002849259,
Cor (1),    1.000000000, -0.035940411, -0.856346670,
Cor (2),   -0.035940411,  1.000000000, -0.266050663,
Cor (3),   -0.856346670, -0.266050663,  1.000000000,
VCV (1),    0.000002979, -0.000000197, -0.000004745,
VCV (2),   -0.000000197,  0.000010125, -0.000002718,
VCV (3),   -0.000004745, -0.000002718,  0.000010307,
St.dev,     0.001725969,  0.003181995,  0.003210504,
AutoCor,    0.695576616,  0.259377497,  0.313498100,

No.; 6; Score; 10.211316647105;
Markow Autoregressive (lag 1) bivariate joint 3 asset model uncond. params
uMean,      0.000260563,  0.000225758,  0.000023055,
VCV (1),    0.000014156, -0.000011863, -0.000001162,
VCV (2),   -0.000011863,  0.000027824,  0.000001489,
VCV (3),   -0.000001162,  0.000001489,  0.000001337,
Cor (1),    1.000000000, -0.597750882, -0.267169482,
Cor (2),   -0.597750882,  1.000000000,  0.244106154,
Cor (3),   -0.267169482,  0.244106154,  1.000000000,
St.dev,     0.003762405,  0.005274850,  0.001156196,
Skewness,   0.003676131, -0.076708681, -1.456525007,
Kurtosis,  -0.002516428,  0.155859554,  6.939187528,
AutoCor,    0.633649928,  0.064303983,  0.090753495,
Markow Autoregressive (lag 1) bivariate joint 3 asset model cond. params
uProb.,   0.972899291,  0.027100709,
Prob (1),   0.972858458,  0.027141542,
Prob (2),   0.974365153,  0.025634847,
Mean,      0.000313364,  0.000366552,  0.000119647,
Cor (1),    1.000000000, -0.828221469, -0.428809644,
Cor (2),   -0.828221469,  1.000000000,  0.199865778,
Cor (3),   -0.428809644,  0.199865778,  1.000000000,
VCV (1),    0.000008398, -0.000012351, -0.000001165,
VCV (2),   -0.000012351,  0.000026482,  0.000000964,
VCV (3),   -0.000001165,  0.000000964,  0.000000879,
St.dev,     0.002897958,  0.005146098,  0.000937639,
Mean,     -0.001634972, -0.004828684, -0.003444534,
Cor (1),    1.000000000,  0.895181407, -0.737623759,
Cor (2),    0.895181407,  1.000000000,  0.134793445,
Cor (3),   -0.737623759,  0.134793445,  1.000000000,
VCV (1),    0.000005929,  0.000014683, -0.000003959,
VCV (2),    0.000014683,  0.000045370,  0.000002001,
VCV (3),   -0.000003959,  0.000002001,  0.000004859,
St.dev,     0.002435047,  0.006735730,  0.002204419,
AutoCor,    0.638172731,  0.066031361,  0.121598142,

No.; 7; Score; 11.14504285203;
Markow Autoregressive (lag 1) bivariate joint 3 asset model uncond. params
uMean,      0.000314647,  0.000276425, -0.000229530,
VCV (1),    0.000010198, -0.000004085, -0.000000409,
VCV (2),   -0.000004085,  0.000028022,  0.000001804,
VCV (3),   -0.000000409,  0.000001804,  0.000002330,
Cor (1),    1.000000000, -0.241650124, -0.083992098,
Cor (2),   -0.241650124,  1.000000000,  0.223227277,
Cor (3),   -0.083992098,  0.223227277,  1.000000000,
St.dev,     0.003193360,  0.005293534,  0.001526471,
Skewness,  -1.961736464, -0.050909003, -2.779078880,
Kurtosis,  10.374411449,  0.037325355, 12.397621110,
AutoCor,    0.216419806,  0.348838357,  0.206722438,
Markow Autoregressive (lag 1) bivariate joint 3 asset model cond. params
uProb.,   0.967910292,  0.032089708,
Prob (1),   0.976010457,  0.023989543,
Prob (2),   0.723587948,  0.276412052,
Mean,      0.000619699,  0.000502500, -0.000017570,
Cor (1),    1.000000000, -0.502088572, -0.918097940,
Cor (2),   -0.502088572,  1.000000000,  0.070221451,
Cor (3),   -0.918097940,  0.070221451,  1.000000000,
VCV (1),    0.000005692, -0.000005779, -0.000002051,
VCV (2),   -0.000005779,  0.000023277,  0.000000317,
VCV (3),   -0.000002051,  0.000000317,  0.000000877,
St.dev,     0.002385755,  0.004824595,  0.000936359,
Mean,     -0.008886542, -0.006542611, -0.006622786,
Cor (1),    1.000000000, -0.129353558, -0.747051781,
Cor (2),   -0.129353558,  1.000000000,  0.128821615,
Cor (3),   -0.747051781,  0.128821615,  1.000000000,
VCV (1),    0.000049166, -0.000003997, -0.000009537,
VCV (2),   -0.000003997,  0.000019423,  0.000001034,
VCV (3),   -0.000009537,  0.000001034,  0.000003315,
St.dev,     0.007011849,  0.004407208,  0.001820695,
AutoCor,    0.202746680,  0.354451536,  0.143206098,

No.; 8; Score; 11.389708258115;
Markow Autoregressive (lag 1) bivariate joint 3 asset model uncond. params
uMean,      0.000278856,  0.000105029,  0.000140818,
VCV (1),    0.000013570,  0.000011767,  0.000000598,
VCV (2),    0.000011767,  0.000024854,  0.000002158,
VCV (3),    0.000000598,  0.000002158,  0.000001298,
Cor (1),    1.000000000,  0.640762494,  0.142606378,
Cor (2),    0.640762494,  1.000000000,  0.379892609,
Cor (3),    0.142606378,  0.379892609,  1.000000000,
St.dev,     0.003683754,  0.004985347,  0.001139208,
Skewness,  -0.086468329,  0.143490421,  0.569747971,
Kurtosis,   0.600817681,  0.417970258,  4.931624991,
AutoCor,    0.782486725,  0.414672215,  0.165796189,
Markow Autoregressive (lag 1) bivariate joint 3 asset model cond. params
uProb.,   0.949245127,  0.050754873,
Prob (1),   0.962376961,  0.037623039,
Prob (2),   0.703646457,  0.296353543,
Mean,      0.000349360, -0.000069587,  0.000099749,
Cor (1),    1.000000000,  0.899005241,  0.617408592,
Cor (2),    0.899005241,  1.000000000,  0.237760482,
Cor (3),    0.617408592,  0.237760482,  1.000000000,
VCV (1),    0.000004256,  0.000007971,  0.000001194,
VCV (2),    0.000007971,  0.000018473,  0.000000958,
VCV (3),    0.000001194,  0.000000958,  0.000000879,
St.dev,     0.002062897,  0.004298022,  0.000937687,
Mean,     -0.001039745,  0.003370795,  0.000908900,
Cor (1),    1.000000000,  0.291862230, -0.850437885,
Cor (2),    0.291862230,  1.000000000,  0.978497338,
Cor (3),   -0.850437885,  0.978497338,  1.000000000,
VCV (1),    0.000021857,  0.000009573, -0.000011131,
VCV (2),    0.000009573,  0.000049224,  0.000019219,
VCV (3),   -0.000011131,  0.000019219,  0.000007837,
St.dev,     0.004675104,  0.007015962,  0.002799509,
AutoCor,    0.786099656,  0.418334244,  0.163481081,

No.; 9; Score; 11.576459399725;
Markow Autoregressive (lag 1) bivariate joint 3 asset model uncond. params
uMean,      0.000359001,  0.000092395, -0.000124658,
VCV (1),    0.000013974,  0.000009079,  0.000001221,
VCV (2),    0.000009079,  0.000027329, -0.000002772,
VCV (3),    0.000001221, -0.000002772,  0.000001299,
Cor (1),    1.000000000,  0.464578872,  0.286476214,
Cor (2),    0.464578872,  1.000000000, -0.465285341,
Cor (3),    0.286476214, -0.465285341,  1.000000000,
St.dev,     0.003738214,  0.005227676,  0.001139686,
Skewness,  -1.582344527, -0.055197128, -0.011241558,
Kurtosis,   6.312325213, -0.091688598,  2.429540880,
AutoCor,    0.517804989,  0.165230345,  0.205209846,
Markow Autoregressive (lag 1) bivariate joint 3 asset model cond. params
uProb.,   0.905799197,  0.094200803,
Prob (1),   0.947070845,  0.052929155,
Prob (2),   0.508946683,  0.491053317,
Mean,      0.000930926,  0.000763542, -0.000123126,
Cor (1),    1.000000000,  0.681637536,  0.727633065,
Cor (2),    0.681637536,  1.000000000, -0.517174707,
Cor (3),    0.727633065, -0.517174707,  1.000000000,
VCV (1),    0.000004111,  0.000006711,  0.000001380,
VCV (2),    0.000006711,  0.000023581, -0.000002348,
VCV (3),    0.000001380, -0.000002348,  0.000000874,
St.dev,     0.002027619,  0.004855986,  0.000935124,
Mean,     -0.005140422, -0.006361096, -0.000139385,
Cor (1),    1.000000000, -0.445454575, -0.129052841,
Cor (2),   -0.445454575,  1.000000000, -0.757747493,
Cor (3),   -0.129052841, -0.757747493,  1.000000000,
VCV (1),    0.000041785, -0.000010860, -0.000001828,
VCV (2),   -0.000010860,  0.000014226, -0.000006261,
VCV (3),   -0.000001828, -0.000006261,  0.000004799,
St.dev,     0.006464141,  0.003771672,  0.002190699,
AutoCor,    0.540948178,  0.113834501,  0.205205802,

No.; 10; Score; 11.816190335467;
Markow Autoregressive (lag 1) bivariate joint 3 asset model uncond. params
uMean,      0.000334956,  0.000247859,  0.000070816,
VCV (1),    0.000014357,  0.000004807, -0.000000684,
VCV (2),    0.000004807,  0.000027920, -0.000000902,
VCV (3),   -0.000000684, -0.000000902,  0.000001308,
Cor (1),    1.000000000,  0.240099064, -0.157838264,
Cor (2),    0.240099064,  1.000000000, -0.149188294,
Cor (3),   -0.157838264, -0.149188294,  1.000000000,
St.dev,     0.003789115,  0.005283936,  0.001143649,
Skewness,  -1.255732326,  0.122860241,  0.635594815,
Kurtosis,   4.505055837,  0.179089261,  2.267682615,
AutoCor,    0.415316670,  0.071461801,  0.056522628,
Markow Autoregressive (lag 1) bivariate joint 3 asset model cond. params
uProb.,   0.886019797,  0.113980203,
Prob (1),   0.886011708,  0.113988292,
Prob (2),   0.886082676,  0.113917324,
Mean,      0.000923060,  0.000522611, -0.000043654,
Cor (1),    1.000000000,  0.244890143,  0.334425124,
Cor (2),    0.244890143,  1.000000000, -0.221216652,
Cor (3),    0.334425124, -0.221216652,  1.000000000,
VCV (1),    0.000004421,  0.000002829,  0.000000658,
VCV (2),    0.000002829,  0.000030187, -0.000001137,
VCV (3),    0.000000658, -0.000001137,  0.000000875,
St.dev,     0.002102694,  0.005494252,  0.000935404,
Mean,     -0.004236642, -0.001887910,  0.000960651,
Cor (1),    1.000000000,  0.632838477, -0.521451033,
Cor (2),    0.632838477,  1.000000000,  0.814237913,
Cor (3),   -0.521451033,  0.814237913,  1.000000000,
VCV (1),    0.000041272,  0.000008001, -0.000006479,
VCV (2),    0.000008001,  0.000003873,  0.000003099,
VCV (3),   -0.000006479,  0.000003099,  0.000003740,
St.dev,     0.006424316,  0.001967932,  0.001933920,
AutoCor,    0.511024776,  0.072997512,  0.061302300,

No.; 11; Score; 12.164946824005;
Markow Autoregressive (lag 1) bivariate joint 3 asset model uncond. params
uMean,      0.000279516,  0.000211610, -0.000201511,
VCV (1),    0.000014322,  0.000015400, -0.000000556,
VCV (2),    0.000015400,  0.000027407, -0.000002114,
VCV (3),   -0.000000556, -0.000002114,  0.000001440,
Cor (1),    1.000000000,  0.777297128, -0.122464334,
Cor (2),    0.777297128,  1.000000000, -0.336595422,
Cor (3),   -0.122464334, -0.336595422,  1.000000000,
St.dev,     0.003784463,  0.005235162,  0.001199803,
Skewness,  -1.805356132, -1.667004239,  0.385123866,
Kurtosis,   7.733035074,  7.431253288,  1.586648226,
AutoCor,    0.459866975,  0.062175021,  0.426156081,
Markow Autoregressive (lag 1) bivariate joint 3 asset model cond. params
uProb.,   0.929905001,  0.070094999,
Prob (1),   0.930349941,  0.069650059,
Prob (2),   0.924002271,  0.075997729,
Mean,      0.000836411,  0.000869197, -0.000268069,
Cor (1),    1.000000000,  0.823027275, -0.702304192,
Cor (2),    0.823027275,  1.000000000, -0.930338175,
Cor (3),   -0.702304192, -0.930338175,  1.000000000,
VCV (1),    0.000002853,  0.000005233, -0.000001110,
VCV (2),    0.000005233,  0.000014171, -0.000003278,
VCV (3),   -0.000001110, -0.000003278,  0.000000876,
St.dev,     0.001689143,  0.003764472,  0.000935858,
Mean,     -0.007108446, -0.008512175,  0.000681474,
Cor (1),    1.000000000,  0.975302302,  0.995468313,
Cor (2),    0.975302302,  1.000000000,  0.998920457,
Cor (3),    0.995468313,  0.998920457,  1.000000000,
VCV (1),    0.000047631,  0.000073527,  0.000014072,
VCV (2),    0.000073527,  0.000119324,  0.000022351,
VCV (3),    0.000014072,  0.000022351,  0.000004196,
St.dev,     0.006901499,  0.010923558,  0.002048320,
AutoCor,    0.642660007,  0.076953889,  0.444024606,

No.; 12; Score; 12.263391832708;
Markow Autoregressive (lag 1) bivariate joint 3 asset model uncond. params
uMean,      0.000223104,  0.000277723, -0.000085326,
VCV (1),    0.000008072,  0.000000101, -0.000000549,
VCV (2),    0.000000101,  0.000028474, -0.000002165,
VCV (3),   -0.000000549, -0.000002165,  0.000002653,
Cor (1),    1.000000000,  0.006667796, -0.118570675,
Cor (2),    0.006667796,  1.000000000, -0.249044869,
Cor (3),   -0.118570675, -0.249044869,  1.000000000,
St.dev,     0.002841164,  0.005336071,  0.001628899,
Skewness,  -2.442676384,  0.215763599,  0.181795716,
Kurtosis,   9.430796362,  0.502922144, 17.092550647,
AutoCor,    0.153517941,  0.294165198,  0.272237240,
Markow Autoregressive (lag 1) bivariate joint 3 asset model cond. params
uProb.,   0.954275337,  0.045724663,
Prob (1),   0.964133234,  0.035866766,
Prob (2),   0.748540669,  0.251459331,
Mean,      0.000692829, -0.000015703, -0.000094409,
Cor (1),    1.000000000,  0.378327096, -0.755905686,
Cor (2),    0.378327096,  1.000000000, -0.467500353,
Cor (3),   -0.755905686, -0.467500353,  1.000000000,
VCV (1),    0.000003007,  0.000003153, -0.000001372,
VCV (2),    0.000003153,  0.000023094, -0.000002352,
VCV (3),   -0.000001372, -0.000002352,  0.000001096,
St.dev,     0.001734039,  0.004805604,  0.001046910,
Mean,     -0.009580060,  0.006401540,  0.000104238,
Cor (1),    1.000000000, -0.082550544,  0.949450524,
Cor (2),   -0.082550544,  1.000000000,  0.115326575,
Cor (3),    0.949450524,  0.115326575,  1.000000000,
VCV (1),    0.000012696, -0.000002062,  0.000018780,
VCV (2),   -0.000002062,  0.000049134,  0.000004488,
VCV (3),    0.000018780,  0.000004488,  0.000030817,
St.dev,     0.003563089,  0.007009588,  0.005551339,
AutoCor,    0.071082030,  0.299457681,  0.272274023,

No.; 13; Score; 12.990379570427;
Markow Autoregressive (lag 1) bivariate joint 3 asset model uncond. params
uMean,      0.000095212,  0.000135197, -0.000010501,
VCV (1),    0.000013700, -0.000005446, -0.000000979,
VCV (2),   -0.000005446,  0.000028516, -0.000002864,
VCV (3),   -0.000000979, -0.000002864,  0.000001194,
Cor (1),    1.000000000, -0.275554046, -0.241978859,
Cor (2),   -0.275554046,  1.000000000, -0.490695421,
Cor (3),   -0.241978859, -0.490695421,  1.000000000,
St.dev,     0.003701349,  0.005339991,  0.001092883,
Skewness,  -0.108783113,  0.090753147, -0.063512581,
Kurtosis,   2.538268134,  0.733832837,  0.488250870,
AutoCor,    0.532041217,  0.203644890,  0.095367249,
Markow Autoregressive (lag 1) bivariate joint 3 asset model cond. params
uProb.,   0.719971495,  0.280028505,
Prob (1),   0.749628761,  0.250371239,
Prob (2),   0.643720735,  0.356279265,
Mean,      0.000190176,  0.000338070,  0.000025429,
Cor (1),    1.000000000, -0.299578201, -0.833847715,
Cor (2),   -0.299578201,  1.000000000, -0.658120146,
Cor (3),   -0.833847715, -0.658120146,  1.000000000,
VCV (1),    0.000002495, -0.000002841, -0.000001237,
VCV (2),   -0.000002841,  0.000036041, -0.000003711,
VCV (3),   -0.000001237, -0.000003711,  0.000000882,
St.dev,     0.001579500,  0.006003428,  0.000939181,
Mean,     -0.000148945, -0.000386401, -0.000102879,
Cor (1),    1.000000000, -0.892196499, -0.022445623,
Cor (2),   -0.892196499,  1.000000000, -0.185382574,
Cor (3),   -0.022445623, -0.185382574,  1.000000000,
VCV (1),    0.000028564, -0.000010189, -0.000000167,
VCV (2),   -0.000010189,  0.000004566, -0.000000553,
VCV (3),   -0.000000167, -0.000000553,  0.000001947,
St.dev,     0.005344491,  0.002136889,  0.001395315,
AutoCor,    0.532763633,  0.204008932,  0.095337875,

No.; 14; Score; 13.225823274011;
Markow Autoregressive (lag 1) bivariate joint 3 asset model uncond. params
uMean,      0.000338373,  0.000075372,  0.000011716,
VCV (1),    0.000014115, -0.000006330, -0.000001729,
VCV (2),   -0.000006330,  0.000027762, -0.000000532,
VCV (3),   -0.000001729, -0.000000532,  0.000001419,
Cor (1),    1.000000000, -0.319788308, -0.386385674,
Cor (2),   -0.319788308,  1.000000000, -0.084764113,
Cor (3),   -0.386385674, -0.084764113,  1.000000000,
St.dev,     0.003756971,  0.005268990,  0.001191405,
Skewness,  -2.129788945,  1.849741551,  0.003729476,
Kurtosis,   9.465533022,  4.927330126,  0.540133809,
AutoCor,    0.285721844,  0.297144439,  0.491287410,
Markow Autoregressive (lag 1) bivariate joint 3 asset model cond. params
uProb.,   0.875868359,  0.124131641,
Prob (1),   0.921349971,  0.078650029,
Prob (2),   0.554951755,  0.445048245,
Mean,      0.001013393, -0.001319147,  0.000010368,
Cor (1),    1.000000000, -0.774959508, -0.390756817,
Cor (2),   -0.774959508,  1.000000000, -0.259285336,
Cor (3),   -0.390756817, -0.259285336,  1.000000000,
VCV (1),    0.000003343, -0.000004048, -0.000000669,
VCV (2),   -0.000004048,  0.000008162, -0.000000693,
VCV (3),   -0.000000669, -0.000000693,  0.000000875,
St.dev,     0.001828441,  0.002856896,  0.000935668,
Mean,     -0.004424543,  0.009915049,  0.000021234,
Cor (1),    1.000000000,  0.575772803, -0.611956584,
Cor (2),    0.575772803,  1.000000000,  0.089177294,
Cor (3),   -0.611956584,  0.089177294,  1.000000000,
VCV (1),    0.000058195,  0.000030923, -0.000007378,
VCV (2),    0.000030923,  0.000049565,  0.000000992,
VCV (3),   -0.000007378,  0.000000992,  0.000002498,
St.dev,     0.007628539,  0.007040270,  0.001580382,
AutoCor,    0.261925045,  0.229464192,  0.491288539,

No.; 15; Score; 13.545065395351;
Markow Autoregressive (lag 1) bivariate joint 3 asset model uncond. params
uMean,      0.000063978,  0.000151009, -0.000057191,
VCV (1),    0.000013867,  0.000000769, -0.000000124,
VCV (2),    0.000000769,  0.000027803,  0.000001289,
VCV (3),   -0.000000124,  0.000001289,  0.000001225,
Cor (1),    1.000000000,  0.039171867, -0.030085531,
Cor (2),    0.039171867,  1.000000000,  0.220864164,
Cor (3),   -0.030085531,  0.220864164,  1.000000000,
St.dev,     0.003723907,  0.005272833,  0.001106630,
Skewness,  -0.887301243, -0.077368854,  0.022679209,
Kurtosis,   0.621210696, -0.040312779,  0.357807265,
AutoCor,    0.234059870,  0.398094806,  0.238309313,
Markow Autoregressive (lag 1) bivariate joint 3 asset model cond. params
uProb.,   0.698865803,  0.301134197,
Prob (1),   0.667360059,  0.332639941,
Prob (2),   0.771983658,  0.228016342,
Mean,      0.001812017, -0.000998169, -0.000073130,
Cor (1),    1.000000000,  0.253418237, -0.905752978,
Cor (2),    0.253418237,  1.000000000,  0.678476679,
Cor (3),   -0.905752978,  0.678476679,  1.000000000,
VCV (1),    0.000001922,  0.000001630, -0.000001175,
VCV (2),    0.000001630,  0.000021538,  0.000002947,
VCV (3),   -0.000001175,  0.000002947,  0.000000876,
St.dev,     0.001386294,  0.004640918,  0.000935917,
Mean,     -0.003992832,  0.002817996, -0.000020199,
Cor (1),    1.000000000,  0.761663470,  0.595451875,
Cor (2),    0.761663470,  1.000000000, -0.612145514,
Cor (3),    0.595451875, -0.612145514,  1.000000000,
VCV (1),    0.000010248,  0.000009365,  0.000002558,
VCV (2),    0.000009365,  0.000014753, -0.000003155,
VCV (3),    0.000002558, -0.000003155,  0.000001801,
St.dev,     0.003201289,  0.003840914,  0.001341917,
AutoCor,    0.588509915,  0.460377847,  0.238474506,

No.; 16; Score; 13.572991519337;
Markow Autoregressive (lag 1) bivariate joint 3 asset model uncond. params
uMean,      0.000079602,  0.000108496,  0.000096542,
VCV (1),    0.000014239,  0.000004141, -0.000001243,
VCV (2),    0.000004141,  0.000027688,  0.000003760,
VCV (3),   -0.000001243,  0.000003760,  0.000001315,
Cor (1),    1.000000000,  0.208549868, -0.287363834,
Cor (2),    0.208549868,  1.000000000,  0.623227432,
Cor (3),   -0.287363834,  0.623227432,  1.000000000,
St.dev,     0.003773451,  0.005261911,  0.001146644,
Skewness,  -0.040342141, -0.086802620,  0.094855057,
Kurtosis,   1.030973277,  0.003922112,  0.597501946,
AutoCor,    0.061449839,  0.476193843,  0.069860856,
Markow Autoregressive (lag 1) bivariate joint 3 asset model cond. params
uProb.,   0.654789042,  0.345210958,
Prob (1),   0.474653367,  0.525346633,
Prob (2),   0.996466684,  0.003533316,
Mean,      0.000016777, -0.000934402,  0.000037266,
Cor (1),    1.000000000,  0.230443154, -0.624305657,
Cor (2),    0.230443154,  1.000000000,  0.963831623,
Cor (3),   -0.624305657,  0.963831623,  1.000000000,
VCV (1),    0.000020254,  0.000004700, -0.000002631,
VCV (2),    0.000004700,  0.000020541,  0.000004091,
VCV (3),   -0.000002631,  0.000004091,  0.000000877,
St.dev,     0.004500397,  0.004532200,  0.000936531,
Mean,      0.000198769,  0.002086644,  0.000208974,
Cor (1),    1.000000000,  0.406619837,  0.586186627,
Cor (2),    0.406619837,  1.000000000,  0.465215962,
Cor (3),    0.586186627,  0.465215962,  1.000000000,
VCV (1),    0.000002652,  0.000002320,  0.000001385,
VCV (2),    0.000002320,  0.000012276,  0.000002365,
VCV (3),    0.000001385,  0.000002365,  0.000002106,
St.dev,     0.001628362,  0.003503718,  0.001451063,
AutoCor,    0.061756676,  0.556541873,  0.072875239,

No.; 17; Score; 13.942766369322;
Markow Autoregressive (lag 1) bivariate joint 3 asset model uncond. params
uMean,      0.000071553,  0.000426502, -0.000018465,
VCV (1),    0.000013605,  0.000002297,  0.000001492,
VCV (2),    0.000002297,  0.000028232,  0.000000129,
VCV (3),    0.000001492,  0.000000129,  0.000001408,
Cor (1),    1.000000000,  0.117208338,  0.340891511,
Cor (2),    0.117208338,  1.000000000,  0.020484023,
Cor (3),    0.340891511,  0.020484023,  1.000000000,
St.dev,     0.003688441,  0.005313389,  0.001186700,
Skewness,  -0.841651494,  0.044960623, -0.025579873,
Kurtosis,   2.341199774, -0.005004025,  0.271578620,
AutoCor,    0.135693705,  0.728351329,  0.314217889,
Markow Autoregressive (lag 1) bivariate joint 3 asset model cond. params
uProb.,   0.552670396,  0.447329604,
Prob (1),   0.388746162,  0.611253838,
Prob (2),   0.755196835,  0.244803165,
Mean,      0.001138576, -0.001086335,  0.000011932,
Cor (1),    1.000000000,  0.728723204, -0.275399126,
Cor (2),    0.728723204,  1.000000000, -0.654953712,
Cor (3),   -0.275399126, -0.654953712,  1.000000000,
VCV (1),    0.000001006,  0.000001752, -0.000000258,
VCV (2),    0.000001752,  0.000005747, -0.000001468,
VCV (3),   -0.000000258, -0.000001468,  0.000000875,
St.dev,     0.001002879,  0.002397205,  0.000935183,
Mean,     -0.001246742,  0.002295595, -0.000056020,
Cor (1),    1.000000000,  0.398010391,  0.508557115,
Cor (2),    0.398010391,  1.000000000,  0.544309420,
Cor (3),    0.508557115,  0.544309420,  1.000000000,
VCV (1),    0.000025004,  0.000005850,  0.000003367,
VCV (2),    0.000005850,  0.000008640,  0.000002119,
VCV (3),    0.000003367,  0.000002119,  0.000001753,
St.dev,     0.005000370,  0.002939338,  0.001324163,
AutoCor,    0.193600387,  0.850207753,  0.314770100,

