Round No; 6; best result RLS; 7.3165301194662

;;;
Statistical description of data for: Meginajums1
Calib/Tail/Per/Cur, 784, 9999, 23, 0,
Title,    INDEX WITH EQUAL WEIGHTS based on market value,EQUITY LM SNP,REX BOND     ,
Mean,       0.000158634,  0.000175148,  0.000011824,
VCV (1),    0.000022943, -0.000000281, -0.000000006,
VCV (2),   -0.000000281,  0.000027803, -0.000000034,
VCV (3),   -0.000000006, -0.000000034,  0.000000099,
St.dev,     0.004789897,  0.005272874,  0.000315163,
Skewness,  -1.581739356, -0.533728382, -0.333150084,
Kurtosis,  24.552038003,  6.345066446, 26.810331499,
AutoCor,   -0.072787598,  0.126724186, -0.366572783,
No.; 1; Score; 7.3165301194662;
Markow Autoregressive (lag 1) bivariate joint 3 asset model uncond. params
uMean,     -0.006113153,  0.000630201, -0.000277467,
VCV (1),    0.000059697, -0.000003452,  0.000000764,
VCV (2),   -0.000003452,  0.000059816, -0.000001113,
VCV (3),    0.000000764, -0.000001113,  0.000000201,
Cor (1),    1.000000000, -0.057760549,  0.220238533,
Cor (2),   -0.057760549,  1.000000000, -0.320543810,
Cor (3),    0.220238533, -0.320543810,  1.000000000,
St.dev,     0.007726380,  0.007734096,  0.000448753,
Skewness,  -0.074609390, -0.030971717,  0.071476706,
Kurtosis,   0.222705304, -0.058676186, -0.011517438,
AutoCor,   -0.745822736, -0.575321754, -0.035191331,
Markow Autoregressive (lag 1) bivariate joint 3 asset model cond. params
uProb.,   0.384233974,  0.615766026,
Prob (1),   0.395609849,  0.604390151,
Prob (2),   0.377135502,  0.622864498,
Mean,     -0.007209603,  0.004546917, -0.000447058,
Cor (1),    1.000000000,  0.581945801,  0.828801269,
Cor (2),    0.581945801,  1.000000000, -0.129448242,
Cor (3),    0.828801269, -0.129448242,  1.000000000,
VCV (1),    0.000041737,  0.000017868,  0.000002136,
VCV (2),    0.000017868,  0.000022587, -0.000000245,
VCV (3),    0.000002136, -0.000000245,  0.000000159,
St.dev,     0.006460410,  0.004752570,  0.000398976,
Mean,     -0.005428975, -0.001813804, -0.000171644,
Cor (1),    1.000000000, -0.564371850, -0.181632512,
Cor (2),   -0.564371850,  1.000000000, -0.397084961,
Cor (3),   -0.181632512, -0.397084961,  1.000000000,
VCV (1),    0.000015038, -0.000011751, -0.000000313,
VCV (2),   -0.000011751,  0.000028828, -0.000000949,
VCV (3),   -0.000000313, -0.000000949,  0.000000198,
St.dev,     0.003877908,  0.005369163,  0.000445059,
AutoCor,   -0.755549316, -0.688452149, -0.040441895,

No.; 2; Score; 8.9621013189451;
Markow Autoregressive (lag 1) bivariate joint 3 asset model uncond. params
uMean,      0.000139939,  0.000208368, -0.000006718,
VCV (1),    0.000014684, -0.000001531, -0.000000715,
VCV (2),   -0.000001531,  0.000037725, -0.000000072,
VCV (3),   -0.000000715, -0.000000072,  0.000000272,
Cor (1),    1.000000000, -0.065053448, -0.357645501,
Cor (2),   -0.065053448,  1.000000000, -0.022626665,
Cor (3),   -0.357645501, -0.022626665,  1.000000000,
St.dev,     0.003831962,  0.006142085,  0.000521558,
Skewness,  -0.217985817,  0.000668678, -0.157052024,
Kurtosis,  -0.153625701, -0.000003111, -0.046296481,
AutoCor,   -0.299537491,  0.160139404, -0.293776694,
Markow Autoregressive (lag 1) bivariate joint 3 asset model cond. params
uProb.,   0.539410154,  0.460589846,
Prob (1),   0.259995988,  0.740004012,
Prob (2),   0.866640205,  0.133359795,
Mean,      0.002191926,  0.000565985, -0.000218078,
Cor (1),    1.000000000, -0.844574837, -0.602036720,
Cor (2),   -0.844574837,  1.000000000,  0.416528758,
Cor (3),   -0.602036720,  0.416528758,  1.000000000,
VCV (1),    0.000008070, -0.000014536, -0.000000842,
VCV (2),   -0.000014536,  0.000036707,  0.000001243,
VCV (3),   -0.000000842,  0.000001243,  0.000000243,
St.dev,     0.002840804,  0.006058665,  0.000492590,
Mean,     -0.002263201, -0.000210447,  0.000240811,
Cor (1),    1.000000000,  0.577762531,  0.398482964,
Cor (2),    0.577762531,  1.000000000, -0.570755694,
Cor (3),    0.398482964, -0.570755694,  1.000000000,
VCV (1),    0.000011283,  0.000011712,  0.000000552,
VCV (2),    0.000011712,  0.000036419, -0.000001420,
VCV (3),    0.000000552, -0.000001420,  0.000000170,
St.dev,     0.003358953,  0.006034837,  0.000412195,
AutoCor,   -0.144256882,  0.163195797, -0.219274599,

No.; 3; Score; 11.569666424243;
Markow Autoregressive (lag 1) bivariate joint 3 asset model uncond. params
uMean,      0.000134417,  0.000129440,  0.000031652,
VCV (1),    0.000040786,  0.000012338, -0.000000306,
VCV (2),    0.000012338,  0.000047184,  0.000000533,
VCV (3),   -0.000000306,  0.000000533,  0.000000230,
Cor (1),    1.000000000,  0.281262221, -0.099788259,
Cor (2),    0.281262221,  1.000000000,  0.161885612,
Cor (3),   -0.099788259,  0.161885612,  1.000000000,
St.dev,     0.006386376,  0.006869032,  0.000479565,
Skewness,  -0.047838407,  0.313949145,  0.105703715,
Kurtosis,  -0.046455033,  0.409546255, -0.967415286,
AutoCor,   -0.153147678,  0.065926940, -0.270933203,
Markow Autoregressive (lag 1) bivariate joint 3 asset model cond. params
uProb.,   0.610745489,  0.389254511,
Prob (1),   0.461057845,  0.538942155,
Prob (2),   0.845607388,  0.154392612,
Mean,      0.002246100,  0.001579004, -0.000287024,
Cor (1),    1.000000000, -0.033501466,  0.411306762,
Cor (2),   -0.033501466,  1.000000000,  0.914288194,
Cor (3),    0.411306762,  0.914288194,  1.000000000,
VCV (1),    0.000033006, -0.000001476,  0.000000677,
VCV (2),   -0.000001476,  0.000058820,  0.000002009,
VCV (3),    0.000000677,  0.000002009,  0.000000082,
St.dev,     0.005745042,  0.007669414,  0.000286562,
Mean,     -0.003178840, -0.002144944,  0.000531659,
Cor (1),    1.000000000,  0.852607396,  0.644009511,
Cor (2),    0.852607396,  1.000000000,  0.083256118,
Cor (3),    0.644009511,  0.083256118,  1.000000000,
VCV (1),    0.000034058,  0.000021879,  0.000000862,
VCV (2),    0.000021879,  0.000019334,  0.000000084,
VCV (3),    0.000000862,  0.000000084,  0.000000053,
St.dev,     0.005835897,  0.004397063,  0.000229342,
AutoCor,   -0.105232613,  0.099767683, -0.014660799,

No.; 4; Score; 12.598337050386;
Markow Autoregressive (lag 1) bivariate joint 3 asset model uncond. params
uMean,      0.000121402,  0.000175118,  0.000006333,
VCV (1),    0.000030696,  0.000020327,  0.000000567,
VCV (2),    0.000020327,  0.000038052, -0.000000435,
VCV (3),    0.000000567, -0.000000435,  0.000000153,
Cor (1),    1.000000000,  0.594769411,  0.261996898,
Cor (2),    0.594769411,  1.000000000, -0.180401062,
Cor (3),    0.261996898, -0.180401062,  1.000000000,
St.dev,     0.005540356,  0.006168643,  0.000390740,
Skewness,  -0.010013013,  0.033112618,  0.105646422,
Kurtosis,  -0.322040054,  0.873646106,  1.256177977,
AutoCor,    0.033891233,  0.103415609,  0.037882355,
Markow Autoregressive (lag 1) bivariate joint 3 asset model cond. params
uProb.,   0.558108390,  0.441891610,
Prob (1),   0.461963460,  0.538036540,
Prob (2),   0.679539281,  0.320460719,
Mean,      0.003235157,  0.000287378,  0.000025241,
Cor (1),    1.000000000,  0.941682823,  0.303499031,
Cor (2),    0.941682823,  1.000000000, -0.235594870,
Cor (3),    0.303499031, -0.235594870,  1.000000000,
VCV (1),    0.000018418,  0.000030228,  0.000000638,
VCV (2),    0.000030228,  0.000055945, -0.000000863,
VCV (3),    0.000000638, -0.000000863,  0.000000240,
St.dev,     0.004291638,  0.007479660,  0.000489930,
Mean,     -0.003811267,  0.000033334, -0.000017548,
Cor (1),    1.000000000,  0.377218402,  0.362988329,
Cor (2),    0.377218402,  1.000000000,  0.135583482,
Cor (3),    0.362988329,  0.135583482,  1.000000000,
VCV (1),    0.000016807,  0.000005888,  0.000000301,
VCV (2),    0.000005888,  0.000014494,  0.000000104,
VCV (3),    0.000000301,  0.000000104,  0.000000041,
St.dev,     0.004099672,  0.003807121,  0.000202022,
AutoCor,    0.200789679,  0.103549931,  0.038640092,

No.; 5; Score; 12.604724512932;
Markow Autoregressive (lag 1) bivariate joint 3 asset model uncond. params
uMean,      0.000199453,  0.000152127,  0.000029305,
VCV (1),    0.000030328,  0.000011291, -0.000001456,
VCV (2),    0.000011291,  0.000040982,  0.000000792,
VCV (3),   -0.000001456,  0.000000792,  0.000000234,
Cor (1),    1.000000000,  0.320257555, -0.545958130,
Cor (2),    0.320257555,  1.000000000,  0.255460900,
Cor (3),   -0.545958130,  0.255460900,  1.000000000,
St.dev,     0.005507052,  0.006401709,  0.000484164,
Skewness,   0.251170791,  0.145696412, -0.093512778,
Kurtosis,  -0.312692811, -0.040322893,  0.035438806,
AutoCor,   -0.133453296,  0.420758379, -0.601975238,
Markow Autoregressive (lag 1) bivariate joint 3 asset model cond. params
uProb.,   0.820975490,  0.179024510,
Prob (1),   0.790037936,  0.209962064,
Prob (2),   0.962849766,  0.037150234,
Mean,     -0.001495852,  0.001042577,  0.000109771,
Cor (1),    1.000000000,  0.966731006, -0.764909435,
Cor (2),    0.966731006,  1.000000000,  0.305538189,
Cor (3),   -0.764909435,  0.305538189,  1.000000000,
VCV (1),    0.000018605,  0.000023962, -0.000001106,
VCV (2),    0.000023962,  0.000033022,  0.000000589,
VCV (3),   -0.000001106,  0.000000589,  0.000000112,
St.dev,     0.004313320,  0.005746492,  0.000335279,
Mean,      0.007973830, -0.003931322, -0.000339699,
Cor (1),    1.000000000, -0.331585857,  0.697778771,
Cor (2),   -0.331585857,  1.000000000,  0.659216084,
Cor (3),    0.697778771,  0.659216084,  1.000000000,
VCV (1),    0.000009446, -0.000003124,  0.000000754,
VCV (2),   -0.000003124,  0.000009400,  0.000000710,
VCV (3),    0.000000754,  0.000000710,  0.000000124,
St.dev,     0.003073392,  0.003065921,  0.000351458,
AutoCor,   -0.103201792,  0.478550331, -0.664219889,

No.; 6; Score; 13.546123078388;
Markow Autoregressive (lag 1) bivariate joint 3 asset model uncond. params
uMean,      0.000154395,  0.000210105,  0.000023879,
VCV (1),    0.000027945,  0.000017560, -0.000000707,
VCV (2),    0.000017560,  0.000039954, -0.000001531,
VCV (3),   -0.000000707, -0.000001531,  0.000000225,
Cor (1),    1.000000000,  0.525538021, -0.282269849,
Cor (2),    0.525538021,  1.000000000, -0.511163946,
Cor (3),   -0.282269849, -0.511163946,  1.000000000,
St.dev,     0.005286303,  0.006320912,  0.000473961,
Skewness,   0.117303073,  0.485029313,  0.453338245,
Kurtosis,  -0.427133865, -0.725350573, -0.589341986,
AutoCor,    0.112464196, -0.226681319, -0.235867488,
Markow Autoregressive (lag 1) bivariate joint 3 asset model cond. params
uProb.,   0.449799402,  0.550200598,
Prob (1),   0.260049738,  0.739950262,
Prob (2),   0.604923343,  0.395076657,
Mean,      0.004186756,  0.005991148, -0.000366293,
Cor (1),    1.000000000,  0.288467829,  0.021287713,
Cor (2),    0.288467829,  1.000000000,  0.177163022,
Cor (3),    0.021287713,  0.177163022,  1.000000000,
VCV (1),    0.000011413,  0.000004274,  0.000000014,
VCV (2),    0.000004274,  0.000019230,  0.000000154,
VCV (3),    0.000000014,  0.000000154,  0.000000039,
St.dev,     0.003378386,  0.004385189,  0.000198157,
Mean,     -0.003142136, -0.004516007,  0.000342852,
Cor (1),    1.000000000, -0.730431616,  0.905634521,
Cor (2),   -0.730431616,  1.000000000,  0.429319560,
Cor (3),    0.905634521,  0.429319560,  1.000000000,
VCV (1),    0.000009893, -0.000006173,  0.000001096,
VCV (2),   -0.000006173,  0.000007219,  0.000000444,
VCV (3),    0.000001096,  0.000000444,  0.000000148,
St.dev,     0.003145373,  0.002686815,  0.000384902,
AutoCor,    0.527371334,  0.028956364, -0.100455163,

No.; 7; Score; 16.505640709407;
Markow Autoregressive (lag 1) bivariate joint 3 asset model uncond. params
uMean,      0.000178697,  0.000220947,  0.000047202,
VCV (1),    0.000025153,  0.000016130, -0.000000021,
VCV (2),    0.000016130,  0.000060441,  0.000000984,
VCV (3),   -0.000000021,  0.000000984,  0.000000557,
Cor (1),    1.000000000,  0.413698293, -0.005736388,
Cor (2),    0.413698293,  1.000000000,  0.169554404,
Cor (3),   -0.005736388,  0.169554404,  1.000000000,
St.dev,     0.005015287,  0.007774363,  0.000746251,
Skewness,  -0.062754665, -0.623620646, -0.332119261,
Kurtosis,   0.130006098,  0.681671680,  0.149134657,
AutoCor,   -0.345194378, -0.079331858, -0.528262005,
Markow Autoregressive (lag 1) bivariate joint 3 asset model cond. params
uProb.,   0.570295424,  0.429704576,
Prob (1),   0.784671575,  0.215328425,
Prob (2),   0.285779632,  0.714220368,
Mean,     -0.000257077, -0.002453855, -0.000238492,
Cor (1),    1.000000000,  0.324873769, -0.359812558,
Cor (2),    0.324873769,  1.000000000,  0.003641503,
Cor (3),   -0.359812558,  0.003641503,  1.000000000,
VCV (1),    0.000026082,  0.000014556, -0.000000954,
VCV (2),    0.000014556,  0.000076963,  0.000000017,
VCV (3),   -0.000000954,  0.000000017,  0.000000269,
St.dev,     0.005107099,  0.008772863,  0.000518954,
Mean,      0.000757048,  0.003770891,  0.000426369,
Cor (1),    1.000000000,  0.881083629,  0.989689832,
Cor (2),    0.881083629,  1.000000000, -0.098586535,
Cor (3),    0.989689832, -0.098586535,  1.000000000,
VCV (1),    0.000016082,  0.000012374,  0.000000950,
VCV (2),    0.000012374,  0.000012265, -0.000000083,
VCV (3),    0.000000950, -0.000000083,  0.000000057,
St.dev,     0.004010229,  0.003502079,  0.000239480,
AutoCor,   -0.353737603, -0.187103543, -0.776313117,

