Round No; 7; best result RLS; 7.3165301194662

;;;
Statistical description of data for: Meginajums1
Calib/Tail/Per/Cur, 784, 9999, 23, 0,
Title,    INDEX WITH EQUAL WEIGHTS based on market value,EQUITY LM SNP,REX BOND     ,
Mean,       0.000158634,  0.000175148,  0.000011824,
VCV (1),    0.000022943, -0.000000281, -0.000000006,
VCV (2),   -0.000000281,  0.000027803, -0.000000034,
VCV (3),   -0.000000006, -0.000000034,  0.000000099,
St.dev,     0.004789897,  0.005272874,  0.000315163,
Skewness,  -1.581739356, -0.533728382, -0.333150084,
Kurtosis,  24.552038003,  6.345066446, 26.810331499,
AutoCor,   -0.072787598,  0.126724186, -0.366572783,
No.; 1; Score; 7.3165301194662;
Markow Autoregressive (lag 1) bivariate joint 3 asset model uncond. params
uMean,     -0.006113153,  0.000630201, -0.000277467,
VCV (1),    0.000059697, -0.000003452,  0.000000764,
VCV (2),   -0.000003452,  0.000059816, -0.000001113,
VCV (3),    0.000000764, -0.000001113,  0.000000201,
Cor (1),    1.000000000, -0.057760549,  0.220238533,
Cor (2),   -0.057760549,  1.000000000, -0.320543810,
Cor (3),    0.220238533, -0.320543810,  1.000000000,
St.dev,     0.007726380,  0.007734096,  0.000448753,
Skewness,  -0.074609390, -0.030971717,  0.071476706,
Kurtosis,   0.222705304, -0.058676186, -0.011517438,
AutoCor,   -0.745822736, -0.575321754, -0.035191331,
Markow Autoregressive (lag 1) bivariate joint 3 asset model cond. params
uProb.,   0.384233974,  0.615766026,
Prob (1),   0.395609849,  0.604390151,
Prob (2),   0.377135502,  0.622864498,
Mean,     -0.007209603,  0.004546917, -0.000447058,
Cor (1),    1.000000000,  0.581945801,  0.828801269,
Cor (2),    0.581945801,  1.000000000, -0.129448242,
Cor (3),    0.828801269, -0.129448242,  1.000000000,
VCV (1),    0.000041737,  0.000017868,  0.000002136,
VCV (2),    0.000017868,  0.000022587, -0.000000245,
VCV (3),    0.000002136, -0.000000245,  0.000000159,
St.dev,     0.006460410,  0.004752570,  0.000398976,
Mean,     -0.005428975, -0.001813804, -0.000171644,
Cor (1),    1.000000000, -0.564371850, -0.181632512,
Cor (2),   -0.564371850,  1.000000000, -0.397084961,
Cor (3),   -0.181632512, -0.397084961,  1.000000000,
VCV (1),    0.000015038, -0.000011751, -0.000000313,
VCV (2),   -0.000011751,  0.000028828, -0.000000949,
VCV (3),   -0.000000313, -0.000000949,  0.000000198,
St.dev,     0.003877908,  0.005369163,  0.000445059,
AutoCor,   -0.755549316, -0.688452149, -0.040441895,

No.; 2; Score; 8.9473614140967;
Markow Autoregressive (lag 1) bivariate joint 3 asset model uncond. params
uMean,      0.000139911,  0.000206895, -0.000006784,
VCV (1),    0.000014678, -0.000001530, -0.000000714,
VCV (2),   -0.000001530,  0.000037694, -0.000000073,
VCV (3),   -0.000000714, -0.000000073,  0.000000272,
Cor (1),    1.000000000, -0.065043412, -0.357595352,
Cor (2),   -0.065043412,  1.000000000, -0.022669095,
Cor (3),   -0.357595352, -0.022669095,  1.000000000,
St.dev,     0.003831151,  0.006139553,  0.000521530,
Skewness,  -0.217927706,  0.000652402, -0.156951974,
Kurtosis,  -0.152659859, -0.000005787, -0.046322684,
AutoCor,   -0.298855881,  0.159759975, -0.293912475,
Markow Autoregressive (lag 1) bivariate joint 3 asset model cond. params
uProb.,   0.539475445,  0.460524555,
Prob (1),   0.260180791,  0.739819209,
Prob (2),   0.866651500,  0.133348500,
Mean,      0.002189176,  0.000566160, -0.000218081,
Cor (1),    1.000000000, -0.844342580, -0.602057012,
Cor (2),   -0.844342580,  1.000000000,  0.416438453,
Cor (3),   -0.602057012,  0.416438453,  1.000000000,
VCV (1),    0.000008077, -0.000014532, -0.000000843,
VCV (2),   -0.000014532,  0.000036676,  0.000001242,
VCV (3),   -0.000000843,  0.000001242,  0.000000243,
St.dev,     0.002841936,  0.006056098,  0.000492537,
Mean,     -0.002260674, -0.000213960,  0.000240736,
Cor (1),    1.000000000,  0.577510442,  0.398114172,
Cor (2),    0.577510442,  1.000000000, -0.570413964,
Cor (3),    0.398114172, -0.570413964,  1.000000000,
VCV (1),    0.000011290,  0.000011707,  0.000000551,
VCV (2),    0.000011707,  0.000036396, -0.000001418,
VCV (3),    0.000000551, -0.000001418,  0.000000170,
St.dev,     0.003360095,  0.006032927,  0.000412168,
AutoCor,   -0.143778318,  0.162845853, -0.219504835,

No.; 3; Score; 11.54978871187;
Markow Autoregressive (lag 1) bivariate joint 3 asset model uncond. params
uMean,      0.000132754,  0.000126809,  0.000031547,
VCV (1),    0.000040764,  0.000012310, -0.000000305,
VCV (2),    0.000012310,  0.000047134,  0.000000535,
VCV (3),   -0.000000305,  0.000000535,  0.000000230,
Cor (1),    1.000000000,  0.280835381, -0.099452320,
Cor (2),    0.280835381,  1.000000000,  0.162429345,
Cor (3),   -0.099452320,  0.162429345,  1.000000000,
St.dev,     0.006384688,  0.006865453,  0.000479658,
Skewness,  -0.047851887,  0.313417088,  0.105942692,
Kurtosis,  -0.046165697,  0.410567476, -0.967831106,
AutoCor,   -0.152901537,  0.065745550, -0.271285436,
Markow Autoregressive (lag 1) bivariate joint 3 asset model cond. params
uProb.,   0.610701824,  0.389298176,
Prob (1),   0.460897243,  0.539102757,
Prob (2),   0.845704033,  0.154295967,
Mean,      0.002241646,  0.001572230, -0.000287267,
Cor (1),    1.000000000, -0.033794517,  0.411125608,
Cor (2),   -0.033794517,  1.000000000,  0.914590335,
Cor (3),    0.411125608,  0.914590335,  1.000000000,
VCV (1),    0.000033001, -0.000001489,  0.000000677,
VCV (2),   -0.000001489,  0.000058787,  0.000002009,
VCV (3),    0.000000677,  0.000002009,  0.000000082,
St.dev,     0.005744680,  0.007667298,  0.000286504,
Mean,     -0.003175517, -0.002140661,  0.000531677,
Cor (1),    1.000000000,  0.852665279,  0.644268587,
Cor (2),    0.852665279,  1.000000000,  0.083336483,
Cor (3),    0.644268587,  0.083336483,  1.000000000,
VCV (1),    0.000034063,  0.000021875,  0.000000862,
VCV (2),    0.000021875,  0.000019322,  0.000000084,
VCV (3),    0.000000862,  0.000000084,  0.000000053,
St.dev,     0.005836393,  0.004395651,  0.000229351,
AutoCor,   -0.105015308,  0.099415500, -0.014983631,

No.; 4; Score; 12.572827081287;
Markow Autoregressive (lag 1) bivariate joint 3 asset model uncond. params
uMean,      0.000120030,  0.000176603,  0.000006423,
VCV (1),    0.000030670,  0.000020326,  0.000000567,
VCV (2),    0.000020326,  0.000038025, -0.000000435,
VCV (3),    0.000000567, -0.000000435,  0.000000153,
Cor (1),    1.000000000,  0.595186239,  0.261920149,
Cor (2),    0.595186239,  1.000000000, -0.180513002,
Cor (3),    0.261920149, -0.180513002,  1.000000000,
St.dev,     0.005538052,  0.006166426,  0.000390735,
Skewness,  -0.010255077,  0.033759575,  0.105256986,
Kurtosis,  -0.321502994,  0.874029229,  1.256684712,
AutoCor,    0.033694722,  0.103238556,  0.037262877,
Markow Autoregressive (lag 1) bivariate joint 3 asset model cond. params
uProb.,   0.558175272,  0.441824728,
Prob (1),   0.461999016,  0.538000984,
Prob (2),   0.679678674,  0.320321326,
Mean,      0.003230875,  0.000290974,  0.000025254,
Cor (1),    1.000000000,  0.941766427,  0.303755383,
Cor (2),    0.941766427,  1.000000000, -0.235630393,
Cor (3),    0.303755383, -0.235630393,  1.000000000,
VCV (1),    0.000018412,  0.000030215,  0.000000639,
VCV (2),    0.000030215,  0.000055907, -0.000000863,
VCV (3),    0.000000639, -0.000000863,  0.000000240,
St.dev,     0.004290918,  0.007477123,  0.000489940,
Mean,     -0.003810027,  0.000032113, -0.000017368,
Cor (1),    1.000000000,  0.377096827,  0.362367026,
Cor (2),    0.377096827,  1.000000000,  0.135133691,
Cor (3),    0.362367026,  0.135133691,  1.000000000,
VCV (1),    0.000016810,  0.000005883,  0.000000300,
VCV (2),    0.000005883,  0.000014476,  0.000000104,
VCV (3),    0.000000300,  0.000000104,  0.000000041,
St.dev,     0.004099978,  0.003804768,  0.000201958,
AutoCor,    0.200318776,  0.103378086,  0.038013207,

No.; 5; Score; 12.577387695717;
Markow Autoregressive (lag 1) bivariate joint 3 asset model uncond. params
uMean,      0.000205831,  0.000156789,  0.000029389,
VCV (1),    0.000030305,  0.000011268, -0.000001456,
VCV (2),    0.000011268,  0.000040957,  0.000000793,
VCV (3),   -0.000001456,  0.000000793,  0.000000234,
Cor (1),    1.000000000,  0.319824159, -0.546386264,
Cor (2),    0.319824159,  1.000000000,  0.255853317,
Cor (3),   -0.546386264,  0.255853317,  1.000000000,
St.dev,     0.005504974,  0.006399755,  0.000484037,
Skewness,   0.250682559,  0.145936633, -0.094050121,
Kurtosis,  -0.313195669, -0.041033890,  0.035779038,
AutoCor,   -0.133411825,  0.420242489, -0.601390037,
Markow Autoregressive (lag 1) bivariate joint 3 asset model cond. params
uProb.,   0.820834303,  0.179165697,
Prob (1),   0.789856725,  0.210143275,
Prob (2),   0.962755770,  0.037244230,
Mean,     -0.001489551,  0.001049507,  0.000109999,
Cor (1),    1.000000000,  0.966789163, -0.765254599,
Cor (2),    0.966789163,  1.000000000,  0.305237730,
Cor (3),   -0.765254599,  0.305237730,  1.000000000,
VCV (1),    0.000018594,  0.000023949, -0.000001106,
VCV (2),    0.000023949,  0.000033001,  0.000000588,
VCV (3),   -0.000001106,  0.000000588,  0.000000112,
St.dev,     0.004312062,  0.005744685,  0.000335264,
Mean,      0.007973099, -0.003933130, -0.000339918,
Cor (1),    1.000000000, -0.331396946,  0.697791521,
Cor (2),   -0.331396946,  1.000000000,  0.659193557,
Cor (3),    0.697791521,  0.659193557,  1.000000000,
VCV (1),    0.000009442, -0.000003121,  0.000000754,
VCV (2),   -0.000003121,  0.000009392,  0.000000710,
VCV (3),    0.000000754,  0.000000710,  0.000000124,
St.dev,     0.003072823,  0.003064700,  0.000351614,
AutoCor,   -0.103067564,  0.478293754, -0.663760079,

No.; 6; Score; 13.521145808765;
Markow Autoregressive (lag 1) bivariate joint 3 asset model uncond. params
uMean,      0.000156310,  0.000212370,  0.000023908,
VCV (1),    0.000027959,  0.000017569, -0.000000709,
VCV (2),    0.000017569,  0.000039908, -0.000001529,
VCV (3),   -0.000000709, -0.000001529,  0.000000225,
Cor (1),    1.000000000,  0.525956495, -0.282929747,
Cor (2),    0.525956495,  1.000000000, -0.510811011,
Cor (3),   -0.282929747, -0.510811011,  1.000000000,
St.dev,     0.005287666,  0.006317260,  0.000473961,
Skewness,   0.117401247,  0.484708525,  0.453735416,
Kurtosis,  -0.428705494, -0.724943390, -0.588697199,
AutoCor,    0.111568446, -0.226367016, -0.235933686,
Markow Autoregressive (lag 1) bivariate joint 3 asset model cond. params
uProb.,   0.449954591,  0.550045409,
Prob (1),   0.260269322,  0.739730678,
Prob (2),   0.605123158,  0.394876842,
Mean,      0.004191911,  0.005986951, -0.000366117,
Cor (1),    1.000000000,  0.288810013,  0.021171044,
Cor (2),    0.288810013,  1.000000000,  0.177632588,
Cor (3),    0.021171044,  0.177632588,  1.000000000,
VCV (1),    0.000011410,  0.000004277,  0.000000014,
VCV (2),    0.000004277,  0.000019221,  0.000000154,
VCV (3),    0.000000014,  0.000000154,  0.000000039,
St.dev,     0.003377816,  0.004384192,  0.000198185,
Mean,     -0.003144939, -0.004511421,  0.000342961,
Cor (1),    1.000000000, -0.730813511,  0.905448729,
Cor (2),   -0.730813511,  1.000000000,  0.429702689,
Cor (3),    0.905448729,  0.429702689,  1.000000000,
VCV (1),    0.000009886, -0.000006173,  0.000001096,
VCV (2),   -0.000006173,  0.000007218,  0.000000444,
VCV (3),    0.000001096,  0.000000444,  0.000000148,
St.dev,     0.003144245,  0.002686625,  0.000384955,
AutoCor,    0.527004902,  0.029540182, -0.100664996,

