Round No; 5; best result RLS; 25.353608775347

;;;
No.; 1; Score; 25.353608775347;
Markow Autoregressive (lag 1) bivariate joint 3 asset model uncond. params
uMean,      0.001757894,  0.001034113,  0.000170227,
VCV (1),    0.000002893,  0.000001748, -0.000000083,
VCV (2),    0.000001748,  0.000001373,  0.000000189,
VCV (3),   -0.000000083,  0.000000189,  0.000001010,
Cor (1),    1.000000000,  0.877022445, -0.048320901,
Cor (2),    0.877022445,  1.000000000,  0.160468960,
Cor (3),   -0.048320901,  0.160468960,  1.000000000,
St.dev,     0.001700999,  0.001171708,  0.001004779,
Skewness,   0.082463925, -0.384484011,  0.114673327,
Kurtosis,   0.262274194,  1.369609226,  0.436635565,
AutoCor,    0.030158796,  0.152638534,  0.055795402,
Markow Autoregressive (lag 1) bivariate joint 3 asset model cond. params
uProb.,   0.990159652,  0.009840348,
Prob (1),   0.994020172,  0.005979828,
Prob (2),   0.601704790,  0.398295210,
Mean,      0.001736427,  0.001072004,  0.000157179,
Cor (1),    1.000000000,  0.991857219, -0.040691440,
Cor (2),    0.991857219,  1.000000000,  0.223272001,
Cor (3),   -0.040691440,  0.223272001,  1.000000000,
VCV (1),    0.000002798,  0.000001820, -0.000000067,
VCV (2),    0.000001820,  0.000001203,  0.000000241,
VCV (3),   -0.000000067,  0.000000241,  0.000000966,
St.dev,     0.001672733,  0.001096836,  0.000982910,
Mean,      0.003917991, -0.002778548,  0.001483087,
Cor (1),    1.000000000,  0.607672802, -0.888300611,
Cor (2),    0.607672802,  1.000000000, -0.046965436,
Cor (3),   -0.888300611, -0.046965436,  1.000000000,
VCV (1),    0.000007606,  0.000002279, -0.000004511,
VCV (2),    0.000002279,  0.000001849, -0.000000118,
VCV (3),   -0.000004511, -0.000000118,  0.000003391,
St.dev,     0.002757961,  0.001359864,  0.001841372,
AutoCor,    0.024260099,  0.124452405,  0.049987169,

No.; 2; Score; 30.843943838165;
Markow Autoregressive (lag 1) bivariate joint 3 asset model uncond. params
uMean,      0.001381352,  0.000749449,  0.003065474,
VCV (1),    0.000026884, -0.000000765, -0.000000027,
VCV (2),   -0.000000765,  0.000003628, -0.000000120,
VCV (3),   -0.000000027, -0.000000120,  0.000001039,
Cor (1),    1.000000000, -0.077418512, -0.005021250,
Cor (2),   -0.077418512,  1.000000000, -0.062036029,
Cor (3),   -0.005021250, -0.062036029,  1.000000000,
St.dev,     0.005184958,  0.001904744,  0.001019486,
Skewness,  -0.081480600,  1.131213768,  0.166999525,
Kurtosis,   0.091052321, 22.875173164,  0.503349027,
AutoCor,    0.055518037,  0.450926831,  0.235875632,
Markow Autoregressive (lag 1) bivariate joint 3 asset model cond. params
uProb.,   0.975039771,  0.024960229,
Prob (1),   0.977552215,  0.022447785,
Prob (2),   0.876894329,  0.123105671,
Mean,      0.001592103,  0.000705652,  0.003036100,
Cor (1),    1.000000000,  0.010719783,  0.015367731,
Cor (2),    0.010719783,  1.000000000, -0.192168760,
Cor (3),    0.015367731, -0.192168760,  1.000000000,
VCV (1),    0.000025183,  0.000000062,  0.000000073,
VCV (2),    0.000000062,  0.000001340, -0.000000212,
VCV (3),    0.000000073, -0.000000212,  0.000000907,
St.dev,     0.005018299,  0.001157478,  0.000952524,
Mean,     -0.006851367,  0.002460325,  0.004212924,
Cor (1),    1.000000000, -0.512714360,  0.775872785,
Cor (2),   -0.512714360,  1.000000000,  0.178008412,
Cor (3),    0.775872785,  0.178008412,  1.000000000,
VCV (1),    0.000021030, -0.000018230,  0.000005647,
VCV (2),   -0.000018230,  0.000060114,  0.000002190,
VCV (3),    0.000005647,  0.000002190,  0.000002519,
St.dev,     0.004585893,  0.007753345,  0.001587056,
AutoCor,    0.052403763,  0.458313608,  0.240407556,

No.; 3; Score; 31.161440042498;
Markow Autoregressive (lag 1) bivariate joint 3 asset model uncond. params
uMean,      0.001636654,  0.003677966, -0.004551437,
VCV (1),    0.000011528,  0.000006022, -0.000000017,
VCV (2),    0.000006022,  0.000009673, -0.000000116,
VCV (3),   -0.000000017, -0.000000116,  0.000001030,
Cor (1),    1.000000000,  0.570283101, -0.004800634,
Cor (2),    0.570283101,  1.000000000, -0.036668520,
Cor (3),   -0.004800634, -0.036668520,  1.000000000,
St.dev,     0.003395245,  0.003110183,  0.001014736,
Skewness,   0.037318198,  0.226898111, -0.166914331,
Kurtosis,  -0.023855794, 10.380465816,  0.463328570,
AutoCor,    0.021914673,  0.083793446,  0.152727460,
Markow Autoregressive (lag 1) bivariate joint 3 asset model cond. params
uProb.,   0.940886502,  0.059113498,
Prob (1),   0.955102501,  0.044897499,
Prob (2),   0.714615988,  0.285384012,
Mean,      0.001779673,  0.003646198, -0.004508965,
Cor (1),    1.000000000,  0.742453261, -0.094034996,
Cor (2),    0.742453261,  1.000000000,  0.013242383,
Cor (3),   -0.094034996,  0.013242383,  1.000000000,
VCV (1),    0.000011515,  0.000005691, -0.000000303,
VCV (2),    0.000005691,  0.000005102,  0.000000028,
VCV (3),   -0.000000303,  0.000000028,  0.000000902,
St.dev,     0.003393373,  0.002258824,  0.000949623,
Mean,     -0.000639715,  0.004183615, -0.005227450,
Cor (1),    1.000000000,  0.553535188,  0.790417289,
Cor (2),    0.553535188,  1.000000000, -0.151871340,
Cor (3),    0.790417289, -0.151871340,  1.000000000,
VCV (1),    0.000006177,  0.000012382,  0.000002912,
VCV (2),    0.000012382,  0.000081016, -0.000002027,
VCV (3),    0.000002912, -0.000002027,  0.000002198,
St.dev,     0.002485296,  0.009000867,  0.001482478,
AutoCor,    0.015562406,  0.083532802,  0.150210210,

No.; 4; Score; 33.559443138035;
Markow Autoregressive (lag 1) bivariate joint 3 asset model uncond. params
uMean,     -0.000923550,  0.004884801,  0.004025822,
VCV (1),    0.000070521, -0.000002845,  0.000000044,
VCV (2),   -0.000002845,  0.000015362,  0.000000005,
VCV (3),    0.000000044,  0.000000005,  0.000000950,
Cor (1),    1.000000000, -0.086443105,  0.005412421,
Cor (2),   -0.086443105,  1.000000000,  0.001388121,
Cor (3),    0.005412421,  0.001388121,  1.000000000,
St.dev,     0.008397677,  0.003919390,  0.000974611,
Skewness,   0.028371503,  0.057336357,  0.026911044,
Kurtosis,  -0.021934748,  0.324592261,  0.268695721,
AutoCor,    0.008567125,  0.594280580,  0.185305776,
Markow Autoregressive (lag 1) bivariate joint 3 asset model cond. params
uProb.,   0.982344805,  0.017655195,
Prob (1),   0.988158284,  0.011841716,
Prob (2),   0.658879581,  0.341120419,
Mean,     -0.000789139,  0.004850558,  0.004021844,
Cor (1),    1.000000000, -0.114992308,  0.019854184,
Cor (2),   -0.114992308,  1.000000000, -0.004647200,
Cor (3),    0.019854184, -0.004647200,  1.000000000,
VCV (1),    0.000070593, -0.000002956,  0.000000156,
VCV (2),   -0.000002956,  0.000009359, -0.000000013,
VCV (3),    0.000000156, -0.000000013,  0.000000880,
St.dev,     0.008401940,  0.003059250,  0.000937888,
Mean,     -0.008402257,  0.006790114,  0.004247146,
Cor (1),    1.000000000,  0.947304692, -0.848884331,
Cor (2),    0.947304692,  1.000000000,  0.058700948,
Cor (3),   -0.848884331,  0.058700948,  1.000000000,
VCV (1),    0.000009538,  0.000018155, -0.000004514,
VCV (2),    0.000018155,  0.000038505,  0.000000627,
VCV (3),   -0.000004514,  0.000000627,  0.000002965,
St.dev,     0.003088413,  0.006205251,  0.001721833,
AutoCor,    0.003929528,  0.595410902,  0.185172213,

No.; 5; Score; 34.169460146265;
Markow Autoregressive (lag 1) bivariate joint 3 asset model uncond. params
uMean,      0.005109343,  0.003396623,  0.005252454,
VCV (1),    0.000005269,  0.000003049,  0.000000019,
VCV (2),    0.000003049,  0.000023026,  0.000000003,
VCV (3),    0.000000019,  0.000000003,  0.000001070,
Cor (1),    1.000000000,  0.276807915,  0.007906918,
Cor (2),    0.276807915,  1.000000000,  0.000504343,
Cor (3),    0.007906918,  0.000504343,  1.000000000,
St.dev,     0.002295487,  0.004798556,  0.001034293,
Skewness,  -0.005120104, -0.005454166, -0.001566200,
Kurtosis,   0.019771998,  0.016518937,  0.246333091,
AutoCor,    0.023351232,  0.244817966,  0.408361285,
Markow Autoregressive (lag 1) bivariate joint 3 asset model cond. params
uProb.,   0.999731909,  0.000268091,
Prob (1),   0.999791127,  0.000208873,
Prob (2),   0.778904251,  0.221095749,
Mean,      0.005110504,  0.003399925,  0.005252485,
Cor (1),    1.000000000,  0.282702051,  0.010042201,
Cor (2),    0.282702051,  1.000000000,  0.001508000,
Cor (3),    0.010042201,  0.001508000,  1.000000000,
VCV (1),    0.000005258,  0.000003013,  0.000000022,
VCV (2),    0.000003013,  0.000021605,  0.000000007,
VCV (3),    0.000000022,  0.000000007,  0.000000887,
St.dev,     0.002293102,  0.004648077,  0.000941594,
Mean,      0.000780458, -0.008916703,  0.005135772,
Cor (1),    1.000000000,  0.833520153, -0.677430448,
Cor (2),    0.833520153,  1.000000000, -0.718533127,
Cor (3),   -0.677430448, -0.718533127,  1.000000000,
VCV (1),    0.000016798,  0.000019259, -0.000011996,
VCV (2),    0.000019259,  0.000031782, -0.000017502,
VCV (3),   -0.000011996, -0.000017502,  0.000018668,
St.dev,     0.004098588,  0.005637521,  0.004320643,
AutoCor,    0.023162668,  0.244860297,  0.408361924,

No.; 6; Score; 37.117518523051;
Markow Autoregressive (lag 1) bivariate joint 3 asset model uncond. params
uMean,      0.000503122,  0.003760022,  0.002732551,
VCV (1),    0.000002279,  0.000001485,  0.000000099,
VCV (2),    0.000001485,  0.000221019,  0.000000012,
VCV (3),    0.000000099,  0.000000012,  0.000000979,
Cor (1),    1.000000000,  0.066167945,  0.066343439,
Cor (2),    0.066167945,  1.000000000,  0.000796137,
Cor (3),    0.066343439,  0.000796137,  1.000000000,
St.dev,     0.001509702,  0.014866709,  0.000989421,
Skewness,  -0.605079909, -0.000223418, -0.017778509,
Kurtosis,   7.714180335,  0.000217929,  0.256208167,
AutoCor,    0.034169599,  0.619294828,  0.238274668,
Markow Autoregressive (lag 1) bivariate joint 3 asset model cond. params
uProb.,   0.998980733,  0.001019267,
Prob (1),   0.999435882,  0.000564118,
Prob (2),   0.552890631,  0.447109369,
Mean,      0.000511665,  0.003756188,  0.002733213,
Cor (1),    1.000000000,  0.090798495,  0.061169229,
Cor (2),    0.090798495,  1.000000000,  0.002022682,
Cor (3),    0.061169229,  0.002022682,  1.000000000,
VCV (1),    0.000002148,  0.000001553,  0.000000086,
VCV (2),    0.000001553,  0.000136298,  0.000000023,
VCV (3),    0.000000086,  0.000000023,  0.000000915,
St.dev,     0.001465489,  0.011674693,  0.000956309,
Mean,     -0.007870011,  0.007517476,  0.002083830,
Cor (1),    1.000000000, -0.770455113,  0.310413908,
Cor (2),   -0.770455113,  1.000000000, -0.378639451,
Cor (3),    0.310413908, -0.378639451,  1.000000000,
VCV (1),    0.000060085, -0.000053232,  0.000007314,
VCV (2),   -0.000053232,  0.000079447, -0.000010258,
VCV (3),    0.000007314, -0.000010258,  0.000009239,
St.dev,     0.007751463,  0.008913322,  0.003039560,
AutoCor,    0.020807762,  0.619306088,  0.238183278,

No.; 7; Score; 39.788900705798;
Markow Autoregressive (lag 1) bivariate joint 3 asset model uncond. params
uMean,     -0.003625363,  0.004537281, -0.001413975,
VCV (1),    0.000012618, -0.000000849, -0.000000092,
VCV (2),   -0.000000849,  0.000152780, -0.000000135,
VCV (3),   -0.000000092, -0.000000135,  0.000001066,
Cor (1),    1.000000000, -0.019327151, -0.025128734,
Cor (2),   -0.019327151,  1.000000000, -0.010612947,
Cor (3),   -0.025128734, -0.010612947,  1.000000000,
St.dev,     0.003552144,  0.012360432,  0.001032293,
Skewness,   0.763219531,  0.004677343, -0.535934150,
Kurtosis,  10.393252060,  0.030342352,  2.682428226,
AutoCor,    0.046445615,  0.273297427,  0.076230937,
Markow Autoregressive (lag 1) bivariate joint 3 asset model cond. params
uProb.,   0.985285404,  0.014714596,
Prob (1),   0.985385222,  0.014614778,
Prob (2),   0.978601641,  0.021398359,
Mean,     -0.003688347,  0.004560471, -0.001380799,
Cor (1),    1.000000000, -0.013524421,  0.036237541,
Cor (2),   -0.013524421,  1.000000000, -0.006444948,
Cor (3),    0.036237541, -0.006444948,  1.000000000,
VCV (1),    0.000009708, -0.000000504,  0.000000108,
VCV (2),   -0.000000504,  0.000143237, -0.000000074,
VCV (3),    0.000000108, -0.000000074,  0.000000921,
St.dev,     0.003115776,  0.011968179,  0.000959739,
Mean,      0.000592062,  0.002984487, -0.003635411,
Cor (1),    1.000000000, -0.328097997, -0.127714130,
Cor (2),   -0.328097997,  1.000000000, -0.878864178,
Cor (3),   -0.127714130, -0.878864178,  1.000000000,
VCV (1),    0.000187518, -0.000016593, -0.000004022,
VCV (2),   -0.000016593,  0.000013640, -0.000007464,
VCV (3),   -0.000004022, -0.000007464,  0.000005288,
St.dev,     0.013693722,  0.003693224,  0.002299633,
AutoCor,    0.047298549,  0.273360257,  0.081390683,

No.; 8; Score; 42.758482056578;
Markow Autoregressive (lag 1) bivariate joint 3 asset model uncond. params
uMean,      0.001047539, -0.006218299,  0.005411844,
VCV (1),    0.000000916,  0.000000236, -0.000000090,
VCV (2),    0.000000236,  0.000001747,  0.000000037,
VCV (3),   -0.000000090,  0.000000037,  0.000000981,
Cor (1),    1.000000000,  0.186596026, -0.094465460,
Cor (2),    0.186596026,  1.000000000,  0.028393299,
Cor (3),   -0.094465460,  0.028393299,  1.000000000,
St.dev,     0.000957147,  0.001321823,  0.000990523,
Skewness,  -0.127234782,  0.021387927,  0.039684566,
Kurtosis,   1.464774074,  0.316992699,  2.183592803,
AutoCor,    0.034551639,  0.198973824,  0.258385743,
Markow Autoregressive (lag 1) bivariate joint 3 asset model cond. params
uProb.,   0.999837588,  0.000162412,
Prob (1),   0.999878567,  0.000121433,
Prob (2),   0.747559842,  0.252440158,
Mean,      0.001048755, -0.006218704,  0.005411645,
Cor (1),    1.000000000,  0.195212917, -0.098322756,
Cor (2),    0.195212917,  1.000000000,  0.026915809,
Cor (3),   -0.098322756,  0.026915809,  1.000000000,
VCV (1),    0.000000904,  0.000000240, -0.000000089,
VCV (2),    0.000000240,  0.000001671,  0.000000033,
VCV (3),   -0.000000089,  0.000000033,  0.000000905,
St.dev,     0.000950866,  0.001292627,  0.000951407,
Mean,     -0.006436490, -0.003727089,  0.006637799,
Cor (1),    1.000000000, -0.635111176,  0.344273202,
Cor (2),   -0.635111176,  1.000000000,  0.206992081,
Cor (3),    0.344273202,  0.206992081,  1.000000000,
VCV (1),    0.000012827, -0.000014370,  0.000009856,
VCV (2),   -0.000014370,  0.000039911,  0.000010452,
VCV (3),    0.000009856,  0.000010452,  0.000063890,
St.dev,     0.003581460,  0.006317522,  0.007993153,
AutoCor,    0.032367249,  0.198943027,  0.258387253,

No.; 9; Score; 47.95749645484;
Markow Autoregressive (lag 1) bivariate joint 3 asset model uncond. params
uMean,     -0.003864328, -0.002094250,  0.002256727,
VCV (1),    0.000017459, -0.000009539,  0.000000064,
VCV (2),   -0.000009539,  0.000073315, -0.000000091,
VCV (3),    0.000000064, -0.000000091,  0.000001350,
Cor (1),    1.000000000, -0.266617528,  0.013277252,
Cor (2),   -0.266617528,  1.000000000, -0.009097328,
Cor (3),    0.013277252, -0.009097328,  1.000000000,
St.dev,     0.004178354,  0.008562407,  0.001161962,
Skewness,  -1.019077874, -0.361873134,  0.101402631,
Kurtosis,   0.684272599,  0.384815064,  0.217531537,
AutoCor,    0.063382676,  0.201304616,  0.131708051,
Markow Autoregressive (lag 1) bivariate joint 3 asset model cond. params
uProb.,   0.759056657,  0.240943343,
Prob (1),   0.770195044,  0.229804956,
Prob (2),   0.723966804,  0.276033196,
Mean,     -0.002000104, -0.003436398,  0.002170323,
Cor (1),    1.000000000, -0.178779090,  0.141820586,
Cor (2),   -0.178779090,  1.000000000, -0.117758796,
Cor (3),    0.141820586, -0.117758796,  1.000000000,
VCV (1),    0.000004727, -0.000003556,  0.000000325,
VCV (2),   -0.000003556,  0.000083692, -0.000001137,
VCV (3),    0.000000325, -0.000001137,  0.000001114,
St.dev,     0.002174200,  0.009148343,  0.001055361,
Mean,     -0.009737293,  0.002133992,  0.002528931,
Cor (1),    1.000000000,  0.633389507,  0.277524463,
Cor (2),    0.633389507,  1.000000000,  0.619227171,
Cor (3),    0.277524463,  0.619227171,  1.000000000,
VCV (1),    0.000011897,  0.000004464,  0.000001319,
VCV (2),    0.000004464,  0.000004175,  0.000001744,
VCV (3),    0.000001319,  0.000001744,  0.000001899,
St.dev,     0.003449244,  0.002043347,  0.001378208,
AutoCor,    0.092232465,  0.214315390,  0.133223500,

No.; 10; Score; 48.902329285011;
Markow Autoregressive (lag 1) bivariate joint 3 asset model uncond. params
uMean,      0.005163311,  0.001790477,  0.000517926,
VCV (1),    0.000008771, -0.000002235, -0.000000119,
VCV (2),   -0.000002235,  0.000015381,  0.000000087,
VCV (3),   -0.000000119,  0.000000087,  0.000001526,
Cor (1),    1.000000000, -0.192432627, -0.032653023,
Cor (2),   -0.192432627,  1.000000000,  0.018018271,
Cor (3),   -0.032653023,  0.018018271,  1.000000000,
St.dev,     0.002961593,  0.003921922,  0.001235270,
Skewness,  -0.298402011,  0.676184904, -0.065450268,
Kurtosis,  -0.180546616,  1.769733870,  0.156921592,
AutoCor,    0.025765639,  0.220904979,  0.056428182,
Markow Autoregressive (lag 1) bivariate joint 3 asset model cond. params
uProb.,   0.405185456,  0.594814544,
Prob (1),   0.428426790,  0.571573210,
Prob (2),   0.389353546,  0.610646454,
Mean,      0.007140683,  0.003223097,  0.000659197,
Cor (1),    1.000000000, -0.890542983,  0.702426837,
Cor (2),   -0.890542983,  1.000000000,  0.259785767,
Cor (3),    0.702426837,  0.259785767,  1.000000000,
VCV (1),    0.000003771, -0.000008965,  0.000001416,
VCV (2),   -0.000008965,  0.000026868,  0.000001398,
VCV (3),    0.000001416,  0.000001398,  0.000001078,
St.dev,     0.001942020,  0.005183446,  0.001038301,
Mean,      0.003816332,  0.000814581,  0.000421693,
Cor (1),    1.000000000, -0.158095286, -0.399018033,
Cor (2),   -0.158095286,  1.000000000, -0.393021802,
Cor (3),   -0.399018033, -0.393021802,  1.000000000,
VCV (1),    0.000007695, -0.000000862, -0.000001485,
VCV (2),   -0.000000862,  0.000003863, -0.000001036,
VCV (3),   -0.000001485, -0.000001036,  0.000001800,
St.dev,     0.002773953,  0.001965338,  0.001341622,
AutoCor,    0.019962251,  0.239084896,  0.056584196,

No.; 11; Score; 50.035538526789;
Markow Autoregressive (lag 1) bivariate joint 3 asset model uncond. params
uMean,      0.000575241, -0.003048370, -0.004357422,
VCV (1),    0.000026747,  0.000026305, -0.000000021,
VCV (2),    0.000026305,  0.000092322, -0.000000059,
VCV (3),   -0.000000021, -0.000000059,  0.000001341,
Cor (1),    1.000000000,  0.529348853, -0.003447292,
Cor (2),    0.529348853,  1.000000000, -0.005323237,
Cor (3),   -0.003447292, -0.005323237,  1.000000000,
St.dev,     0.005171763,  0.009608408,  0.001157877,
Skewness,   1.460324609, -0.509214890,  0.429805759,
Kurtosis,   4.068082016,  1.323167585,  0.988353826,
AutoCor,    0.013543077,  0.371887262,  0.190430450,
Markow Autoregressive (lag 1) bivariate joint 3 asset model cond. params
uProb.,   0.826783584,  0.173216416,
Prob (1),   0.811689305,  0.188310695,
Prob (2),   0.898830464,  0.101169536,
Mean,     -0.000660418, -0.001742974, -0.004511587,
Cor (1),    1.000000000,  0.857017262, -0.263790639,
Cor (2),    0.857017262,  1.000000000,  0.199379618,
Cor (3),   -0.263790639,  0.199379618,  1.000000000,
VCV (1),    0.000009910,  0.000018544, -0.000000786,
VCV (2),    0.000018544,  0.000047248,  0.000001298,
VCV (3),   -0.000000786,  0.000001298,  0.000000896,
St.dev,     0.003147947,  0.006873697,  0.000946825,
Mean,      0.006473196, -0.009279189, -0.003621572,
Cor (1),    1.000000000,  0.969732631, -0.122926703,
Cor (2),    0.969732631,  1.000000000, -0.069796077,
Cor (3),   -0.122926703, -0.069796077,  1.000000000,
VCV (1),    0.000064746,  0.000103607, -0.000001556,
VCV (2),    0.000103607,  0.000176302, -0.000001458,
VCV (3),   -0.000001556, -0.000001458,  0.000002475,
St.dev,     0.008046496,  0.013277891,  0.001573264,
AutoCor,    0.051251210,  0.416235640,  0.216088473,

No.; 12; Score; 50.262703164963;
Markow Autoregressive (lag 1) bivariate joint 3 asset model uncond. params
uMean,     -0.005353207,  0.004502646, -0.000327866,
VCV (1),    0.000012060,  0.000000831, -0.000000218,
VCV (2),    0.000000831,  0.000030739,  0.000000025,
VCV (3),   -0.000000218,  0.000000025,  0.000001083,
Cor (1),    1.000000000,  0.043169308, -0.060403327,
Cor (2),    0.043169308,  1.000000000,  0.004323434,
Cor (3),   -0.060403327,  0.004323434,  1.000000000,
St.dev,     0.003472686,  0.005544260,  0.001040597,
Skewness,   0.102601009,  0.009670464, -0.935898820,
Kurtosis,   3.739787869,  0.207258173, 10.595654488,
AutoCor,    0.033818695,  0.396628991,  0.336776504,
Markow Autoregressive (lag 1) bivariate joint 3 asset model cond. params
uProb.,   0.998918485,  0.001081515,
Prob (1),   0.999380791,  0.000619209,
Prob (2),   0.571919045,  0.428080955,
Mean,     -0.005356769,  0.004500359, -0.000318318,
Cor (1),    1.000000000,  0.045664319, -0.049448642,
Cor (2),    0.045664319,  1.000000000,  0.001772801,
Cor (3),   -0.049448642,  0.001772801,  1.000000000,
VCV (1),    0.000011603,  0.000000788, -0.000000158,
VCV (2),    0.000000788,  0.000025658,  0.000000008,
VCV (3),   -0.000000158,  0.000000008,  0.000000879,
St.dev,     0.003406336,  0.005065387,  0.000937651,
Mean,     -0.002063196,  0.006615227, -0.009145880,
Cor (1),    1.000000000,  0.074272609, -0.367022702,
Cor (2),    0.074272609,  1.000000000,  0.537277570,
Cor (3),   -0.367022702,  0.537277570,  1.000000000,
VCV (1),    0.000410333,  0.000023719, -0.000025007,
VCV (2),    0.000023719,  0.000248544,  0.000028490,
VCV (3),   -0.000025007,  0.000028490,  0.000011313,
St.dev,     0.020256683,  0.015765294,  0.003363517,
AutoCor,    0.033435790,  0.396624144,  0.329131731,

No.; 13; Score; 50.39063879608;
Markow Autoregressive (lag 1) bivariate joint 3 asset model uncond. params
uMean,      0.002976466, -0.004300726, -0.000630409,
VCV (1),    0.000011443, -0.000002962, -0.000000023,
VCV (2),   -0.000002962,  0.000007895, -0.000000079,
VCV (3),   -0.000000023, -0.000000079,  0.000001346,
Cor (1),    1.000000000, -0.311650564, -0.005909384,
Cor (2),   -0.311650564,  1.000000000, -0.024200274,
Cor (3),   -0.005909384, -0.024200274,  1.000000000,
St.dev,     0.003382715,  0.002809863,  0.001160130,
Skewness,  -1.834297882,  1.218339616, -0.489687398,
Kurtosis,   6.560560390,  4.685497074,  2.225674362,
AutoCor,    0.079415075,  0.279936818,  0.116701226,
Markow Autoregressive (lag 1) bivariate joint 3 asset model cond. params
uProb.,   0.882412862,  0.117587138,
Prob (1),   0.871623251,  0.128376749,
Prob (2),   0.963381684,  0.036618316,
Mean,      0.003636512, -0.004699010, -0.000543973,
Cor (1),    1.000000000,  0.119375130, -0.261319700,
Cor (2),    0.119375130,  1.000000000,  0.829921988,
Cor (3),   -0.261319700,  0.829921988,  1.000000000,
VCV (1),    0.000004153,  0.000000435, -0.000000503,
VCV (2),    0.000000435,  0.000003203,  0.000001403,
VCV (3),   -0.000000503,  0.000001403,  0.000000892,
St.dev,     0.002037989,  0.001789633,  0.000944542,
Mean,     -0.001976741, -0.001311875, -0.001279049,
Cor (1),    1.000000000, -0.362510996,  0.000658866,
Cor (2),   -0.362510996,  1.000000000, -0.875474419,
Cor (3),    0.000658866, -0.875474419,  1.000000000,
VCV (1),    0.000036821, -0.000011251,  0.000000008,
VCV (2),   -0.000011251,  0.000026163, -0.000009068,
VCV (3),    0.000000008, -0.000009068,  0.000004101,
St.dev,     0.006068013,  0.005114937,  0.002025007,
AutoCor,    0.147884070,  0.345928634,  0.125762360,

No.; 14; Score; 51.832135898175;
Markow Autoregressive (lag 1) bivariate joint 3 asset model uncond. params
uMean,      0.000819242,  0.002358466,  0.004624513,
VCV (1),    0.000120982, -0.000009240,  0.000000015,
VCV (2),   -0.000009240,  0.000025091,  0.000000100,
VCV (3),    0.000000015,  0.000000100,  0.000001280,
Cor (1),    1.000000000, -0.167710374,  0.001185873,
Cor (2),   -0.167710374,  1.000000000,  0.017689220,
Cor (3),    0.001185873,  0.017689220,  1.000000000,
St.dev,     0.010999169,  0.005009075,  0.001131482,
Skewness,   0.023055283, -1.279427836,  0.499645272,
Kurtosis,   0.119121967,  4.309211406,  1.556903707,
AutoCor,    0.037847755,  0.565761722,  0.267992872,
Markow Autoregressive (lag 1) bivariate joint 3 asset model cond. params
uProb.,   0.943407112,  0.056592888,
Prob (1),   0.973024418,  0.026975582,
Prob (2),   0.449684698,  0.550315302,
Mean,      0.000921235,  0.003041505,  0.004538990,
Cor (1),    1.000000000, -0.269732180, -0.011585013,
Cor (2),   -0.269732180,  1.000000000,  0.351319360,
Cor (3),   -0.011585013,  0.351319360,  1.000000000,
VCV (1),    0.000126706, -0.000009372, -0.000000128,
VCV (2),   -0.000009372,  0.000009528,  0.000001065,
VCV (3),   -0.000000128,  0.000001065,  0.000000964,
St.dev,     0.011256391,  0.003086743,  0.000981809,
Mean,     -0.000880984, -0.009027844,  0.006050181,
Cor (1),    1.000000000, -0.818153448,  0.623747680,
Cor (2),   -0.818153448,  1.000000000, -0.123907917,
Cor (3),    0.623747680, -0.123907917,  1.000000000,
VCV (1),    0.000019542, -0.000023569,  0.000004939,
VCV (2),   -0.000023569,  0.000042467, -0.000001446,
VCV (3),    0.000004939, -0.000001446,  0.000003209,
St.dev,     0.004420579,  0.006516679,  0.001791272,
AutoCor,    0.037150870,  0.584817822,  0.241114680,

No.; 15; Score; 53.360215052621;
Markow Autoregressive (lag 1) bivariate joint 3 asset model uncond. params
uMean,     -0.001445150,  0.002229405,  0.002649583,
VCV (1),    0.000010206,  0.000009762, -0.000000086,
VCV (2),    0.000009762,  0.000111191, -0.000000228,
VCV (3),   -0.000000086, -0.000000228,  0.000001555,
Cor (1),    1.000000000,  0.289791515, -0.021698998,
Cor (2),    0.289791515,  1.000000000, -0.017365559,
Cor (3),   -0.021698998, -0.017365559,  1.000000000,
St.dev,     0.003194651,  0.010544699,  0.001246885,
Skewness,   1.005804906, -0.139443007, -0.073132647,
Kurtosis,   1.963800761,  0.129042155,  0.536745192,
AutoCor,    0.033772640,  0.460852356,  0.237873300,
Markow Autoregressive (lag 1) bivariate joint 3 asset model cond. params
uProb.,   0.651707128,  0.348292872,
Prob (1),   0.549119866,  0.450880134,
Prob (2),   0.843662964,  0.156337036,
Mean,     -0.002493869,  0.000619757,  0.002702372,
Cor (1),    1.000000000,  0.579347467, -0.663932806,
Cor (2),    0.579347467,  1.000000000,  0.266923960,
Cor (3),   -0.663932806,  0.266923960,  1.000000000,
VCV (1),    0.000002765,  0.000009655, -0.000001090,
VCV (2),    0.000009655,  0.000100464,  0.000002642,
VCV (3),   -0.000001090,  0.000002642,  0.000000975,
St.dev,     0.001662743,  0.010023162,  0.000987321,
Mean,      0.000517158,  0.005241293,  0.002550808,
Cor (1),    1.000000000, -0.007360491,  0.320500040,
Cor (2),   -0.007360491,  1.000000000, -0.510377422,
Cor (3),    0.320500040, -0.510377422,  1.000000000,
VCV (1),    0.000017902, -0.000000203,  0.000002087,
VCV (2),   -0.000000203,  0.000042443, -0.000005118,
VCV (3),    0.000002087, -0.000005118,  0.000002369,
St.dev,     0.004231078,  0.006514806,  0.001539262,
AutoCor,    0.116695275,  0.495290261,  0.239664932,

No.; 16; Score; 54.149377607625;
Markow Autoregressive (lag 1) bivariate joint 3 asset model uncond. params
uMean,     -0.001354202,  0.003863866, -0.003907509,
VCV (1),    0.000009812, -0.000003501,  0.000000060,
VCV (2),   -0.000003501,  0.000006381, -0.000000182,
VCV (3),    0.000000060, -0.000000182,  0.000001384,
Cor (1),    1.000000000, -0.442432972,  0.016397593,
Cor (2),   -0.442432972,  1.000000000, -0.061248667,
Cor (3),    0.016397593, -0.061248667,  1.000000000,
St.dev,     0.003132473,  0.002526137,  0.001176338,
Skewness,   2.456599419, -0.271855323, -0.006824159,
Kurtosis,   6.814812772,  0.782032001,  0.357112633,
AutoCor,    0.045017749,  0.078484874,  0.489660397,
Markow Autoregressive (lag 1) bivariate joint 3 asset model cond. params
uProb.,   0.894882586,  0.105117414,
Prob (1),   0.883508039,  0.116491961,
Prob (2),   0.991716051,  0.008283949,
Mean,     -0.002250904,  0.004038687, -0.003904771,
Cor (1),    1.000000000, -0.854862405, -0.276523231,
Cor (2),   -0.854862405,  1.000000000, -0.245472222,
Cor (3),   -0.276523231, -0.245472222,  1.000000000,
VCV (1),    0.000001190, -0.000002121, -0.000000284,
VCV (2),   -0.000002121,  0.000005170, -0.000000526,
VCV (3),   -0.000000284, -0.000000526,  0.000000889,
St.dev,     0.001091093,  0.002273709,  0.000942828,
Mean,      0.006279578,  0.002375581, -0.003930815,
Cor (1),    1.000000000, -0.134736650,  0.528363712,
Cor (2),   -0.134736650,  1.000000000,  0.480169703,
Cor (3),    0.528363712,  0.480169703,  1.000000000,
VCV (1),    0.000013610, -0.000001846,  0.000003044,
VCV (2),   -0.000001846,  0.000013786,  0.000002785,
VCV (3),    0.000003044,  0.000002785,  0.000002439,
St.dev,     0.003689115,  0.003712946,  0.001561844,
AutoCor,    0.398509096,  0.086420359,  0.489687966,

No.; 17; Score; 54.48427928026;
Markow Autoregressive (lag 1) bivariate joint 3 asset model uncond. params
uMean,     -0.002561609,  0.000698993,  0.003826162,
VCV (1),    0.000006347,  0.000001845, -0.000000025,
VCV (2),    0.000001845,  0.000022682,  0.000000077,
VCV (3),   -0.000000025,  0.000000077,  0.000001589,
Cor (1),    1.000000000,  0.153777804, -0.007721818,
Cor (2),    0.153777804,  1.000000000,  0.012836731,
Cor (3),   -0.007721818,  0.012836731,  1.000000000,
St.dev,     0.002519298,  0.004762596,  0.001260717,
Skewness,   0.439567369, -0.631608499,  0.084201502,
Kurtosis,   0.364350863,  0.793828641,  0.419339518,
AutoCor,    0.063591734,  0.359115550,  0.318372454,
Markow Autoregressive (lag 1) bivariate joint 3 asset model cond. params
uProb.,   0.550182934,  0.449817066,
Prob (1),   0.567476122,  0.432523878,
Prob (2),   0.529031186,  0.470968814,
Mean,     -0.001700282, -0.000976696,  0.003739965,
Cor (1),    1.000000000,  0.571457662, -0.151208878,
Cor (2),    0.571457662,  1.000000000, -0.214436647,
Cor (3),   -0.151208878, -0.214436647,  1.000000000,
VCV (1),    0.000007693,  0.000008258, -0.000000395,
VCV (2),    0.000008258,  0.000027142, -0.000001053,
VCV (3),   -0.000000395, -0.000001053,  0.000000888,
St.dev,     0.002773638,  0.005209775,  0.000942190,
Mean,     -0.003615119,  0.002748572,  0.003931592,
Cor (1),    1.000000000, -0.962040061,  0.269209478,
Cor (2),   -0.962040061,  1.000000000,  0.516517599,
Cor (3),    0.269209478,  0.516517599,  1.000000000,
VCV (1),    0.000002627, -0.000002300,  0.000000627,
VCV (2),   -0.000002300,  0.000002176,  0.000001096,
VCV (3),    0.000000627,  0.000001096,  0.000002068,
St.dev,     0.001620931,  0.001474998,  0.001437964,
AutoCor,    0.067786761,  0.416333780,  0.319982202,

No.; 18; Score; 55.023698841681;
Markow Autoregressive (lag 1) bivariate joint 3 asset model uncond. params
uMean,      0.004470848,  0.001477678,  0.003374624,
VCV (1),    0.000017384,  0.000012214,  0.000000032,
VCV (2),    0.000012214,  0.000162149, -0.000000030,
VCV (3),    0.000000032, -0.000000030,  0.000001568,
Cor (1),    1.000000000,  0.230058428,  0.006149022,
Cor (2),    0.230058428,  1.000000000, -0.001869271,
Cor (3),    0.006149022, -0.001869271,  1.000000000,
St.dev,     0.004169422,  0.012733766,  0.001252315,
Skewness,   0.476377432,  0.108670068,  0.247417893,
Kurtosis,   0.107540829,  0.029531786,  0.559492088,
AutoCor,    0.025445960,  0.555574735,  0.102266154,
Markow Autoregressive (lag 1) bivariate joint 3 asset model cond. params
uProb.,   0.587023513,  0.412976487,
Prob (1),   0.330833558,  0.669166442,
Prob (2),   0.951183536,  0.048816464,
Mean,      0.002420911, -0.002142426,  0.003170383,
Cor (1),    1.000000000, -0.693534035,  0.630870186,
Cor (2),   -0.693534035,  1.000000000,  0.949868802,
Cor (3),    0.630870186,  0.949868802,  1.000000000,
VCV (1),    0.000006268, -0.000012865,  0.000001519,
VCV (2),   -0.000012865,  0.000054894,  0.000006770,
VCV (3),    0.000001519,  0.000006770,  0.000000925,
St.dev,     0.002503621,  0.007409061,  0.000961937,
Mean,      0.007384721,  0.006623457,  0.003664941,
Cor (1),    1.000000000,  0.561882263, -0.590454388,
Cor (2),    0.561882263,  1.000000000, -0.815041400,
Cor (3),   -0.590454388, -0.815041400,  1.000000000,
VCV (1),    0.000015070,  0.000021282, -0.000003458,
VCV (2),    0.000021282,  0.000095195, -0.000011998,
VCV (3),   -0.000003458, -0.000011998,  0.000002276,
St.dev,     0.003882003,  0.009756786,  0.001508735,
AutoCor,    0.363502477,  0.708203900,  0.130660641,

No.; 19; Score; 55.088328619722;
Markow Autoregressive (lag 1) bivariate joint 3 asset model uncond. params
uMean,      0.005486895, -0.002847729,  0.003698918,
VCV (1),    0.000078432,  0.000005469, -0.000000071,
VCV (2),    0.000005469,  0.000010525, -0.000000136,
VCV (3),   -0.000000071, -0.000000136,  0.000001413,
Cor (1),    1.000000000,  0.190360147, -0.006737975,
Cor (2),    0.190360147,  1.000000000, -0.035353388,
Cor (3),   -0.006737975, -0.035353388,  1.000000000,
St.dev,     0.008856212,  0.003244193,  0.001188512,
Skewness,  -0.106132138, -0.726390092,  0.112806229,
Kurtosis,   0.439533309,  1.178016037,  0.233031552,
AutoCor,    0.055796108, -0.028093783,  0.371603609,
Markow Autoregressive (lag 1) bivariate joint 3 asset model cond. params
uProb.,   0.743793286,  0.256206714,
Prob (1),   0.671083162,  0.328916838,
Prob (2),   0.954877923,  0.045122077,
Mean,      0.005975507, -0.001959106,  0.003598848,
Cor (1),    1.000000000,  0.371242624,  0.599317368,
Cor (2),    0.371242624,  1.000000000, -0.480746936,
Cor (3),    0.599317368, -0.480746936,  1.000000000,
VCV (1),    0.000060281,  0.000006767,  0.000004555,
VCV (2),    0.000006767,  0.000005512, -0.000001105,
VCV (3),    0.000004555, -0.000001105,  0.000000958,
St.dev,     0.007764095,  0.002347731,  0.000978869,
Mean,      0.004068406, -0.005427489,  0.003989431,
Cor (1),    1.000000000, -0.072047583, -0.851569010,
Cor (2),   -0.072047583,  1.000000000,  0.680239895,
Cor (3),   -0.851569010,  0.680239895,  1.000000000,
VCV (1),    0.000127372, -0.000003260, -0.000012952,
VCV (2),   -0.000003260,  0.000016071,  0.000003675,
VCV (3),   -0.000012952,  0.000003675,  0.000001816,
St.dev,     0.011285939,  0.004008809,  0.001347675,
AutoCor,    0.058823754,  0.043110384,  0.385375668,

No.; 20; Score; 55.79725851847;
Markow Autoregressive (lag 1) bivariate joint 3 asset model uncond. params
uMean,     -0.001846707,  0.002399720,  0.005792227,
VCV (1),    0.000070863,  0.000011152,  0.000000101,
VCV (2),    0.000011152,  0.000024005, -0.000000002,
VCV (3),    0.000000101, -0.000000002,  0.000001500,
Cor (1),    1.000000000,  0.270388966,  0.009776667,
Cor (2),    0.270388966,  1.000000000, -0.000311234,
Cor (3),    0.009776667, -0.000311234,  1.000000000,
St.dev,     0.008418029,  0.004899484,  0.001224920,
Skewness,  -0.404949090, -0.392992305,  0.113511714,
Kurtosis,  -0.067374814,  0.027144978,  0.180239501,
AutoCor,   -0.017752095,  0.237233207,  0.249693928,
Markow Autoregressive (lag 1) bivariate joint 3 asset model cond. params
uProb.,   0.618304197,  0.381695803,
Prob (1),   0.386347379,  0.613652621,
Prob (2),   0.994048110,  0.005951890,
Mean,      0.002408187,  0.004721803,  0.005638945,
Cor (1),    1.000000000,  0.202002881, -0.000275906,
Cor (2),    0.202002881,  1.000000000, -0.738771400,
Cor (3),   -0.000275906, -0.738771400,  1.000000000,
VCV (1),    0.000026222,  0.000001913, -0.000000001,
VCV (2),    0.000001913,  0.000003420, -0.000001411,
VCV (3),   -0.000000001, -0.000001411,  0.000001067,
St.dev,     0.005120753,  0.001849354,  0.001032754,
Mean,     -0.008739156, -0.001361792,  0.006040526,
Cor (1),    1.000000000, -0.469188607,  0.286373030,
Cor (2),   -0.469188607,  1.000000000,  0.700250675,
Cor (3),    0.286373030,  0.700250675,  1.000000000,
VCV (1),    0.000049039, -0.000012160,  0.000002705,
VCV (2),   -0.000012160,  0.000013697,  0.000003496,
VCV (3),    0.000002705,  0.000003496,  0.000001820,
St.dev,     0.007002795,  0.003700891,  0.001349087,
AutoCor,    0.398777548,  0.720528463,  0.272008588,

No.; 21; Score; 56.013937812433;
Markow Autoregressive (lag 1) bivariate joint 3 asset model uncond. params
uMean,      0.002923966, -0.001141756,  0.004664274,
VCV (1),    0.000020438, -0.000007351, -0.000000187,
VCV (2),   -0.000007351,  0.000026057, -0.000000022,
VCV (3),   -0.000000187, -0.000000022,  0.000001502,
Cor (1),    1.000000000, -0.318557485, -0.033792097,
Cor (2),   -0.318557485,  1.000000000, -0.003548075,
Cor (3),   -0.033792097, -0.003548075,  1.000000000,
St.dev,     0.004520882,  0.005104629,  0.001225418,
Skewness,   0.705468652, -0.816415916,  0.110228597,
Kurtosis,  -0.311333957,  0.719938748,  0.186381328,
AutoCor,    0.069835672,  0.211179716,  0.124342791,
Markow Autoregressive (lag 1) bivariate joint 3 asset model cond. params
uProb.,   0.675044673,  0.324955327,
Prob (1),   0.627818725,  0.372181275,
Prob (2),   0.773149313,  0.226850687,
Mean,      0.000312574,  0.001080944,  0.004533331,
Cor (1),    1.000000000, -0.051167950,  0.073599853,
Cor (2),   -0.051167950,  1.000000000, -0.616047391,
Cor (3),    0.073599853, -0.616047391,  1.000000000,
VCV (1),    0.000002708, -0.000000214,  0.000000133,
VCV (2),   -0.000000214,  0.000006459, -0.000001714,
VCV (3),    0.000000133, -0.000001714,  0.000001198,
St.dev,     0.001645679,  0.002541406,  0.001094489,
Mean,      0.008348731, -0.005759072,  0.004936289,
Cor (1),    1.000000000,  0.807723985, -0.732198093,
Cor (2),    0.807723985,  1.000000000,  0.742783861,
Cor (3),   -0.732198093,  0.742783861,  1.000000000,
VCV (1),    0.000007713,  0.000011362, -0.000002836,
VCV (2),    0.000011362,  0.000025656,  0.000005248,
VCV (3),   -0.000002836,  0.000005248,  0.000001946,
St.dev,     0.002777236,  0.005065183,  0.001394892,
AutoCor,    0.555804486,  0.442834535,  0.130894735,

No.; 22; Score; 56.258868589381;
Markow Autoregressive (lag 1) bivariate joint 3 asset model uncond. params
uMean,     -0.000187338,  0.003539057,  0.001693296,
VCV (1),    0.000037646,  0.000016039,  0.000000144,
VCV (2),    0.000016039,  0.000113287,  0.000000080,
VCV (3),    0.000000144,  0.000000080,  0.000001430,
Cor (1),    1.000000000,  0.245592807,  0.019647688,
Cor (2),    0.245592807,  1.000000000,  0.006292461,
Cor (3),    0.019647688,  0.006292461,  1.000000000,
St.dev,     0.006135658,  0.010643652,  0.001196025,
Skewness,   1.561026256, -0.025343041,  0.081149776,
Kurtosis,   3.520922458,  0.002581503,  0.281418275,
AutoCor,    0.002993021,  0.728548454,  0.088478153,
Markow Autoregressive (lag 1) bivariate joint 3 asset model cond. params
uProb.,   0.645659600,  0.354340400,
Prob (1),   0.617999899,  0.382000101,
Prob (2),   0.696059586,  0.303940414,
Mean,     -0.002542280,  0.002017165,  0.001614231,
Cor (1),    1.000000000, -0.171105494, -0.615768927,
Cor (2),   -0.171105494,  1.000000000,  0.301873593,
Cor (3),   -0.615768927,  0.301873593,  1.000000000,
VCV (1),    0.000001019, -0.000001229, -0.000000648,
VCV (2),   -0.000001229,  0.000050612,  0.000002240,
VCV (3),   -0.000000648,  0.000002240,  0.000001088,
St.dev,     0.001009685,  0.007114185,  0.001043034,
Mean,      0.004103706,  0.006312166,  0.001837365,
Cor (1),    1.000000000,  0.529978652,  0.051516608,
Cor (2),    0.529978652,  1.000000000, -0.512050950,
Cor (3),    0.051516608, -0.512050950,  1.000000000,
VCV (1),    0.000075784,  0.000028406,  0.000000633,
VCV (2),    0.000028406,  0.000037906, -0.000004448,
VCV (3),    0.000000633, -0.000004448,  0.000001990,
St.dev,     0.008705413,  0.006156805,  0.001410749,
AutoCor,    0.032732183,  0.759760356,  0.089814935,

No.; 23; Score; 57.57607752469;
