Round No; 5; best result RLS; 8.6183812337526

;;;
Statistical description of data for: Meginajums1
Calib/Tail/Per/Cur, 784, 9999, 23, 0,
Title,    INDEX WITH EQUAL WEIGHTS based on market value,EQUITY LM SNP,REX BOND     ,
Mean,       0.000158634,  0.000175148,  0.000011824,
VCV (1),    0.000022943, -0.000000281, -0.000000006,
VCV (2),   -0.000000281,  0.000027803, -0.000000034,
VCV (3),   -0.000000006, -0.000000034,  0.000000099,
St.dev,     0.004789897,  0.005272874,  0.000315163,
Skewness,  -1.581739356, -0.533728382, -0.333150084,
Kurtosis,  24.552038003,  6.345066446, 26.810331499,
AutoCor,   -0.072787598,  0.126724186, -0.366572783,
No.; 1; Score; 8.6183812337526;
Markow Autoregressive (lag 1) bivariate joint 3 asset model uncond. params
uMean,     -0.004988345,  0.002072551, -0.000482050,
VCV (1),    0.000026562,  0.000012335, -0.000000095,
VCV (2),    0.000012335,  0.000088694,  0.000001437,
VCV (3),   -0.000000095,  0.000001437,  0.000010893,
Cor (1),    1.000000000,  0.254127616, -0.005590470,
Cor (2),    0.254127616,  1.000000000,  0.046228022,
Cor (3),   -0.005590470,  0.046228022,  1.000000000,
St.dev,     0.005153878,  0.009417753,  0.003300454,
Skewness,  -0.196301650, -0.004275129,  0.000118717,
Kurtosis,   0.063750496,  0.001434033,  0.005663658,
AutoCor,    0.371440214, -0.777743929, -0.993494111,
Markow Autoregressive (lag 1) bivariate joint 3 asset model cond. params
uProb.,   0.736033566,  0.263966434,
Prob (1),   0.750559338,  0.249440662,
Prob (2),   0.695530480,  0.304469520,
Mean,     -0.005870747,  0.002578567, -0.000493259,
Cor (1),    1.000000000,  0.819418945, -0.198090820,
Cor (2),    0.819418945,  1.000000000,  0.665163574,
Cor (3),   -0.198090820,  0.665163574,  1.000000000,
VCV (1),    0.000024565,  0.000023389, -0.000000307,
VCV (2),    0.000023389,  0.000033166,  0.000001197,
VCV (3),   -0.000000307,  0.000001197,  0.000000098,
St.dev,     0.004956336,  0.005758970,  0.000312353,
Mean,     -0.002527889,  0.000661595, -0.000450797,
Cor (1),    1.000000000,  0.130363769,  0.133369141,
Cor (2),    0.130363769,  1.000000000, -0.696184979,
Cor (3),    0.133369141, -0.696184979,  1.000000000,
VCV (1),    0.000009151,  0.000002356,  0.000000206,
VCV (2),    0.000002356,  0.000035695, -0.000002122,
VCV (3),    0.000000206, -0.000002122,  0.000000260,
St.dev,     0.003025076,  0.005974516,  0.000510272,
AutoCor,    0.399604493, -0.784501953, -0.993527832,

No.; 2; Score; 9.525892404262;
Markow Autoregressive (lag 1) bivariate joint 3 asset model uncond. params
uMean,      0.000168435,  0.000187302,  0.000032520,
VCV (1),    0.000032611,  0.000003698, -0.000000201,
VCV (2),    0.000003698,  0.000030279,  0.000000063,
VCV (3),   -0.000000201,  0.000000063,  0.000000052,
Cor (1),    1.000000000,  0.117692162, -0.154933446,
Cor (2),    0.117692162,  1.000000000,  0.050390725,
Cor (3),   -0.154933446,  0.050390725,  1.000000000,
St.dev,     0.005710613,  0.005502607,  0.000227623,
Skewness,  -0.506642867,  0.080858009,  0.258668982,
Kurtosis,   0.554610175, -0.041195152,  0.014660369,
AutoCor,    0.223457844,  0.187443434, -0.245595355,
Markow Autoregressive (lag 1) bivariate joint 3 asset model cond. params
uProb.,   0.616234900,  0.383765100,
Prob (1),   0.551092628,  0.448907372,
Prob (2),   0.720837797,  0.279162203,
Mean,      0.002065959,  0.001777162, -0.000060414,
Cor (1),    1.000000000,  0.481173526, -0.029941523,
Cor (2),    0.481173526,  1.000000000,  0.651435285,
Cor (3),   -0.029941523,  0.651435285,  1.000000000,
VCV (1),    0.000014531,  0.000009525, -0.000000020,
VCV (2),    0.000009525,  0.000026967,  0.000000586,
VCV (3),   -0.000000020,  0.000000586,  0.000000030,
St.dev,     0.003812018,  0.005192983,  0.000173132,
Mean,     -0.002878534, -0.002365632,  0.000181752,
Cor (1),    1.000000000, -0.623635187,  0.199699934,
Cor (2),   -0.623635187,  1.000000000, -0.110945024,
Cor (3),    0.199699934, -0.110945024,  1.000000000,
VCV (1),    0.000039937, -0.000018058,  0.000000263,
VCV (2),   -0.000018058,  0.000020994, -0.000000106,
VCV (3),    0.000000263, -0.000000106,  0.000000043,
St.dev,     0.006319539,  0.004581969,  0.000208216,
AutoCor,    0.308192544,  0.242735813, -0.273319375,

No.; 3; Score; 13.18260997628;
Markow Autoregressive (lag 1) bivariate joint 3 asset model uncond. params
uMean,      0.000191633,  0.000167601, -0.000001983,
VCV (1),    0.000044325, -0.000006075, -0.000002101,
VCV (2),   -0.000006075,  0.000043191,  0.000001234,
VCV (3),   -0.000002101,  0.000001234,  0.000000543,
Cor (1),    1.000000000, -0.138834525, -0.428224766,
Cor (2),   -0.138834525,  1.000000000,  0.254683442,
Cor (3),   -0.428224766,  0.254683442,  1.000000000,
St.dev,     0.006657724,  0.006572021,  0.000737061,
Skewness,  -0.040756427, -0.018559963, -0.102140915,
Kurtosis,  -0.541910046, -0.147056517,  0.041749884,
AutoCor,   -0.019191843,  0.038784791, -0.606478897,
Markow Autoregressive (lag 1) bivariate joint 3 asset model cond. params
uProb.,   0.386694326,  0.613305674,
Prob (1),   0.536065276,  0.463934724,
Prob (2),   0.292514700,  0.707485300,
Mean,     -0.005805273,  0.004363696,  0.000235726,
Cor (1),    1.000000000,  0.426751658, -0.097542737,
Cor (2),    0.426751658,  1.000000000,  0.636524758,
Cor (3),   -0.097542737,  0.636524758,  1.000000000,
VCV (1),    0.000016476,  0.000009365, -0.000000175,
VCV (2),    0.000009365,  0.000029225,  0.000001520,
VCV (3),   -0.000000175,  0.000001520,  0.000000195,
St.dev,     0.004059117,  0.005406049,  0.000441632,
Mean,      0.003972732, -0.002478071, -0.000151860,
Cor (1),    1.000000000,  0.364385360, -0.539865594,
Cor (2),    0.364385360,  1.000000000,  0.002032267,
Cor (3),   -0.539865594,  0.002032267,  1.000000000,
VCV (1),    0.000021854,  0.000009910, -0.000001466,
VCV (2),    0.000009910,  0.000033842,  0.000000007,
VCV (3),   -0.000001466,  0.000000007,  0.000000337,
St.dev,     0.004674795,  0.005817420,  0.000580898,
AutoCor,   -0.294367227, -0.032053719, -0.666136600,

No.; 4; Score; 14.096185545896;
Markow Autoregressive (lag 1) bivariate joint 3 asset model uncond. params
uMean,      0.000156837,  0.000162669,  0.000044097,
VCV (1),    0.000009451, -0.000002473, -0.000000850,
VCV (2),   -0.000002473,  0.000044798,  0.000000427,
VCV (3),   -0.000000850,  0.000000427,  0.000000222,
Cor (1),    1.000000000, -0.120182199, -0.586827205,
Cor (2),   -0.120182199,  1.000000000,  0.135351666,
Cor (3),   -0.586827205,  0.135351666,  1.000000000,
St.dev,     0.003074257,  0.006693142,  0.000470920,
Skewness,   0.193759805, -0.114869115, -0.044225594,
Kurtosis,   0.099256325,  0.130989967,  0.109114865,
AutoCor,   -0.235181282, -0.020446978, -0.132981115,
Markow Autoregressive (lag 1) bivariate joint 3 asset model cond. params
uProb.,   0.388811870,  0.611188130,
Prob (1),   0.083636188,  0.916363812,
Prob (2),   0.582951646,  0.417048354,
Mean,      0.001562807,  0.001623600, -0.000001976,
Cor (1),    1.000000000, -0.341694783, -0.706426275,
Cor (2),   -0.341694783,  1.000000000,  0.588643079,
Cor (3),   -0.706426275,  0.588643079,  1.000000000,
VCV (1),    0.000009777, -0.000005932, -0.000001146,
VCV (2),   -0.000005932,  0.000030827,  0.000001696,
VCV (3),   -0.000001146,  0.000001696,  0.000000269,
St.dev,     0.003126756,  0.005552197,  0.000519004,
Mean,     -0.000737580, -0.000766713,  0.000073406,
Cor (1),    1.000000000, -0.129660730, -0.506090057,
Cor (2),   -0.129660730,  1.000000000, -0.101490228,
Cor (3),   -0.506090057, -0.101490228,  1.000000000,
VCV (1),    0.000006679, -0.000002404, -0.000000560,
VCV (2),   -0.000002404,  0.000051462, -0.000000312,
VCV (3),   -0.000000560, -0.000000312,  0.000000183,
St.dev,     0.002584289,  0.007173731,  0.000427916,
AutoCor,   -0.194642570, -0.005479570, -0.130736815,

No.; 5; Score; 17.253020185651;
Markow Autoregressive (lag 1) bivariate joint 3 asset model uncond. params
uMean,      0.000168918,  0.000188918,  0.000036072,
VCV (1),    0.000023769,  0.000024126, -0.000000105,
VCV (2),    0.000024126,  0.000049568,  0.000002175,
VCV (3),   -0.000000105,  0.000002175,  0.000000229,
Cor (1),    1.000000000,  0.702864812, -0.044922939,
Cor (2),    0.702864812,  1.000000000,  0.646106889,
Cor (3),   -0.044922939,  0.646106889,  1.000000000,
St.dev,     0.004875369,  0.007040461,  0.000478161,
Skewness,   0.421700574,  0.396355716,  0.949089125,
Kurtosis,   0.308141526,  1.203804239,  0.598877753,
AutoCor,   -0.477445153,  0.142729456, -0.117161737,
Markow Autoregressive (lag 1) bivariate joint 3 asset model cond. params
uProb.,   0.572726720,  0.427273280,
Prob (1),   0.368483442,  0.631516558,
Prob (2),   0.846499008,  0.153500992,
Mean,     -0.001694767, -0.001095227, -0.000231015,
Cor (1),    1.000000000,  0.948532982, -0.613315192,
Cor (2),    0.948532982,  1.000000000,  0.842464801,
Cor (3),   -0.613315192,  0.842464801,  1.000000000,
VCV (1),    0.000007965,  0.000011665, -0.000000350,
VCV (2),    0.000011665,  0.000018988,  0.000000743,
VCV (3),   -0.000000350,  0.000000743,  0.000000041,
St.dev,     0.002822292,  0.004357473,  0.000202380,
Mean,      0.002667044,  0.001910216,  0.000394081,
Cor (1),    1.000000000,  0.843300012, -0.597479163,
Cor (2),    0.843300012,  1.000000000,  0.644473782,
Cor (3),   -0.597479163,  0.644473782,  1.000000000,
VCV (1),    0.000023865,  0.000037332, -0.000001460,
VCV (2),    0.000037332,  0.000082118,  0.000002921,
VCV (3),   -0.000001460,  0.000002921,  0.000000250,
St.dev,     0.004885231,  0.009061897,  0.000500120,
AutoCor,   -0.477306210,  0.171702422,  0.142236832,

No.; 6; Score; 18.999227041875;
Markow Autoregressive (lag 1) bivariate joint 3 asset model uncond. params
uMean,      0.000136676,  0.000165764,  0.000034861,
VCV (1),    0.000033256, -0.000001566, -0.000001047,
VCV (2),   -0.000001566,  0.000040071, -0.000001533,
VCV (3),   -0.000001047, -0.000001533,  0.000000222,
Cor (1),    1.000000000, -0.042900206, -0.385199356,
Cor (2),   -0.042900206,  1.000000000, -0.514025307,
Cor (3),   -0.385199356, -0.514025307,  1.000000000,
St.dev,     0.005766796,  0.006330181,  0.000471278,
Skewness,  -0.461156228,  0.247581652, -1.069813325,
Kurtosis,  -0.316521131,  0.215104917,  1.998482559,
AutoCor,    0.091217146, -0.069612408,  0.171648443,
Markow Autoregressive (lag 1) bivariate joint 3 asset model cond. params
uProb.,   0.645903480,  0.354096520,
Prob (1),   0.857527417,  0.142472583,
Prob (2),   0.259882635,  0.740117365,
Mean,     -0.002421270, -0.001428363,  0.000200192,
Cor (1),    1.000000000, -0.510855224, -0.144353857,
Cor (2),   -0.510855224,  1.000000000, -0.271914642,
Cor (3),   -0.144353857, -0.271914642,  1.000000000,
VCV (1),    0.000028469, -0.000014464, -0.000000182,
VCV (2),   -0.000014464,  0.000028158, -0.000000341,
VCV (3),   -0.000000182, -0.000000341,  0.000000056,
St.dev,     0.005335614,  0.005306417,  0.000236094,
Mean,      0.004802595,  0.003073593, -0.000266717,
Cor (1),    1.000000000,  0.102893315, -0.297501004,
Cor (2),    0.102893315,  1.000000000, -0.563656297,
Cor (3),   -0.297501004, -0.563656297,  1.000000000,
VCV (1),    0.000006056,  0.000001722, -0.000000453,
VCV (2),    0.000001722,  0.000046247, -0.000002374,
VCV (3),   -0.000000453, -0.000002374,  0.000000384,
St.dev,     0.002460918,  0.006800542,  0.000619368,
AutoCor,   -0.192276313, -0.156898172,  0.048332664,

No.; 7; Score; 22.356658901351;
Markow Autoregressive (lag 1) bivariate joint 3 asset model uncond. params
uMean,      0.000139964,  0.000177539,  0.000016014,
VCV (1),    0.000022424,  0.000013459, -0.000000244,
VCV (2),    0.000013459,  0.000050404, -0.000000975,
VCV (3),   -0.000000244, -0.000000975,  0.000000126,
Cor (1),    1.000000000,  0.400337829, -0.145229520,
Cor (2),    0.400337829,  1.000000000, -0.387126728,
Cor (3),   -0.145229520, -0.387126728,  1.000000000,
St.dev,     0.004735448,  0.007099564,  0.000354898,
Skewness,   0.010289301,  1.139493509, -1.256158863,
Kurtosis,  -0.033182165,  1.513736985,  5.241792852,
AutoCor,    0.290189330,  0.172423041,  0.148157840,
Markow Autoregressive (lag 1) bivariate joint 3 asset model cond. params
uProb.,   0.779154984,  0.220845016,
Prob (1),   0.840764812,  0.159235188,
Prob (2),   0.561791669,  0.438208331,
Mean,     -0.000700878, -0.002492041,  0.000080505,
Cor (1),    1.000000000,  0.211190262, -0.350457028,
Cor (2),    0.211190262,  1.000000000,  0.983810887,
Cor (3),   -0.350457028,  0.983810887,  1.000000000,
VCV (1),    0.000018697,  0.000003736, -0.000000267,
VCV (2),    0.000003736,  0.000016734,  0.000000708,
VCV (3),   -0.000000267,  0.000000708,  0.000000031,
St.dev,     0.004324036,  0.004090700,  0.000176045,
Mean,      0.003106505,  0.009595982, -0.000211515,
Cor (1),    1.000000000,  0.378415626,  0.281036369,
Cor (2),    0.378415626,  1.000000000, -0.902435476,
Cor (3),    0.281036369, -0.902435476,  1.000000000,
VCV (1),    0.000016606,  0.000011420,  0.000000711,
VCV (2),    0.000011420,  0.000054839, -0.000004151,
VCV (3),    0.000000711, -0.000004151,  0.000000386,
St.dev,     0.004075074,  0.007405368,  0.000621209,
AutoCor,    0.291593116,  0.066367514,  0.130908039,

No.; 8; Score; 36.311280317284;
Markow Autoregressive (lag 1) bivariate joint 3 asset model uncond. params
uMean,      0.000153158,  0.000077912,  0.000039087,
VCV (1),    0.000031090, -0.000028090, -0.000000150,
VCV (2),   -0.000028090,  0.000070354, -0.000002506,
VCV (3),   -0.000000150, -0.000002506,  0.000000256,
Cor (1),    1.000000000, -0.600628533, -0.052974244,
Cor (2),   -0.600628533,  1.000000000, -0.590019802,
Cor (3),   -0.052974244, -0.590019802,  1.000000000,
St.dev,     0.005575806,  0.008387725,  0.000506326,
Skewness,   0.062961724, -0.087240334, -0.135647957,
Kurtosis,  -0.665914861, -0.416201805, -0.100047237,
AutoCor,   -0.240426973, -0.109458738,  0.357211779,
Markow Autoregressive (lag 1) bivariate joint 3 asset model cond. params
uProb.,   0.273051026,  0.726948974,
Prob (1),   0.079835595,  0.920164405,
Prob (2),   0.345625131,  0.654374869,
Mean,      0.006719089, -0.008906180,  0.000369536,
Cor (1),    1.000000000,  0.966149921, -0.707464541,
Cor (2),    0.966149921,  1.000000000,  0.052580014,
Cor (3),   -0.707464541,  0.052580014,  1.000000000,
VCV (1),    0.000006634,  0.000013242, -0.000000554,
VCV (2),    0.000013242,  0.000028320,  0.000000085,
VCV (3),   -0.000000554,  0.000000085,  0.000000092,
St.dev,     0.002575581,  0.005321626,  0.000303903,
Mean,     -0.002313087,  0.003452449, -0.000085034,
Cor (1),    1.000000000, -0.477512858, -0.687805976,
Cor (2),   -0.477512858,  1.000000000, -0.658892466,
Cor (3),   -0.687805976, -0.658892466,  1.000000000,
VCV (1),    0.000017072, -0.000013152, -0.000001253,
VCV (2),   -0.000013152,  0.000044433, -0.000001937,
VCV (3),   -0.000001253, -0.000001937,  0.000000194,
St.dev,     0.004131778,  0.006665845,  0.000440982,
AutoCor,   -0.212856513,  0.008919977,  0.475868214,

