Round No; 7; best result RLS; 8.015996666619

;;;
Statistical description of data for: Meginajums1
Calib/Tail/Per/Cur, 784, 9999, 23, 0,
Title,    INDEX WITH EQUAL WEIGHTS based on market value,EQUITY LM SNP,REX BOND     ,
Mean,       0.000158634,  0.000175148,  0.000011824,
VCV (1),    0.000022943, -0.000000281, -0.000000006,
VCV (2),   -0.000000281,  0.000027803, -0.000000034,
VCV (3),   -0.000000006, -0.000000034,  0.000000099,
St.dev,     0.004789897,  0.005272874,  0.000315163,
Skewness,  -1.581739356, -0.533728382, -0.333150084,
Kurtosis,  24.552038003,  6.345066446, 26.810331499,
AutoCor,   -0.072787598,  0.126724186, -0.366572783,
No.; 1; Score; 8.015996666619;
Markow Autoregressive (lag 1) bivariate joint 3 asset model uncond. params
uMean,     -0.004878770,  0.001709977, -0.000317278,
VCV (1),    0.000021829,  0.000005647, -0.000000392,
VCV (2),    0.000005647,  0.000022601,  0.000000759,
VCV (3),   -0.000000392,  0.000000759,  0.000000165,
Cor (1),    1.000000000,  0.254253967, -0.206382002,
Cor (2),    0.254253967,  1.000000000,  0.392785334,
Cor (3),   -0.206382002,  0.392785334,  1.000000000,
St.dev,     0.004672140,  0.004754055,  0.000406469,
Skewness,   0.032740678, -0.883286087, -0.030776656,
Kurtosis,   0.018334250,  1.147213040,  0.122645948,
AutoCor,    0.440819311, -0.216400978, -0.137826645,
Markow Autoregressive (lag 1) bivariate joint 3 asset model cond. params
uProb.,   0.742039103,  0.257960897,
Prob (1),   0.750273610,  0.249726390,
Prob (2),   0.718352076,  0.281647924,
Mean,     -0.004541067,  0.003390469, -0.000329327,
Cor (1),    1.000000000,  0.486672363, -0.147801690,
Cor (2),    0.486672363,  1.000000000,  0.820152550,
Cor (3),   -0.147801690,  0.820152550,  1.000000000,
VCV (1),    0.000018413,  0.000005865, -0.000000270,
VCV (2),    0.000005865,  0.000007887,  0.000000982,
VCV (3),   -0.000000270,  0.000000982,  0.000000182,
St.dev,     0.004291041,  0.002808355,  0.000426150,
Mean,     -0.005850190, -0.003124054, -0.000282617,
Cor (1),    1.000000000,  0.061489258, -0.658471680,
Cor (2),    0.061489258,  1.000000000,  0.113983276,
Cor (3),   -0.658471680,  0.113983276,  1.000000000,
VCV (1),    0.000013725,  0.000001169, -0.000000788,
VCV (2),    0.000001169,  0.000026333,  0.000000189,
VCV (3),   -0.000000788,  0.000000189,  0.000000104,
St.dev,     0.003704707,  0.005131613,  0.000322873,
AutoCor,    0.447058106, -0.355738745, -0.138256836,

No.; 2; Score; 15.069659677143;
Markow Autoregressive (lag 1) bivariate joint 3 asset model uncond. params
uMean,      0.000183192,  0.000207843,  0.000062247,
VCV (1),    0.000044182, -0.000027525,  0.000000451,
VCV (2),   -0.000027525,  0.000050744,  0.000001331,
VCV (3),    0.000000451,  0.000001331,  0.000000200,
Cor (1),    1.000000000, -0.581324579,  0.151810059,
Cor (2),   -0.581324579,  1.000000000,  0.418391492,
Cor (3),    0.151810059,  0.418391492,  1.000000000,
St.dev,     0.006646920,  0.007123486,  0.000446689,
Skewness,  -0.054431974, -0.479701413, -0.018851029,
Kurtosis,   0.025344049, -0.361042175,  0.309671465,
AutoCor,   -0.262257819,  0.284096085, -0.209940048,
Markow Autoregressive (lag 1) bivariate joint 3 asset model cond. params
uProb.,   0.457085712,  0.542914288,
Prob (1),   0.654860147,  0.345139853,
Prob (2),   0.290577166,  0.709422834,
Mean,     -0.001236199,  0.005537262,  0.000052716,
Cor (1),    1.000000000, -0.387064892,  0.172413742,
Cor (2),   -0.387064892,  1.000000000,  0.600639733,
Cor (3),    0.172413742,  0.600639733,  1.000000000,
VCV (1),    0.000043201, -0.000008619,  0.000000577,
VCV (2),   -0.000008619,  0.000011477,  0.000001036,
VCV (3),    0.000000577,  0.000001036,  0.000000259,
St.dev,     0.006572756,  0.003387704,  0.000509230,
Mean,      0.001378194, -0.004279055,  0.000070271,
Cor (1),    1.000000000, -0.935086110,  0.126562320,
Cor (2),   -0.935086110,  1.000000000,  0.793546982,
Cor (3),    0.126562320,  0.793546982,  1.000000000,
VCV (1),    0.000035425, -0.000034093,  0.000000275,
VCV (2),   -0.000034093,  0.000037525,  0.000001772,
VCV (3),    0.000000275,  0.000001772,  0.000000133,
St.dev,     0.005951876,  0.006125728,  0.000364460,
AutoCor,   -0.287271663,  0.212632523, -0.210160213,

No.; 3; Score; 16.03866827952;
Markow Autoregressive (lag 1) bivariate joint 3 asset model uncond. params
uMean,     -0.000054770, -0.000158628, -0.000183881,
VCV (1),    0.000038618, -0.000014405, -0.000000291,
VCV (2),   -0.000014405,  0.000026494,  0.000000149,
VCV (3),   -0.000000291,  0.000000149,  0.000000164,
Cor (1),    1.000000000, -0.450347557, -0.115677591,
Cor (2),   -0.450347557,  1.000000000,  0.071748883,
Cor (3),   -0.115677591,  0.071748883,  1.000000000,
St.dev,     0.006214357,  0.005147187,  0.000404755,
Skewness,   0.095592971,  0.256485588,  0.895276817,
Kurtosis,  -0.233170031,  0.190324681,  0.665924002,
AutoCor,   -0.095440818,  0.041396481,  0.111132108,
Markow Autoregressive (lag 1) bivariate joint 3 asset model cond. params
uProb.,   0.227171826,  0.772828174,
Prob (1),   0.164571557,  0.835428443,
Prob (2),   0.245573093,  0.754426907,
Mean,     -0.005560390, -0.002638949,  0.000373862,
Cor (1),    1.000000000, -0.026608368,  0.181251044,
Cor (2),   -0.026608368,  1.000000000, -0.367174497,
Cor (3),    0.181251044, -0.367174497,  1.000000000,
VCV (1),    0.000017544, -0.000000299,  0.000000253,
VCV (2),   -0.000000299,  0.000007180, -0.000000328,
VCV (3),    0.000000253, -0.000000328,  0.000000111,
St.dev,     0.004188527,  0.002679594,  0.000333605,
Mean,      0.001563599,  0.000570460, -0.000347829,
Cor (1),    1.000000000, -0.762817913,  0.585396629,
Cor (2),   -0.762817913,  1.000000000,  0.663787279,
Cor (3),    0.585396629,  0.663787279,  1.000000000,
VCV (1),    0.000032901, -0.000023865,  0.000000745,
VCV (2),   -0.000023865,  0.000029750,  0.000000803,
VCV (3),    0.000000745,  0.000000803,  0.000000049,
St.dev,     0.005735952,  0.005454329,  0.000221861,
AutoCor,   -0.099771484,  0.050363040,  0.353842935,

No.; 4; Score; 16.454970711802;
Markow Autoregressive (lag 1) bivariate joint 3 asset model uncond. params
uMean,      0.000136477,  0.000176089,  0.000047149,
VCV (1),    0.000037117, -0.000009017,  0.000000304,
VCV (2),   -0.000009017,  0.000022137,  0.000000483,
VCV (3),    0.000000304,  0.000000483,  0.000000061,
Cor (1),    1.000000000, -0.314588595,  0.201679609,
Cor (2),   -0.314588595,  1.000000000,  0.415423354,
Cor (3),    0.201679609,  0.415423354,  1.000000000,
St.dev,     0.006092338,  0.004704960,  0.000247185,
Skewness,  -0.575874693,  0.950706750, -0.509921518,
Kurtosis,  -0.012025990,  3.373566059,  2.805284581,
AutoCor,   -0.217589274, -0.011692211,  0.124391352,
Markow Autoregressive (lag 1) bivariate joint 3 asset model cond. params
uProb.,   0.762556689,  0.237443311,
Prob (1),   0.785890076,  0.214109924,
Prob (2),   0.687620780,  0.312379220,
Mean,      0.002660759, -0.000669842,  0.000072064,
Cor (1),    1.000000000, -0.764269047, -0.308484820,
Cor (2),   -0.764269047,  1.000000000,  0.713890404,
Cor (3),   -0.308484820,  0.713890404,  1.000000000,
VCV (1),    0.000009909, -0.000006892, -0.000000158,
VCV (2),   -0.000006892,  0.000008206,  0.000000334,
VCV (3),   -0.000000158,  0.000000334,  0.000000027,
St.dev,     0.003147884,  0.002864556,  0.000163105,
Mean,     -0.007970334,  0.002892821, -0.000032868,
Cor (1),    1.000000000,  0.491322547,  0.684415322,
Cor (2),    0.491322547,  1.000000000,  0.415810248,
Cor (3),    0.684415322,  0.415810248,  1.000000000,
VCV (1),    0.000012577,  0.000013172,  0.000000970,
VCV (2),    0.000013172,  0.000057148,  0.000001256,
VCV (3),    0.000000970,  0.000001256,  0.000000160,
St.dev,     0.003546366,  0.007559610,  0.000399483,
AutoCor,   -0.605735858, -0.024430576,  0.125272445,

No.; 5; Score; 19.063178174467;
Markow Autoregressive (lag 1) bivariate joint 3 asset model uncond. params
uMean,      0.000213771,  0.000174501,  0.000018038,
VCV (1),    0.000053969,  0.000019763,  0.000000910,
VCV (2),    0.000019763,  0.000057765,  0.000001106,
VCV (3),    0.000000910,  0.000001106,  0.000000129,
Cor (1),    1.000000000,  0.353962376,  0.345340785,
Cor (2),    0.353962376,  1.000000000,  0.405769038,
Cor (3),    0.345340785,  0.405769038,  1.000000000,
St.dev,     0.007346346,  0.007600306,  0.000358508,
Skewness,  -0.114108066,  0.188837207,  0.030079588,
Kurtosis,  -0.836877632, -0.552236188, -0.178008472,
AutoCor,    0.127268481,  0.170037738, -0.350380595,
Markow Autoregressive (lag 1) bivariate joint 3 asset model cond. params
uProb.,   0.344735327,  0.655264673,
Prob (1),   0.551217287,  0.448782713,
Prob (2),   0.236104985,  0.763895015,
Mean,      0.007927620,  0.007959258,  0.000284912,
Cor (1),    1.000000000, -0.403195978, -0.711884339,
Cor (2),   -0.403195978,  1.000000000,  0.888177308,
Cor (3),   -0.711884339,  0.888177308,  1.000000000,
VCV (1),    0.000009225, -0.000005880, -0.000000477,
VCV (2),   -0.000005880,  0.000023054,  0.000000940,
VCV (3),   -0.000000477,  0.000000940,  0.000000049,
St.dev,     0.003037211,  0.004801475,  0.000220440,
Mean,     -0.003844492, -0.003921067, -0.000122364,
Cor (1),    1.000000000, -0.529092874,  0.005939729,
Cor (2),   -0.529092874,  1.000000000, -0.373352102,
Cor (3),    0.005939729, -0.373352102,  1.000000000,
VCV (1),    0.000029130, -0.000014939,  0.000000008,
VCV (2),   -0.000014939,  0.000027366, -0.000000475,
VCV (3),    0.000000008, -0.000000475,  0.000000059,
St.dev,     0.005397221,  0.005231274,  0.000243413,
AutoCor,   -0.132192602, -0.008676211, -0.624226987,

No.; 6; Score; 19.349728405561;
Markow Autoregressive (lag 1) bivariate joint 3 asset model uncond. params
uMean,      0.000186445,  0.000230418,  0.000028524,
VCV (1),    0.000069065, -0.000024764,  0.000000354,
VCV (2),   -0.000024764,  0.000034401,  0.000000255,
VCV (3),    0.000000354,  0.000000255,  0.000000293,
Cor (1),    1.000000000, -0.508050387,  0.078640723,
Cor (2),   -0.508050387,  1.000000000,  0.080267102,
Cor (3),    0.078640723,  0.080267102,  1.000000000,
St.dev,     0.008310553,  0.005865259,  0.000541127,
Skewness,   0.187257074, -1.026384711,  0.073437658,
Kurtosis,   0.143202181,  1.827005577,  0.090950594,
AutoCor,   -0.172835625,  0.189521111, -0.250025508,
Markow Autoregressive (lag 1) bivariate joint 3 asset model cond. params
uProb.,   0.834434719,  0.165565281,
Prob (1),   0.876885697,  0.123114303,
Prob (2),   0.620485456,  0.379514544,
Mean,     -0.001306057,  0.001849643, -0.000011705,
Cor (1),    1.000000000, -0.674733823,  0.206115210,
Cor (2),   -0.674733823,  1.000000000,  0.244609022,
Cor (3),    0.206115210,  0.244609022,  1.000000000,
VCV (1),    0.000052310, -0.000019412,  0.000000743,
VCV (2),   -0.000019412,  0.000015824,  0.000000485,
VCV (3),    0.000000743,  0.000000485,  0.000000248,
St.dev,     0.007232569,  0.003977888,  0.000498091,
Mean,      0.007708527, -0.007930338,  0.000231278,
Cor (1),    1.000000000,  0.354880249, -0.738465162,
Cor (2),    0.354880249,  1.000000000,  0.305742575,
Cor (3),   -0.738465162,  0.305742575,  1.000000000,
VCV (1),    0.000062780,  0.000018951, -0.000003455,
VCV (2),    0.000018951,  0.000045423,  0.000001217,
VCV (3),   -0.000003455,  0.000001217,  0.000000349,
St.dev,     0.007923394,  0.006739679,  0.000590458,
AutoCor,   -0.256152224,  0.147809648, -0.264536571,

