Round No; 3; best result RLS; 8.6183812337526

;;;
Statistical description of data for: Meginajums1
Calib/Tail/Per/Cur, 784, 9999, 23, 0,
Title,    INDEX WITH EQUAL WEIGHTS based on market value,EQUITY LM SNP,REX BOND     ,
Mean,       0.000158634,  0.000175148,  0.000011824,
VCV (1),    0.000022943, -0.000000281, -0.000000006,
VCV (2),   -0.000000281,  0.000027803, -0.000000034,
VCV (3),   -0.000000006, -0.000000034,  0.000000099,
St.dev,     0.004789897,  0.005272874,  0.000315163,
Skewness,  -1.581739356, -0.533728382, -0.333150084,
Kurtosis,  24.552038003,  6.345066446, 26.810331499,
AutoCor,   -0.072787598,  0.126724186, -0.366572783,
No.; 1; Score; 8.6183812337526;
Markow Autoregressive (lag 1) bivariate joint 3 asset model uncond. params
uMean,     -0.004988345,  0.002072551, -0.000482050,
VCV (1),    0.000026562,  0.000012335, -0.000000095,
VCV (2),    0.000012335,  0.000088694,  0.000001437,
VCV (3),   -0.000000095,  0.000001437,  0.000010893,
Cor (1),    1.000000000,  0.254127616, -0.005590470,
Cor (2),    0.254127616,  1.000000000,  0.046228022,
Cor (3),   -0.005590470,  0.046228022,  1.000000000,
St.dev,     0.005153878,  0.009417753,  0.003300454,
Skewness,  -0.196301650, -0.004275129,  0.000118717,
Kurtosis,   0.063750496,  0.001434033,  0.005663658,
AutoCor,    0.371440214, -0.777743929, -0.993494111,
Markow Autoregressive (lag 1) bivariate joint 3 asset model cond. params
uProb.,   0.736033566,  0.263966434,
Prob (1),   0.750559338,  0.249440662,
Prob (2),   0.695530480,  0.304469520,
Mean,     -0.005870747,  0.002578567, -0.000493259,
Cor (1),    1.000000000,  0.819418945, -0.198090820,
Cor (2),    0.819418945,  1.000000000,  0.665163574,
Cor (3),   -0.198090820,  0.665163574,  1.000000000,
VCV (1),    0.000024565,  0.000023389, -0.000000307,
VCV (2),    0.000023389,  0.000033166,  0.000001197,
VCV (3),   -0.000000307,  0.000001197,  0.000000098,
St.dev,     0.004956336,  0.005758970,  0.000312353,
Mean,     -0.002527889,  0.000661595, -0.000450797,
Cor (1),    1.000000000,  0.130363769,  0.133369141,
Cor (2),    0.130363769,  1.000000000, -0.696184979,
Cor (3),    0.133369141, -0.696184979,  1.000000000,
VCV (1),    0.000009151,  0.000002356,  0.000000206,
VCV (2),    0.000002356,  0.000035695, -0.000002122,
VCV (3),    0.000000206, -0.000002122,  0.000000260,
St.dev,     0.003025076,  0.005974516,  0.000510272,
AutoCor,    0.399604493, -0.784501953, -0.993527832,

No.; 2; Score; 11.280636134531;
Markow Autoregressive (lag 1) bivariate joint 3 asset model uncond. params
uMean,      0.000188825,  0.000159996,  0.000014728,
VCV (1),    0.000035247,  0.000003719, -0.000000285,
VCV (2),    0.000003719,  0.000029489,  0.000000042,
VCV (3),   -0.000000285,  0.000000042,  0.000000054,
Cor (1),    1.000000000,  0.115340380, -0.205855102,
Cor (2),    0.115340380,  1.000000000,  0.033363968,
Cor (3),   -0.205855102,  0.033363968,  1.000000000,
St.dev,     0.005936957,  0.005430336,  0.000233236,
Skewness,  -0.505820908,  0.031805692,  0.262865800,
Kurtosis,   0.500139054, -0.030443780, -0.029156735,
AutoCor,    0.262473885,  0.231018147, -0.217509153,
Markow Autoregressive (lag 1) bivariate joint 3 asset model cond. params
uProb.,   0.613337571,  0.386662429,
Prob (1),   0.557906840,  0.442093160,
Prob (2),   0.701263750,  0.298736250,
Mean,      0.002271527,  0.001602843, -0.000086998,
Cor (1),    1.000000000,  0.500442012, -0.039069414,
Cor (2),    0.500442012,  1.000000000,  0.597887491,
Cor (3),   -0.039069414,  0.597887491,  1.000000000,
VCV (1),    0.000014656,  0.000009640, -0.000000026,
VCV (2),    0.000009640,  0.000025321,  0.000000527,
VCV (3),   -0.000000026,  0.000000527,  0.000000031,
St.dev,     0.003828310,  0.005031951,  0.000175236,
Mean,     -0.003114831, -0.002128699,  0.000176088,
Cor (1),    1.000000000, -0.589327045,  0.139724440,
Cor (2),   -0.589327045,  1.000000000, -0.076673801,
Cor (3),    0.139724440, -0.076673801,  1.000000000,
VCV (1),    0.000040560, -0.000017731,  0.000000185,
VCV (2),   -0.000017731,  0.000022317, -0.000000075,
VCV (3),    0.000000185, -0.000000075,  0.000000043,
St.dev,     0.006368650,  0.004724092,  0.000208348,
AutoCor,    0.360910035,  0.278228884, -0.249553184,

No.; 3; Score; 16.060102596303;
Markow Autoregressive (lag 1) bivariate joint 3 asset model uncond. params
uMean,      0.000113585,  0.000191650,  0.000062954,
VCV (1),    0.000009277, -0.000002445, -0.000000875,
VCV (2),   -0.000002445,  0.000047469,  0.000000449,
VCV (3),   -0.000000875,  0.000000449,  0.000000215,
Cor (1),    1.000000000, -0.116503730, -0.620235738,
Cor (2),   -0.116503730,  1.000000000,  0.140528132,
Cor (3),   -0.620235738,  0.140528132,  1.000000000,
St.dev,     0.003045741,  0.006889748,  0.000463369,
Skewness,   0.171749342, -0.133528410, -0.042407391,
Kurtosis,   0.152740906,  0.096654571,  0.104010790,
AutoCor,   -0.261410074, -0.073942346, -0.110099637,
Markow Autoregressive (lag 1) bivariate joint 3 asset model cond. params
uProb.,   0.386424883,  0.613575117,
Prob (1),   0.088989951,  0.911010049,
Prob (2),   0.573747113,  0.426252887,
Mean,      0.001149491,  0.002120985,  0.000018204,
Cor (1),    1.000000000, -0.371212919, -0.727258634,
Cor (2),   -0.371212919,  1.000000000,  0.631523528,
Cor (3),   -0.727258634,  0.631523528,  1.000000000,
VCV (1),    0.000010504, -0.000006863, -0.000001204,
VCV (2),   -0.000006863,  0.000032543,  0.000001840,
VCV (3),   -0.000001204,  0.000001840,  0.000000261,
St.dev,     0.003240959,  0.005704685,  0.000510782,
Mean,     -0.000538820, -0.001023431,  0.000091137,
Cor (1),    1.000000000, -0.087814024, -0.538299361,
Cor (2),   -0.087814024,  1.000000000, -0.111614200,
Cor (3),   -0.538299361, -0.111614200,  1.000000000,
VCV (1),    0.000006569, -0.000001636, -0.000000585,
VCV (2),   -0.000001636,  0.000052844, -0.000000344,
VCV (3),   -0.000000585, -0.000000344,  0.000000180,
St.dev,     0.002562922,  0.007269401,  0.000423695,
AutoCor,   -0.243859815, -0.052599698, -0.107885879,

No.; 4; Score; 16.144645614727;
Markow Autoregressive (lag 1) bivariate joint 3 asset model uncond. params
uMean,      0.000135491,  0.000138594, -0.000013691,
VCV (1),    0.000048748, -0.000009423, -0.000002138,
VCV (2),   -0.000009423,  0.000047195,  0.000001368,
VCV (3),   -0.000002138,  0.000001368,  0.000000559,
Cor (1),    1.000000000, -0.196449175, -0.409474208,
Cor (2),   -0.196449175,  1.000000000,  0.266276821,
Cor (3),   -0.409474208,  0.266276821,  1.000000000,
St.dev,     0.006981942,  0.006869878,  0.000747776,
Skewness,  -0.008196391, -0.006713537, -0.089141199,
Kurtosis,  -0.595876452, -0.193560383,  0.045274397,
AutoCor,   -0.020960414,  0.016155599, -0.640410271,
Markow Autoregressive (lag 1) bivariate joint 3 asset model cond. params
uProb.,   0.399479580,  0.600520420,
Prob (1),   0.536509390,  0.463490610,
Prob (2),   0.308324293,  0.691675707,
Mean,     -0.006112149,  0.004761034,  0.000201588,
Cor (1),    1.000000000,  0.421054045, -0.111409266,
Cor (2),    0.421054045,  1.000000000,  0.617413778,
Cor (3),   -0.111409266,  0.617413778,  1.000000000,
VCV (1),    0.000016619,  0.000009429, -0.000000200,
VCV (2),    0.000009429,  0.000030178,  0.000001494,
VCV (3),   -0.000000200,  0.000001494,  0.000000194,
St.dev,     0.004076676,  0.005493439,  0.000440554,
Mean,      0.004291560, -0.002936356, -0.000156900,
Cor (1),    1.000000000,  0.339911146, -0.540190292,
Cor (2),    0.339911146,  1.000000000,  0.035641696,
Cor (3),   -0.540190292,  0.035641696,  1.000000000,
VCV (1),    0.000023354,  0.000009653, -0.000001501,
VCV (2),    0.000009653,  0.000034536,  0.000000120,
VCV (3),   -0.000001501,  0.000000120,  0.000000330,
St.dev,     0.004832606,  0.005876709,  0.000574879,
AutoCor,   -0.304923606, -0.075221172, -0.691094903,

No.; 5; Score; 19.683388716385;
Markow Autoregressive (lag 1) bivariate joint 3 asset model uncond. params
uMean,      0.000171105,  0.000199939,  0.000061819,
VCV (1),    0.000026618,  0.000026420, -0.000000064,
VCV (2),    0.000026420,  0.000051969,  0.000002338,
VCV (3),   -0.000000064,  0.000002338,  0.000000230,
Cor (1),    1.000000000,  0.710340114, -0.025798702,
Cor (2),    0.710340114,  1.000000000,  0.676743525,
Cor (3),   -0.025798702,  0.676743525,  1.000000000,
St.dev,     0.005159245,  0.007208979,  0.000479198,
Skewness,   0.404504049,  0.549951424,  0.895094671,
Kurtosis,   0.310750061,  1.215832886,  0.495175396,
AutoCor,   -0.518830354,  0.069102234, -0.097045232,
Markow Autoregressive (lag 1) bivariate joint 3 asset model cond. params
uProb.,   0.565126510,  0.434873490,
Prob (1),   0.359880839,  0.640119161,
Prob (2),   0.831847230,  0.168152770,
Mean,     -0.001758506, -0.001652998, -0.000208799,
Cor (1),    1.000000000,  0.954652544, -0.581632526,
Cor (2),    0.954652544,  1.000000000,  0.828877730,
Cor (3),   -0.581632526,  0.828877730,  1.000000000,
VCV (1),    0.000007739,  0.000011409, -0.000000337,
VCV (2),    0.000011409,  0.000018454,  0.000000742,
VCV (3),   -0.000000337,  0.000000742,  0.000000043,
St.dev,     0.002781966,  0.004295805,  0.000208459,
Mean,      0.002678671,  0.002607866,  0.000413492,
Cor (1),    1.000000000,  0.823666441, -0.564185027,
Cor (2),    0.823666441,  1.000000000,  0.627313278,
Cor (3),   -0.564185027,  0.627313278,  1.000000000,
VCV (1),    0.000025996,  0.000038420, -0.000001421,
VCV (2),    0.000038420,  0.000083693,  0.000002835,
VCV (3),   -0.000001421,  0.000002835,  0.000000244,
St.dev,     0.005098676,  0.009148362,  0.000493931,
AutoCor,   -0.529242011,  0.119917347,  0.168315108,

No.; 6; Score; 23.384927320156;
Markow Autoregressive (lag 1) bivariate joint 3 asset model uncond. params
uMean,      0.000150477,  0.000167296,  0.000055792,
VCV (1),    0.000035361, -0.000001597, -0.000001175,
VCV (2),   -0.000001597,  0.000041462, -0.000001564,
VCV (3),   -0.000001175, -0.000001564,  0.000000231,
Cor (1),    1.000000000, -0.041714714, -0.410758017,
Cor (2),   -0.041714714,  1.000000000, -0.505219079,
Cor (3),   -0.410758017, -0.505219079,  1.000000000,
St.dev,     0.005946517,  0.006439101,  0.000480882,
Skewness,  -0.401702903,  0.227830148, -1.092289958,
Kurtosis,  -0.435310831,  0.212422797,  1.874153354,
AutoCor,    0.091042753, -0.120919106,  0.247396276,
Markow Autoregressive (lag 1) bivariate joint 3 asset model cond. params
uProb.,   0.655435058,  0.344564942,
Prob (1),   0.866401071,  0.133598929,
Prob (2),   0.254133288,  0.745866712,
Mean,     -0.002552701, -0.001311982,  0.000232853,
Cor (1),    1.000000000, -0.498447202, -0.116116332,
Cor (2),   -0.498447202,  1.000000000, -0.325005062,
Cor (3),   -0.116116332, -0.325005062,  1.000000000,
VCV (1),    0.000027545, -0.000014180, -0.000000148,
VCV (2),   -0.000014180,  0.000029384, -0.000000429,
VCV (3),   -0.000000148, -0.000000429,  0.000000059,
St.dev,     0.005248287,  0.005420683,  0.000243553,
Mean,      0.005292491,  0.002981194, -0.000281015,
Cor (1),    1.000000000,  0.093459056, -0.333829155,
Cor (2),    0.093459056,  1.000000000, -0.553110277,
Cor (3),   -0.333829155, -0.553110277,  1.000000000,
VCV (1),    0.000006104,  0.000001598, -0.000000507,
VCV (2),    0.000001598,  0.000047907, -0.000002354,
VCV (3),   -0.000000507, -0.000002354,  0.000000378,
St.dev,     0.002470617,  0.006921504,  0.000614797,
AutoCor,   -0.246537878, -0.202741111,  0.120603631,

No.; 7; Score; 27.107550095744;
Markow Autoregressive (lag 1) bivariate joint 3 asset model uncond. params
uMean,      0.000131537,  0.000189531,  0.000045159,
VCV (1),    0.000023956,  0.000015238, -0.000000290,
VCV (2),    0.000015238,  0.000056826, -0.000001298,
VCV (3),   -0.000000290, -0.000001298,  0.000000143,
Cor (1),    1.000000000,  0.413008715, -0.156799046,
Cor (2),    0.413008715,  1.000000000, -0.455553889,
Cor (3),   -0.156799046, -0.455553889,  1.000000000,
St.dev,     0.004894451,  0.007538312,  0.000377855,
Skewness,  -0.008138911,  1.170858032, -1.215997455,
Kurtosis,  -0.039224126,  1.299828241,  4.417502373,
AutoCor,    0.332343681,  0.181094205,  0.195919588,
Markow Autoregressive (lag 1) bivariate joint 3 asset model cond. params
uProb.,   0.749173939,  0.250826061,
Prob (1),   0.816917229,  0.183082771,
Prob (2),   0.546836482,  0.453163518,
Mean,     -0.000811136, -0.003037233,  0.000124001,
Cor (1),    1.000000000,  0.221614846, -0.356877536,
Cor (2),    0.221614846,  1.000000000,  0.978183344,
Cor (3),   -0.356877536,  0.978183344,  1.000000000,
VCV (1),    0.000019517,  0.000003811, -0.000000282,
VCV (2),    0.000003811,  0.000015152,  0.000000682,
VCV (3),   -0.000000282,  0.000000682,  0.000000032,
St.dev,     0.004417819,  0.003892548,  0.000179002,
Mean,      0.002947135,  0.009827315, -0.000190326,
Cor (1),    1.000000000,  0.405831502,  0.232228140,
Cor (2),    0.405831502,  1.000000000, -0.890674563,
Cor (3),    0.232228140, -0.890674563,  1.000000000,
VCV (1),    0.000016808,  0.000012535,  0.000000589,
VCV (2),    0.000012535,  0.000056760, -0.000004150,
VCV (3),    0.000000589, -0.000004150,  0.000000383,
St.dev,     0.004099726,  0.007533892,  0.000618528,
AutoCor,    0.340101711,  0.073528283,  0.184834407,

No.; 8; Score; 36.593290885421;
Markow Autoregressive (lag 1) bivariate joint 3 asset model uncond. params
uMean,      0.000169081,  0.000247769, -0.000413568,
VCV (1),    0.000056569, -0.000012887, -0.000002137,
VCV (2),   -0.000012887,  0.000078130, -0.000001324,
VCV (3),   -0.000002137, -0.000001324,  0.000000231,
Cor (1),    1.000000000, -0.193843666, -0.591624459,
Cor (2),   -0.193843666,  1.000000000, -0.311820513,
Cor (3),   -0.591624459, -0.311820513,  1.000000000,
St.dev,     0.007521245,  0.008839110,  0.000480233,
Skewness,  -0.115768574, -0.931554068,  0.154123885,
Kurtosis,   0.431172667,  0.391112572,  0.038441337,
AutoCor,   -0.566901341,  0.417444123, -0.318027298,
Markow Autoregressive (lag 1) bivariate joint 3 asset model cond. params
uProb.,   0.372815637,  0.627184363,
Prob (1),   0.578532416,  0.421467584,
Prob (2),   0.250531925,  0.749468075,
Mean,      0.001205818, -0.008206077, -0.000164929,
Cor (1),    1.000000000, -0.842548735, -0.981117317,
Cor (2),   -0.842548735,  1.000000000, -0.447277832,
Cor (3),   -0.981117317, -0.447277832,  1.000000000,
VCV (1),    0.000013440, -0.000023094, -0.000001545,
VCV (2),   -0.000023094,  0.000055897, -0.000001436,
VCV (3),   -0.000001545, -0.000001436,  0.000000184,
St.dev,     0.003666106,  0.007476404,  0.000429512,
Mean,     -0.000447184,  0.005272967, -0.000561366,
Cor (1),    1.000000000, -0.109128418, -0.673518142,
Cor (2),   -0.109128418,  1.000000000,  0.670348459,
Cor (3),   -0.673518142,  0.670348459,  1.000000000,
VCV (1),    0.000051485, -0.000002215, -0.000001805,
VCV (2),   -0.000002215,  0.000008003,  0.000000708,
VCV (3),   -0.000001805,  0.000000708,  0.000000139,
St.dev,     0.007175313,  0.002828895,  0.000373474,
AutoCor,   -0.577124023,  0.524036590, -0.440480003,

No.; 9; Score; 42.091667666077;
Markow Autoregressive (lag 1) bivariate joint 3 asset model uncond. params
uMean,      0.000262234,  0.000228124,  0.000024840,
VCV (1),    0.000024246, -0.000023602,  0.000000848,
VCV (2),   -0.000023602,  0.000111956, -0.000000208,
VCV (3),    0.000000848, -0.000000208,  0.000000222,
Cor (1),    1.000000000, -0.453018769,  0.365897080,
Cor (2),   -0.453018769,  1.000000000, -0.041853927,
Cor (3),    0.365897080, -0.041853927,  1.000000000,
St.dev,     0.004923996,  0.010580935,  0.000470810,
Skewness,   0.529656078, -0.034516981, -0.307568847,
Kurtosis,   0.342553905, -0.038075393, -0.778815039,
AutoCor,   -0.310451277, -0.124421407, -0.035548273,
Markow Autoregressive (lag 1) bivariate joint 3 asset model cond. params
uProb.,   0.529536244,  0.470463756,
Prob (1),   0.458372658,  0.541627342,
Prob (2),   0.609635291,  0.390364709,
Mean,      0.002361228, -0.003492023,  0.000384425,
Cor (1),    1.000000000, -0.814949870, -0.165909657,
Cor (2),   -0.814949870,  1.000000000,  0.810350372,
Cor (3),   -0.165909657,  0.810350372,  1.000000000,
VCV (1),    0.000026182, -0.000041455, -0.000000194,
VCV (2),   -0.000041455,  0.000098832,  0.000001844,
VCV (3),   -0.000000194,  0.000001844,  0.000000052,
St.dev,     0.005116792,  0.009941420,  0.000228838,
Mean,     -0.002100315,  0.004415380, -0.000379897,
Cor (1),    1.000000000,  0.681622320,  0.272030890,
Cor (2),    0.681622320,  1.000000000,  0.250413912,
Cor (3),    0.272030890,  0.250413912,  1.000000000,
VCV (1),    0.000006465,  0.000016502,  0.000000216,
VCV (2),    0.000016502,  0.000090664,  0.000000744,
VCV (3),    0.000000216,  0.000000744,  0.000000097,
St.dev,     0.002542558,  0.009521769,  0.000311908,
AutoCor,   -0.351381552, -0.120083207,  0.185678518,

No.; 10; Score; 42.453001443146;
Markow Autoregressive (lag 1) bivariate joint 3 asset model uncond. params
uMean,      0.000205864,  0.000194335,  0.000073122,
VCV (1),    0.000035086, -0.000032445, -0.000000138,
VCV (2),   -0.000032445,  0.000077150, -0.000002471,
VCV (3),   -0.000000138, -0.000002471,  0.000000257,
Cor (1),    1.000000000, -0.623605518, -0.046053371,
Cor (2),   -0.623605518,  1.000000000, -0.555370761,
Cor (3),   -0.046053371, -0.555370761,  1.000000000,
St.dev,     0.005923365,  0.008783491,  0.000506613,
Skewness,   0.033087048, -0.076849454, -0.119106072,
Kurtosis,  -0.756626261, -0.447291836, -0.065568866,
AutoCor,   -0.231836223, -0.123080888,  0.411920727,
Markow Autoregressive (lag 1) bivariate joint 3 asset model cond. params
uProb.,   0.288443242,  0.711556758,
Prob (1),   0.091248011,  0.908751989,
Prob (2),   0.368380128,  0.631619872,
Mean,      0.007121042, -0.009028562,  0.000369255,
Cor (1),    1.000000000,  0.971537029, -0.682388107,
Cor (2),    0.971537029,  1.000000000, -0.022204988,
Cor (3),   -0.682388107, -0.022204988,  1.000000000,
VCV (1),    0.000006481,  0.000013648, -0.000000538,
VCV (2),    0.000013648,  0.000030451, -0.000000038,
VCV (3),   -0.000000538, -0.000000038,  0.000000096,
St.dev,     0.002545737,  0.005518251,  0.000309417,
Mean,     -0.002597337,  0.003933014, -0.000046921,
Cor (1),    1.000000000, -0.495138338, -0.677046136,
Cor (2),   -0.495138338,  1.000000000, -0.636772964,
Cor (3),   -0.677046136, -0.636772964,  1.000000000,
VCV (1),    0.000018757, -0.000014798, -0.000001268,
VCV (2),   -0.000014798,  0.000047621, -0.000001900,
VCV (3),   -0.000001268, -0.000001900,  0.000000187,
St.dev,     0.004330888,  0.006900769,  0.000432468,
AutoCor,   -0.175915624,  0.001412335,  0.522703823,

No.; 11; Score; 44.169203822982;
Markow Autoregressive (lag 1) bivariate joint 3 asset model uncond. params
uMean,     -0.000970835, -0.000863534, -0.000349484,
VCV (1),    0.000319780, -0.000029220, -0.000006075,
VCV (2),   -0.000029220,  0.000083909,  0.000000146,
VCV (3),   -0.000006075,  0.000000146,  0.000000543,
Cor (1),    1.000000000, -0.178383170, -0.461167616,
Cor (2),   -0.178383170,  1.000000000,  0.021602862,
Cor (3),   -0.461167616,  0.021602862,  1.000000000,
St.dev,     0.017882394,  0.009160174,  0.000736625,
Skewness,   0.011988011, -0.133997201,  0.177051243,
Kurtosis,  -0.022535461, -0.242116039,  0.200689772,
AutoCor,   -0.815381324,  0.421877133, -0.624150405,
Markow Autoregressive (lag 1) bivariate joint 3 asset model cond. params
uProb.,   0.446119650,  0.553880350,
Prob (1),   0.512363035,  0.487636965,
Prob (2),   0.392764307,  0.607235693,
Mean,      0.005617055, -0.007097981, -0.000550105,
Cor (1),    1.000000000, -0.367739258, -0.422163086,
Cor (2),   -0.367739258,  1.000000000, -0.227268066,
Cor (3),   -0.422163086, -0.227268066,  1.000000000,
VCV (1),    0.000039747, -0.000014232, -0.000000995,
VCV (2),   -0.000014232,  0.000037682, -0.000000521,
VCV (3),   -0.000000995, -0.000000521,  0.000000140,
St.dev,     0.006304547,  0.006138602,  0.000373662,
Mean,     -0.006277013,  0.004157964, -0.000187894,
Cor (1),    1.000000000,  0.664885254, -0.677275390,
Cor (2),    0.664885254,  1.000000000, -0.511614667,
Cor (3),   -0.677275390, -0.511614667,  1.000000000,
VCV (1),    0.000037333,  0.000022335, -0.000002596,
VCV (2),    0.000022335,  0.000030227, -0.000001764,
VCV (3),   -0.000002596, -0.000001764,  0.000000393,
St.dev,     0.006110034,  0.005497949,  0.000627246,
AutoCor,   -0.930131836,  0.601777344, -0.671408691,

