Round No; 7; best result RLS; 5.7521083705855

;;;
No.; 1; Score; 5.7521083705855;
Markow Autoregressive (lag 1) bivariate joint 3 asset model uncond. params
uMean,      0.000050024,  0.000052434,  0.000085667,
VCV (1),    0.000011443,  0.000001359,  0.000001582,
VCV (2),    0.000001359,  0.000029286,  0.000003751,
VCV (3),    0.000001582,  0.000003751,  0.000001432,
Cor (1),    1.000000000,  0.074217924,  0.390942673,
Cor (2),    0.074217924,  1.000000000,  0.579365954,
Cor (3),    0.390942673,  0.579365954,  1.000000000,
St.dev,     0.003382754,  0.005411678,  0.001196461,
Skewness,   0.013494447, -0.009553572, -1.399819895,
Kurtosis,   0.025255142,  0.011840598, 27.951490543,
AutoCor,    0.209039766,  0.222522698,  0.292680720,
Markow Autoregressive (lag 1) bivariate joint 3 asset model cond. params
uProb.,   0.991316724,  0.008683276,
Prob (1),   0.991684950,  0.008315050,
Prob (2),   0.949278624,  0.050721376,
Mean,      0.000029308,  0.000094919,  0.000103914,
Cor (1),    1.000000000,  0.078233058,  0.549654011,
Cor (2),    0.078233058,  1.000000000,  0.636672644,
Cor (3),    0.549654011,  0.636672644,  1.000000000,
VCV (1),    0.000010835,  0.000001353,  0.000001715,
VCV (2),    0.000001353,  0.000027588,  0.000003170,
VCV (3),    0.000001715,  0.000003170,  0.000000899,
St.dev,     0.003291716,  0.005252408,  0.000948069,
Mean,      0.002415082, -0.004797782, -0.001997498,
Cor (1),    1.000000000,  0.243768683, -0.740940356,
Cor (2),    0.243768683,  1.000000000,  0.851045068,
Cor (3),   -0.740940356,  0.851045068,  1.000000000,
VCV (1),    0.000017437,  0.000005733, -0.000020400,
VCV (2),    0.000005733,  0.000031722,  0.000031603,
VCV (3),   -0.000020400,  0.000031603,  0.000043471,
St.dev,     0.004175788,  0.005632219,  0.006593270,
AutoCor,    0.209756305,  0.223798987,  0.299507659,

No.; 2; Score; 6.6240783921234;
Markow Autoregressive (lag 1) bivariate joint 3 asset model uncond. params
uMean,      0.000241748,  0.000232283, -0.000135759,
VCV (1),    0.000014609,  0.000000519,  0.000001127,
VCV (2),    0.000000519,  0.000026342, -0.000002656,
VCV (3),    0.000001127, -0.000002656,  0.000001769,
Cor (1),    1.000000000,  0.026475975,  0.221676807,
Cor (2),    0.026475975,  1.000000000, -0.388977477,
Cor (3),    0.221676807, -0.388977477,  1.000000000,
St.dev,     0.003822177,  0.005132399,  0.001330189,
Skewness,  -0.013739580, -0.007397577, -1.328323589,
Kurtosis,   0.027947336, -0.009623959, 28.427781921,
AutoCor,    0.869860839,  0.156560941,  0.527384392,
Markow Autoregressive (lag 1) bivariate joint 3 asset model cond. params
uProb.,   0.991759260,  0.008240740,
Prob (1),   0.996474727,  0.003525273,
Prob (2),   0.424260728,  0.575739272,
Mean,      0.000267995,  0.000194075, -0.000116857,
Cor (1),    1.000000000,  0.054950585,  0.259062877,
Cor (2),    0.054950585,  1.000000000, -0.520391648,
Cor (3),    0.259062877, -0.520391648,  1.000000000,
VCV (1),    0.000003462,  0.000000518,  0.000000451,
VCV (2),    0.000000518,  0.000025676, -0.000002466,
VCV (3),    0.000000451, -0.000002466,  0.000000875,
St.dev,     0.001860530,  0.005067144,  0.000935260,
Mean,     -0.002917040,  0.004830501, -0.002410591,
Cor (1),    1.000000000,  0.580558049,  0.873537379,
Cor (2),    0.580558049,  1.000000000,  0.479190976,
Cor (3),    0.873537379,  0.479190976,  1.000000000,
VCV (1),    0.000007135,  0.000004915,  0.000015861,
VCV (2),    0.000004915,  0.000010045,  0.000010324,
VCV (3),    0.000015861,  0.000010324,  0.000046204,
St.dev,     0.002671216,  0.003169410,  0.006797386,
AutoCor,    0.871559678,  0.153770097,  0.526267834,

No.; 3; Score; 7.7369027535091;
Markow Autoregressive (lag 1) bivariate joint 3 asset model uncond. params
uMean,      0.000137838,  0.000364132,  0.000083942,
VCV (1),    0.000019446,  0.000015366,  0.000002992,
VCV (2),    0.000015366,  0.000027009, -0.000002694,
VCV (3),    0.000002992, -0.000002694,  0.000001624,
Cor (1),    1.000000000,  0.670502214,  0.532443234,
Cor (2),    0.670502214,  1.000000000, -0.406667205,
Cor (3),    0.532443234, -0.406667205,  1.000000000,
St.dev,     0.004409719,  0.005197022,  0.001274463,
Skewness,   0.013761559,  0.009052694, -1.763687356,
Kurtosis,   0.036119624,  0.023909613, 27.311809956,
AutoCor,    0.669819043,  0.111469163,  0.207212583,
Markow Autoregressive (lag 1) bivariate joint 3 asset model cond. params
uProb.,   0.998084631,  0.001915369,
Prob (1),   0.999353213,  0.000646787,
Prob (2),   0.337036036,  0.662963964,
Mean,      0.000125120,  0.000353609,  0.000098696,
Cor (1),    1.000000000,  0.845459708,  0.725299315,
Cor (2),    0.845459708,  1.000000000, -0.446286622,
Cor (3),    0.725299315, -0.446286622,  1.000000000,
VCV (1),    0.000010652,  0.000014222,  0.000002748,
VCV (2),    0.000014222,  0.000026566, -0.000002670,
VCV (3),    0.000002748, -0.000002670,  0.000001347,
St.dev,     0.003263721,  0.005154214,  0.001160786,
Mean,      0.006765483,  0.005847548, -0.007604540,
Cor (1),    1.000000000, -0.422417935, -0.147723863,
Cor (2),   -0.422417935,  1.000000000,  0.893365904,
Cor (3),   -0.147723863,  0.893365904,  1.000000000,
VCV (1),    0.000022139, -0.000014957, -0.000005518,
VCV (2),   -0.000014957,  0.000056628,  0.000053375,
VCV (3),   -0.000005518,  0.000053375,  0.000063035,
St.dev,     0.004705204,  0.007525166,  0.007939452,
AutoCor,    0.669851704,  0.110289823,  0.173040946,

No.; 4; Score; 8.0116133380864;
Markow Autoregressive (lag 1) bivariate joint 3 asset model uncond. params
uMean,      0.000300677,  0.000159251, -0.000177949,
VCV (1),    0.000014611,  0.000009511, -0.000000483,
VCV (2),    0.000009511,  0.000023894, -0.000005627,
VCV (3),   -0.000000483, -0.000005627,  0.000002112,
Cor (1),    1.000000000,  0.509020215, -0.086921618,
Cor (2),    0.509020215,  1.000000000, -0.792054111,
Cor (3),   -0.086921618, -0.792054111,  1.000000000,
St.dev,     0.003822411,  0.004888118,  0.001453287,
Skewness,  -0.745733698, -0.058528205,  3.335935327,
Kurtosis,   4.295721058, -0.022387730, 26.596798265,
AutoCor,    0.576234850,  0.066453907,  0.184896447,
Markow Autoregressive (lag 1) bivariate joint 3 asset model cond. params
uProb.,   0.984590133,  0.015409867,
Prob (1),   0.986482678,  0.013517322,
Prob (2),   0.863668886,  0.136331114,
Mean,      0.000442004,  0.000318528, -0.000282605,
Cor (1),    1.000000000,  0.632914740,  0.196196761,
Cor (2),    0.632914740,  1.000000000, -0.926819100,
Cor (3),    0.196196761, -0.926819100,  1.000000000,
VCV (1),    0.000007149,  0.000008026,  0.000000542,
VCV (2),    0.000008026,  0.000022494, -0.000004541,
VCV (3),    0.000000542, -0.000004541,  0.000001067,
St.dev,     0.002673764,  0.004742782,  0.001033124,
Mean,     -0.008729177, -0.010017510,  0.006508906,
Cor (1),    1.000000000, -0.663375587, -0.225878314,
Cor (2),   -0.663375587,  1.000000000, -0.269736496,
Cor (3),   -0.225878314, -0.269736496,  1.000000000,
VCV (1),    0.000076322, -0.000009199, -0.000008643,
VCV (2),   -0.000009199,  0.000002520, -0.000001875,
VCV (3),   -0.000008643, -0.000001875,  0.000019185,
St.dev,     0.008736244,  0.001587342,  0.004380097,
AutoCor,    0.619628336,  0.062352259,  0.215661270,

No.; 5; Score; 8.5157383766458;
Markow Autoregressive (lag 1) bivariate joint 3 asset model uncond. params
uMean,      0.000065991,  0.000262813,  0.000125700,
VCV (1),    0.000010996, -0.000001824,  0.000003629,
VCV (2),   -0.000001824,  0.000026269, -0.000005725,
VCV (3),    0.000003629, -0.000005725,  0.000002365,
Cor (1),    1.000000000, -0.107315703,  0.711638962,
Cor (2),   -0.107315703,  1.000000000, -0.726320898,
Cor (3),    0.711638962, -0.726320898,  1.000000000,
St.dev,     0.003315965,  0.005125287,  0.001537961,
Skewness,   0.163580414,  0.045142203, -1.262028884,
Kurtosis,   3.135638524,  0.156667781, 22.265862828,
AutoCor,    0.107140131,  0.065909558,  0.276736978,
Markow Autoregressive (lag 1) bivariate joint 3 asset model cond. params
uProb.,   0.004118280,  0.995881720,
Prob (1),   0.073580805,  0.926419195,
Prob (2),   0.003831031,  0.996168969,
Mean,      0.002900896,  0.007462334, -0.004003518,
Cor (1),    1.000000000, -0.207722803,  0.919435249,
Cor (2),   -0.207722803,  1.000000000,  0.937106165,
Cor (3),    0.919435249,  0.937106165,  1.000000000,
VCV (1),    0.000177622, -0.000024256,  0.000113373,
VCV (2),   -0.000024256,  0.000076766,  0.000075965,
VCV (3),    0.000113373,  0.000075965,  0.000085602,
St.dev,     0.013327482,  0.008761607,  0.009252142,
Mean,      0.000054268,  0.000233040,  0.000142776,
Cor (1),    1.000000000, -0.111542710,  0.735213583,
Cor (2),   -0.111542710,  1.000000000, -0.865641013,
Cor (3),    0.735213583, -0.865641013,  1.000000000,
VCV (1),    0.000010147, -0.000001802,  0.000003112,
VCV (2),   -0.000001802,  0.000025731, -0.000005835,
VCV (3),    0.000003112, -0.000005835,  0.000001766,
St.dev,     0.003185369,  0.005072570,  0.001328773,
AutoCor,    0.107253486,  0.065877965,  0.283096726,

No.; 6; Score; 9.8833467558468;
Markow Autoregressive (lag 1) bivariate joint 3 asset model uncond. params
uMean,      0.000470885,  0.000037985,  0.000014494,
VCV (1),    0.000012041,  0.000001697,  0.000001403,
VCV (2),    0.000001697,  0.000024767, -0.000003848,
VCV (3),    0.000001403, -0.000003848,  0.000002527,
Cor (1),    1.000000000,  0.098262403,  0.254297405,
Cor (2),    0.098262403,  1.000000000, -0.486505272,
Cor (3),    0.254297405, -0.486505272,  1.000000000,
St.dev,     0.003469971,  0.004976679,  0.001589504,
Skewness,   0.020916934,  0.000506876,  1.377758537,
Kurtosis,   0.042360846, -0.005294348, 22.281431481,
AutoCor,    0.796111640,  0.199926223,  0.503846521,
Markow Autoregressive (lag 1) bivariate joint 3 asset model cond. params
uProb.,   0.996408079,  0.003591921,
Prob (1),   0.996676967,  0.003323033,
Prob (2),   0.921817954,  0.078182046,
Mean,      0.000449932,  0.000058984, -0.000004837,
Cor (1),    1.000000000,  0.152951417,  0.277703199,
Cor (2),    0.152951417,  1.000000000, -0.568384572,
Cor (3),    0.277703199, -0.568384572,  1.000000000,
VCV (1),    0.000004215,  0.000001529,  0.000000689,
VCV (2),    0.000001529,  0.000023698, -0.000003342,
VCV (3),    0.000000689, -0.000003342,  0.000001459,
St.dev,     0.002053065,  0.004868047,  0.001207883,
Mean,      0.006283169, -0.005787314,  0.005377057,
Cor (1),    1.000000000,  0.084640344,  0.723394031,
Cor (2),    0.084640344,  1.000000000, -0.128952242,
Cor (3),    0.723394031, -0.128952242,  1.000000000,
VCV (1),    0.000006778,  0.000000745,  0.000017451,
VCV (2),    0.000000745,  0.000011428, -0.000004040,
VCV (3),    0.000017451, -0.000004040,  0.000085864,
St.dev,     0.002603389,  0.003380593,  0.009266291,
AutoCor,    0.803481068,  0.200547007,  0.522201389,

No.; 7; Score; 9.9273831227473;
Markow Autoregressive (lag 1) bivariate joint 3 asset model uncond. params
uMean,      0.000380911,  0.000128646, -0.000081596,
VCV (1),    0.000013881,  0.000004402,  0.000001749,
VCV (2),    0.000004402,  0.000024864, -0.000002604,
VCV (3),    0.000001749, -0.000002604,  0.000002211,
Cor (1),    1.000000000,  0.236935237,  0.315642106,
Cor (2),    0.236935237,  1.000000000, -0.351275141,
Cor (3),    0.315642106, -0.351275141,  1.000000000,
St.dev,     0.003725663,  0.004986343,  0.001486882,
Skewness,   0.927206159, -0.348982403, -1.644498415,
Kurtosis,   8.929056863,  1.811051050, 11.703299016,
AutoCor,    0.384341540,  0.649537659,  0.348029555,
Markow Autoregressive (lag 1) bivariate joint 3 asset model cond. params
uProb.,   0.981169897,  0.018830103,
Prob (1),   0.980951870,  0.019048130,
Prob (2),   0.992530489,  0.007469511,
Mean,      0.000276919,  0.000266512, -0.000004838,
Cor (1),    1.000000000,  0.284684480,  0.563365212,
Cor (2),    0.284684480,  1.000000000, -0.705473853,
Cor (3),    0.563365212, -0.705473853,  1.000000000,
VCV (1),    0.000008404,  0.000002767,  0.000001818,
VCV (2),    0.000002767,  0.000011240, -0.000002633,
VCV (3),    0.000001818, -0.000002633,  0.000001239,
St.dev,     0.002898976,  0.003352586,  0.001113167,
Mean,      0.005799573, -0.007055023, -0.004081144,
Cor (1),    1.000000000,  0.438628544,  0.026940894,
Cor (2),    0.438628544,  1.000000000,  0.349290943,
Cor (3),    0.026940894,  0.349290943,  1.000000000,
VCV (1),    0.000155541,  0.000055014,  0.000001498,
VCV (2),    0.000055014,  0.000101137,  0.000015659,
VCV (3),    0.000001498,  0.000015659,  0.000019871,
St.dev,     0.012471588,  0.010056676,  0.004457681,
AutoCor,    0.401094507,  0.676963996,  0.406016881,

No.; 8; Score; 10.123471709906;
Markow Autoregressive (lag 1) bivariate joint 3 asset model uncond. params
uMean,      0.000126867,  0.000168779,  0.000073280,
VCV (1),    0.000013269,  0.000018470,  0.000001670,
VCV (2),    0.000018470,  0.000030627, -0.000001809,
VCV (3),    0.000001670, -0.000001809,  0.000001994,
Cor (1),    1.000000000,  0.916220568,  0.324734881,
Cor (2),    0.916220568,  1.000000000, -0.231430148,
Cor (3),    0.324734881, -0.231430148,  1.000000000,
St.dev,     0.003642606,  0.005534175,  0.001412155,
Skewness,   0.078640329, -0.006704357, -0.479179076,
Kurtosis,   0.115302228,  0.002043203, 12.081395396,
AutoCor,    0.087465468,  0.029257933,  0.595311117,
Markow Autoregressive (lag 1) bivariate joint 3 asset model cond. params
uProb.,   0.989472536,  0.010527464,
Prob (1),   0.991020200,  0.008979800,
Prob (2),   0.844008162,  0.155991838,
Mean,      0.000044173,  0.000141367,  0.000085941,
Cor (1),    1.000000000,  0.941609656,  0.529049828,
Cor (2),    0.941609656,  1.000000000, -0.294518438,
Cor (3),    0.529049828, -0.294518438,  1.000000000,
VCV (1),    0.000012585,  0.000018508,  0.000001797,
VCV (2),    0.000018508,  0.000030701, -0.000001562,
VCV (3),    0.000001797, -0.000001562,  0.000000916,
St.dev,     0.003547498,  0.005540856,  0.000957246,
Mean,      0.007899201,  0.002745228, -0.001116788,
Cor (1),    1.000000000, -0.897035949, -0.564037134,
Cor (2),   -0.897035949,  1.000000000, -0.846950005,
Cor (3),   -0.564037134, -0.846950005,  1.000000000,
VCV (1),    0.000007940, -0.000009633, -0.000009332,
VCV (2),   -0.000009633,  0.000014525, -0.000018954,
VCV (3),   -0.000009332, -0.000018954,  0.000034480,
St.dev,     0.002817726,  0.003811216,  0.005871961,
AutoCor,    0.084434237,  0.028985766,  0.598724304,

No.; 9; Score; 11.754710312662;
Markow Autoregressive (lag 1) bivariate joint 3 asset model uncond. params
uMean,      0.000362929,  0.000070667, -0.000133797,
VCV (1),    0.000013250,  0.000003530,  0.000001471,
VCV (2),    0.000003530,  0.000027836,  0.000001239,
VCV (3),    0.000001471,  0.000001239,  0.000002136,
Cor (1),    1.000000000,  0.183802570,  0.276447508,
Cor (2),    0.183802570,  1.000000000,  0.160714614,
Cor (3),    0.276447508,  0.160714614,  1.000000000,
St.dev,     0.003640028,  0.005275984,  0.001461521,
Skewness,   0.035156825,  0.000072552,  1.885514085,
Kurtosis,   0.067175259,  0.000204551,  9.743483291,
AutoCor,    0.323633545,  0.794894071,  0.443129471,
Markow Autoregressive (lag 1) bivariate joint 3 asset model cond. params
uProb.,   0.984421734,  0.015578266,
Prob (1),   0.989441737,  0.010558263,
Prob (2),   0.667197719,  0.332802281,
Mean,      0.000311485,  0.000073110, -0.000242827,
Cor (1),    1.000000000,  0.254744978,  0.244915806,
Cor (2),    0.254744978,  1.000000000,  0.222150745,
Cor (3),    0.244915806,  0.222150745,  1.000000000,
VCV (1),    0.000011597,  0.000002780,  0.000000830,
VCV (2),    0.000002780,  0.000010266,  0.000000709,
VCV (3),    0.000000830,  0.000000709,  0.000000991,
St.dev,     0.003405464,  0.003204003,  0.000995653,
Mean,      0.003613834, -0.000083755,  0.006756053,
Cor (1),    1.000000000, -0.530989842,  0.940134953,
Cor (2),   -0.530989842,  1.000000000,  0.597277413,
Cor (3),    0.940134953,  0.597277413,  1.000000000,
VCV (1),    0.000018978, -0.000006972,  0.000007380,
VCV (2),   -0.000006972,  0.000009084,  0.000003244,
VCV (3),    0.000007380,  0.000003244,  0.000003247,
St.dev,     0.004356354,  0.003013886,  0.001802071,
AutoCor,    0.323651308,  0.794900478,  0.508703529,

No.; 10; Score; 11.78234553439;
Markow Autoregressive (lag 1) bivariate joint 3 asset model uncond. params
uMean,      0.000431438,  0.000057160,  0.000119980,
VCV (1),    0.000014875,  0.000005669, -0.000003945,
VCV (2),    0.000005669,  0.000024105,  0.000001544,
VCV (3),   -0.000003945,  0.000001544,  0.000002556,
Cor (1),    1.000000000,  0.299370559, -0.639773140,
Cor (2),    0.299370559,  1.000000000,  0.196630320,
Cor (3),   -0.639773140,  0.196630320,  1.000000000,
St.dev,     0.003856849,  0.004909633,  0.001598855,
Skewness,  -0.097760922, -1.770199216,  4.034493762,
Kurtosis,   0.086927811, 15.406259546, 31.641153630,
AutoCor,    0.546442523,  0.459378102,  0.254307294,
Markow Autoregressive (lag 1) bivariate joint 3 asset model cond. params
uProb.,   0.977305356,  0.022694644,
Prob (1),   0.981370575,  0.018629425,
Prob (2),   0.802243785,  0.197756215,
Mean,      0.000598318,  0.000293964, -0.000028343,
Cor (1),    1.000000000,  0.305762664, -0.765025864,
Cor (2),    0.305762664,  1.000000000,  0.583876238,
Cor (3),   -0.765025864,  0.583876238,  1.000000000,
VCV (1),    0.000009219,  0.000003033, -0.000002231,
VCV (2),    0.000003033,  0.000010669,  0.000001832,
VCV (3),   -0.000002231,  0.000001832,  0.000000922,
St.dev,     0.003036323,  0.003266403,  0.000960334,
Mean,     -0.006754934, -0.010140351,  0.006507270,
Cor (1),    1.000000000, -0.169621875, -0.911903878,
Cor (2),   -0.169621875,  1.000000000,  0.443265889,
Cor (3),   -0.911903878,  0.443265889,  1.000000000,
VCV (1),    0.000003822, -0.000005411, -0.000008888,
VCV (2),   -0.000005411,  0.000266249,  0.000036063,
VCV (3),   -0.000008888,  0.000036063,  0.000024861,
St.dev,     0.001954885,  0.016317135,  0.004986059,
AutoCor,    0.578652625,  0.490579614,  0.298575141,

No.; 11; Score; 12.17295059745;
Markow Autoregressive (lag 1) bivariate joint 3 asset model uncond. params
uMean,      0.000407202, -0.000025344, -0.000128594,
VCV (1),    0.000015236,  0.000002547,  0.000000454,
VCV (2),    0.000002547,  0.000028780, -0.000004845,
VCV (3),    0.000000454, -0.000004845,  0.000001135,
Cor (1),    1.000000000,  0.121655606,  0.109163837,
Cor (2),    0.121655606,  1.000000000, -0.847728869,
Cor (3),    0.109163837, -0.847728869,  1.000000000,
St.dev,     0.003903322,  0.005364705,  0.001065353,
Skewness,   0.275603717,  0.115080575,  0.453132700,
Kurtosis,   9.104693850, -0.009167331,  1.092815181,
AutoCor,    0.608832529,  0.079557956,  0.098479480,
Markow Autoregressive (lag 1) bivariate joint 3 asset model cond. params
uProb.,   0.911765170,  0.088234830,
Prob (1),   0.918977702,  0.081022298,
Prob (2),   0.837235243,  0.162764757,
Mean,      0.000338015,  0.000326013, -0.000240588,
Cor (1),    1.000000000,  0.510484133,  0.826278344,
Cor (2),    0.510484133,  1.000000000, -0.913788599,
Cor (3),    0.826278344, -0.913788599,  1.000000000,
VCV (1),    0.000002131,  0.000004037,  0.000001129,
VCV (2),    0.000004037,  0.000029345, -0.000004634,
VCV (3),    0.000001129, -0.000004634,  0.000000876,
St.dev,     0.001459747,  0.005417106,  0.000936212,
Mean,      0.001122142, -0.003656060,  0.001028685,
Cor (1),    1.000000000, -0.487370514, -0.556661946,
Cor (2),   -0.487370514,  1.000000000, -0.528704658,
Cor (3),   -0.556661946, -0.528704658,  1.000000000,
VCV (1),    0.000085936, -0.000011533, -0.000007692,
VCV (2),   -0.000011533,  0.000006516, -0.000002012,
VCV (3),   -0.000007692, -0.000002012,  0.000002222,
St.dev,     0.009270167,  0.002552668,  0.001490537,
AutoCor,    0.610549349,  0.079456636,  0.100637155,

No.; 12; Score; 12.388426720019;
Markow Autoregressive (lag 1) bivariate joint 3 asset model uncond. params
uMean,      0.000413767, -0.000023979, -0.000106930,
VCV (1),    0.000020283,  0.000019333,  0.000003068,
VCV (2),    0.000019333,  0.000034596,  0.000005117,
VCV (3),    0.000003068,  0.000005117,  0.000002433,
Cor (1),    1.000000000,  0.729806595,  0.436751842,
Cor (2),    0.729806595,  1.000000000,  0.557768122,
Cor (3),    0.436751842,  0.557768122,  1.000000000,
St.dev,     0.004503704,  0.005881842,  0.001559703,
Skewness,   0.000119528,  0.097369256,  0.266048477,
Kurtosis,   0.000091124,  0.543954748, 20.674581832,
AutoCor,    0.254422310,  0.424657730,  0.075699885,
Markow Autoregressive (lag 1) bivariate joint 3 asset model cond. params
uProb.,   0.994324231,  0.005675769,
Prob (1),   0.996555749,  0.003444251,
Prob (2),   0.603390027,  0.396609973,
Mean,      0.000416057, -0.000064050, -0.000110926,
Cor (1),    1.000000000,  0.756563049,  0.468939882,
Cor (2),    0.756563049,  1.000000000,  0.655835344,
Cor (3),    0.468939882,  0.655835344,  1.000000000,
VCV (1),    0.000018979,  0.000017231,  0.000002844,
VCV (2),    0.000017231,  0.000027332,  0.000004772,
VCV (3),    0.000002844,  0.000004772,  0.000001937,
St.dev,     0.004356459,  0.005227972,  0.001391922,
Mean,      0.000012476,  0.006995989,  0.000593152,
Cor (1),    1.000000000,  0.405964247,  0.834155907,
Cor (2),    0.405964247,  1.000000000,  0.265833228,
Cor (3),    0.834155907,  0.265833228,  1.000000000,
VCV (1),    0.000017369,  0.000021803,  0.000032289,
VCV (2),    0.000021803,  0.000166065,  0.000031818,
VCV (3),    0.000032289,  0.000031818,  0.000086268,
St.dev,     0.004167625,  0.012886626,  0.009288036,
AutoCor,    0.254416022,  0.424915888,  0.075334369,

No.; 13; Score; 12.584964433902;
Markow Autoregressive (lag 1) bivariate joint 3 asset model uncond. params
uMean,      0.000076368,  0.000292490,  0.000100777,
VCV (1),    0.000013291, -0.000004711,  0.000000586,
VCV (2),   -0.000004711,  0.000028641, -0.000000678,
VCV (3),    0.000000586, -0.000000678,  0.000002327,
Cor (1),    1.000000000, -0.241453404,  0.105438096,
Cor (2),   -0.241453404,  1.000000000, -0.083031763,
Cor (3),    0.105438096, -0.083031763,  1.000000000,
St.dev,     0.003645617,  0.005351743,  0.001525343,
Skewness,  -0.793238247, -0.050160926,  1.963433338,
Kurtosis,   3.523155235, -0.063980450,  7.289457555,
AutoCor,    0.048575320,  0.375758973,  0.191101523,
Markow Autoregressive (lag 1) bivariate joint 3 asset model cond. params
uProb.,   0.967853821,  0.032146179,
Prob (1),   0.975245643,  0.024754357,
Prob (2),   0.745301608,  0.254698392,
Mean,      0.000296222,  0.000591092, -0.000094686,
Cor (1),    1.000000000, -0.438679618,  0.477957374,
Cor (2),   -0.438679618,  1.000000000,  0.218912601,
Cor (3),    0.477957374,  0.218912601,  1.000000000,
VCV (1),    0.000010361, -0.000006705,  0.000001632,
VCV (2),   -0.000006705,  0.000022551,  0.000001103,
VCV (3),    0.000001632,  0.000001103,  0.000001125,
St.dev,     0.003218825,  0.004748819,  0.001060628,
Mean,     -0.006542985, -0.008697799,  0.005985770,
Cor (1),    1.000000000, -0.236202021,  0.892562585,
Cor (2),   -0.236202021,  1.000000000, -0.525082750,
Cor (3),    0.892562585, -0.525082750,  1.000000000,
VCV (1),    0.000055972, -0.000004007,  0.000009125,
VCV (2),   -0.000004007,  0.000005141, -0.000001627,
VCV (3),    0.000009125, -0.000001627,  0.000001867,
St.dev,     0.007481439,  0.002267392,  0.001366425,
AutoCor,    0.026273704,  0.390839641,  0.153119825,

No.; 14; Score; 12.600922912844;
Markow Autoregressive (lag 1) bivariate joint 3 asset model uncond. params
uMean,      0.000339055,  0.000171324, -0.000267637,
VCV (1),    0.000013730, -0.000006939, -0.000000260,
VCV (2),   -0.000006939,  0.000027747, -0.000006455,
VCV (3),   -0.000000260, -0.000006455,  0.000001588,
Cor (1),    1.000000000, -0.355498593, -0.055703539,
Cor (2),   -0.355498593,  1.000000000, -0.972278648,
Cor (3),   -0.055703539, -0.972278648,  1.000000000,
St.dev,     0.003705359,  0.005267589,  0.001260267,
Skewness,  -0.006642644,  1.029455757, -1.083901054,
Kurtosis,  -0.032877738,  3.338382545,  3.695923611,
AutoCor,    0.720046158,  0.258854791,  0.210475127,
Markow Autoregressive (lag 1) bivariate joint 3 asset model cond. params
uProb.,   0.894944845,  0.105055155,
Prob (1),   0.937418055,  0.062581945,
Prob (2),   0.533123664,  0.466876336,
Mean,      0.000000927, -0.000576082, -0.000091522,
Cor (1),    1.000000000, -0.898745797, -0.025916060,
Cor (2),   -0.898745797,  1.000000000, -0.984881438,
Cor (3),   -0.025916060, -0.984881438,  1.000000000,
VCV (1),    0.000005945, -0.000008612, -0.000000059,
VCV (2),   -0.000008612,  0.000015445, -0.000003642,
VCV (3),   -0.000000059, -0.000003642,  0.000000885,
St.dev,     0.002438189,  0.003930071,  0.000941007,
Mean,      0.003219505,  0.006538338, -0.001767931,
Cor (1),    1.000000000,  0.094900580,  0.628137370,
Cor (2),    0.094900580,  1.000000000, -0.941224018,
Cor (3),    0.628137370, -0.941224018,  1.000000000,
VCV (1),    0.000003539,  0.000001554,  0.000002559,
VCV (2),    0.000001554,  0.000075798, -0.000017743,
VCV (3),    0.000002559, -0.000017743,  0.000004688,
St.dev,     0.001881214,  0.008706228,  0.002165186,
AutoCor,    0.744155318,  0.228748311,  0.171796872,

No.; 15; Score; 12.706893395002;
Markow Autoregressive (lag 1) bivariate joint 3 asset model uncond. params
uMean,      0.000167446,  0.000267042,  0.000150237,
VCV (1),    0.000013133,  0.000004839, -0.000001285,
VCV (2),    0.000004839,  0.000023533, -0.000000427,
VCV (3),   -0.000001285, -0.000000427,  0.000002136,
Cor (1),    1.000000000,  0.275270609, -0.242622254,
Cor (2),    0.275270609,  1.000000000, -0.060201551,
Cor (3),   -0.242622254, -0.060201551,  1.000000000,
St.dev,     0.003623970,  0.004851066,  0.001461479,
Skewness,   1.439648157,  1.123532577, -1.392872445,
Kurtosis,   6.239817812, 13.817071396,  7.963389494,
AutoCor,    0.106373982,  0.390706230,  0.468399984,
Markow Autoregressive (lag 1) bivariate joint 3 asset model cond. params
uProb.,   0.947139096,  0.052860904,
Prob (1),   0.965626634,  0.034373366,
Prob (2),   0.615887298,  0.384112702,
Mean,     -0.000225467,  0.000056594,  0.000270208,
Cor (1),    1.000000000,  0.865941307, -0.333251928,
Cor (2),    0.865941307,  1.000000000, -0.341875681,
Cor (3),   -0.333251928, -0.341875681,  1.000000000,
VCV (1),    0.000007977,  0.000007235, -0.000000889,
VCV (2),    0.000007235,  0.000008750, -0.000000955,
VCV (3),   -0.000000889, -0.000000955,  0.000000892,
St.dev,     0.002824358,  0.002958098,  0.000944715,
Mean,      0.007207499,  0.004037754, -0.001999350,
Cor (1),    1.000000000, -0.641518860,  0.319408258,
Cor (2),   -0.641518860,  1.000000000,  0.363606208,
Cor (3),    0.319408258,  0.363606208,  1.000000000,
VCV (1),    0.000052854, -0.000067140,  0.000007768,
VCV (2),   -0.000067140,  0.000207240,  0.000017510,
VCV (3),    0.000007768,  0.000017510,  0.000011190,
St.dev,     0.007270067,  0.014395821,  0.003345167,
AutoCor,    0.041439250,  0.392135860,  0.484694233,

No.; 16; Score; 13.054968144244;
Markow Autoregressive (lag 1) bivariate joint 3 asset model uncond. params
uMean,      0.000298919, -0.000015953,  0.000060406,
VCV (1),    0.000014029,  0.000000015, -0.000001377,
VCV (2),    0.000000015,  0.000027341, -0.000003151,
VCV (3),   -0.000001377, -0.000003151,  0.000001855,
Cor (1),    1.000000000,  0.000778340, -0.269895617,
Cor (2),    0.000778340,  1.000000000, -0.442461522,
Cor (3),   -0.269895617, -0.442461522,  1.000000000,
St.dev,     0.003745482,  0.005228857,  0.001361869,
Skewness,   0.070697105,  0.292991291, -0.972711729,
Kurtosis,  -0.054306890,  0.413908551,  4.613238591,
AutoCor,    0.085310668,  0.552415432,  0.462519732,
Markow Autoregressive (lag 1) bivariate joint 3 asset model cond. params
uProb.,   0.945607408,  0.054392592,
Prob (1),   0.954135463,  0.045864537,
Prob (2),   0.797348402,  0.202651598,
Mean,      0.000480258, -0.000547173,  0.000167268,
Cor (1),    1.000000000,  0.107655857, -0.451638177,
Cor (2),    0.107655857,  1.000000000, -0.442099069,
Cor (3),   -0.451638177, -0.442099069,  1.000000000,
VCV (1),    0.000013938,  0.000001466, -0.000001582,
VCV (2),    0.000001466,  0.000013304, -0.000001513,
VCV (3),   -0.000001582, -0.000001513,  0.000000880,
St.dev,     0.003733313,  0.003647450,  0.000937986,
Mean,     -0.002853629,  0.009219246, -0.001797382,
Cor (1),    1.000000000,  0.596644961, -0.533337760,
Cor (2),    0.596644961,  1.000000000, -0.081241221,
Cor (3),   -0.533337760, -0.081241221,  1.000000000,
VCV (1),    0.000003426,  0.000003951, -0.000002715,
VCV (2),    0.000003951,  0.000012798, -0.000000799,
VCV (3),   -0.000002715, -0.000000799,  0.000007566,
St.dev,     0.001850899,  0.003577427,  0.002750630,
AutoCor,    0.082274204,  0.638928649,  0.499168654,

No.; 17; Score; 13.318975457837;
Markow Autoregressive (lag 1) bivariate joint 3 asset model uncond. params
uMean,      0.000361483,  0.000341674, -0.000002450,
VCV (1),    0.000017013, -0.000000479,  0.000000024,
VCV (2),   -0.000000479,  0.000029570, -0.000002980,
VCV (3),    0.000000024, -0.000002980,  0.000002683,
Cor (1),    1.000000000, -0.021360056,  0.003583200,
Cor (2),   -0.021360056,  1.000000000, -0.334588738,
Cor (3),    0.003583200, -0.334588738,  1.000000000,
St.dev,     0.004124631,  0.005437875,  0.001638052,
Skewness,  -0.170897475, -0.170786810, -1.707213825,
Kurtosis,   0.808260194,  0.797957251, 10.172450620,
AutoCor,    0.323451983,  0.057732162,  0.612038180,
Markow Autoregressive (lag 1) bivariate joint 3 asset model cond. params
uProb.,   0.979864110,  0.020135890,
Prob (1),   0.987523414,  0.012476586,
Prob (2),   0.607142739,  0.392857261,
Mean,      0.000435820,  0.000440094,  0.000110954,
Cor (1),    1.000000000, -0.106065156,  0.039253346,
Cor (2),   -0.106065156,  1.000000000, -0.768560933,
Cor (3),    0.039253346, -0.768560933,  1.000000000,
VCV (1),    0.000014025, -0.000002074,  0.000000139,
VCV (2),   -0.000002074,  0.000027263, -0.000003795,
VCV (3),    0.000000139, -0.000003795,  0.000000894,
St.dev,     0.003744975,  0.005221424,  0.000945631,
Mean,     -0.003255919, -0.004447709, -0.005521006,
Cor (1),    1.000000000,  0.710996132, -0.825437667,
Cor (2),    0.710996132,  1.000000000,  0.448182675,
Cor (3),   -0.825437667,  0.448182675,  1.000000000,
VCV (1),    0.000062544,  0.000060155, -0.000021715,
VCV (2),    0.000060155,  0.000114452,  0.000015950,
VCV (3),   -0.000021715,  0.000015950,  0.000011066,
St.dev,     0.007908490,  0.010698207,  0.003326495,
AutoCor,    0.322537703,  0.052505623,  0.682505293,

No.; 18; Score; 13.327758848314;
Markow Autoregressive (lag 1) bivariate joint 3 asset model uncond. params
uMean,      0.000110534,  0.000215658, -0.000203863,
VCV (1),    0.000013535,  0.000011762, -0.000003261,
VCV (2),    0.000011762,  0.000025059,  0.000004094,
VCV (3),   -0.000003261,  0.000004094,  0.000001433,
Cor (1),    1.000000000,  0.638672702, -0.740265913,
Cor (2),    0.638672702,  1.000000000,  0.683123733,
Cor (3),   -0.740265913,  0.683123733,  1.000000000,
St.dev,     0.003679017,  0.005005937,  0.001197227,
Skewness,  -1.977288650,  0.005775212,  0.320456743,
Kurtosis,   6.980027561, -0.061510043,  0.904767448,
AutoCor,    0.207367067,  0.421276987,  0.147182379,
Markow Autoregressive (lag 1) bivariate joint 3 asset model cond. params
uProb.,   0.931324046,  0.068675954,
Prob (1),   0.951682836,  0.048317164,
Prob (2),   0.655235705,  0.344764295,
Mean,      0.000778348,  0.000588634, -0.000282465,
Cor (1),    1.000000000,  0.930273837, -0.825706802,
Cor (2),    0.930273837,  1.000000000,  0.870438461,
Cor (3),   -0.825706802,  0.870438461,  1.000000000,
VCV (1),    0.000005603,  0.000009712, -0.000002122,
VCV (2),    0.000009712,  0.000019455,  0.000004168,
VCV (3),   -0.000002122,  0.000004168,  0.000001179,
St.dev,     0.002367019,  0.004410774,  0.001085644,
Mean,     -0.008945777, -0.004842326,  0.000862082,
Cor (1),    1.000000000, -0.915691524, -0.755987325,
Cor (2),   -0.915691524,  1.000000000,  0.836889754,
Cor (3),   -0.755987325,  0.836889754,  1.000000000,
VCV (1),    0.000031044, -0.000016755, -0.000007645,
VCV (2),   -0.000016755,  0.000010785,  0.000004988,
VCV (3),   -0.000007645,  0.000004988,  0.000003294,
St.dev,     0.005571678,  0.003284010,  0.001814929,
AutoCor,    0.135411340,  0.431439400,  0.137915453,

No.; 19; Score; 13.893553061285;
Markow Autoregressive (lag 1) bivariate joint 3 asset model uncond. params
uMean,      0.000335894,  0.000208821, -0.000106553,
VCV (1),    0.000013653, -0.000012942,  0.000000881,
VCV (2),   -0.000012942,  0.000028267,  0.000000428,
VCV (3),    0.000000881,  0.000000428,  0.000001224,
Cor (1),    1.000000000, -0.658805636,  0.215408936,
Cor (2),   -0.658805636,  1.000000000,  0.072715602,
Cor (3),    0.215408936,  0.072715602,  1.000000000,
St.dev,     0.003694938,  0.005316652,  0.001106281,
Skewness,  -0.688581638,  1.546468568,  0.064201039,
Kurtosis,  -0.445216924,  1.868685015,  0.461100189,
AutoCor,    0.401614609,  0.429078271,  0.097473171,
Markow Autoregressive (lag 1) bivariate joint 3 asset model cond. params
uProb.,   0.732199480,  0.267800520,
Prob (1),   0.874111417,  0.125888583,
Prob (2),   0.344194831,  0.655805169,
Mean,      0.002254835, -0.002358020, -0.000143270,
Cor (1),    1.000000000, -0.491596511,  0.842667414,
Cor (2),   -0.491596511,  1.000000000, -0.586160928,
Cor (3),    0.842667414, -0.586160928,  1.000000000,
VCV (1),    0.000003500, -0.000001487,  0.000001514,
VCV (2),   -0.000001487,  0.000002615, -0.000000910,
VCV (3),    0.000001514, -0.000000910,  0.000000922,
St.dev,     0.001870896,  0.001617076,  0.000960447,
Mean,     -0.004910726,  0.007226878, -0.000006162,
Cor (1),    1.000000000,  0.575738321, -0.054053321,
Cor (2),    0.575738321,  1.000000000,  0.411078893,
Cor (3),   -0.054053321,  0.411078893,  1.000000000,
VCV (1),    0.000003792,  0.000006007, -0.000000149,
VCV (2),    0.000006007,  0.000028705,  0.000003109,
VCV (3),   -0.000000149,  0.000003109,  0.000001992,
St.dev,     0.001947426,  0.005357748,  0.001411390,
AutoCor,    0.041257964,  0.251900455,  0.096166774,

No.; 20; Score; 14.104345027415;
Markow Autoregressive (lag 1) bivariate joint 3 asset model uncond. params
uMean,      0.000125773,  0.000041625,  0.000028780,
VCV (1),    0.000014298,  0.000003304,  0.000000313,
VCV (2),    0.000003304,  0.000025897, -0.000002171,
VCV (3),    0.000000313, -0.000002171,  0.000001410,
Cor (1),    1.000000000,  0.171719718,  0.069630277,
Cor (2),    0.171719718,  1.000000000, -0.359274402,
Cor (3),    0.069630277, -0.359274402,  1.000000000,
St.dev,     0.003781304,  0.005088869,  0.001187317,
Skewness,   0.050283396,  1.103841043,  0.218194902,
Kurtosis,   0.018173110,  2.674535365,  0.852994049,
AutoCor,    0.702203703,  0.010123486,  0.278175106,
Markow Autoregressive (lag 1) bivariate joint 3 asset model cond. params
uProb.,   0.781095049,  0.218904951,
Prob (1),   0.721461800,  0.278538200,
Prob (2),   0.993877973,  0.006122027,
Mean,      0.000491419, -0.001205020, -0.000060120,
Cor (1),    1.000000000,  0.636712132,  0.005198661,
Cor (2),    0.636712132,  1.000000000, -0.038037521,
Cor (3),    0.005198661, -0.038037521,  1.000000000,
VCV (1),    0.000007266,  0.000005590,  0.000000013,
VCV (2),    0.000005590,  0.000010607, -0.000000116,
VCV (3),    0.000000013, -0.000000116,  0.000000880,
St.dev,     0.002695524,  0.003256777,  0.000938186,
Mean,     -0.001178923,  0.004489894,  0.000345989,
Cor (1),    1.000000000,  0.088590357,  0.528521081,
Cor (2),    0.088590357,  1.000000000, -0.918512915,
Cor (3),    0.528521081, -0.918512915,  1.000000000,
VCV (1),    0.000003025,  0.000001137,  0.000001494,
VCV (2),    0.000001137,  0.000054416, -0.000011013,
VCV (3),    0.000001494, -0.000011013,  0.000002642,
St.dev,     0.001739226,  0.007376736,  0.001625345,
AutoCor,    0.735843995,  0.087111601,  0.289413781,

No.; 21; Score; 14.148626529298;
Markow Autoregressive (lag 1) bivariate joint 3 asset model uncond. params
uMean,      0.000013417,  0.000163420, -0.000016613,
VCV (1),    0.000012674,  0.000015327,  0.000001596,
VCV (2),    0.000015327,  0.000025226,  0.000004952,
VCV (3),    0.000001596,  0.000004952,  0.000001497,
Cor (1),    1.000000000,  0.857194443,  0.366515188,
Cor (2),    0.857194443,  1.000000000,  0.805833144,
Cor (3),    0.366515188,  0.805833144,  1.000000000,
St.dev,     0.003560125,  0.005022512,  0.001223495,
Skewness,  -1.486944105, -0.082880235, -0.421184189,
Kurtosis,   2.994211218, -0.476865630,  0.779899692,
AutoCor,    0.305817845,  0.131336962,  0.409048961,
Markow Autoregressive (lag 1) bivariate joint 3 asset model cond. params
uProb.,   0.870463076,  0.129536924,
Prob (1),   0.905027006,  0.094972994,
Prob (2),   0.638200153,  0.361799847,
Mean,      0.001033037,  0.001302573,  0.000162327,
Cor (1),    1.000000000,  0.913836641,  0.574472811,
Cor (2),    0.913836641,  1.000000000,  0.942890596,
Cor (3),    0.574472811,  0.942890596,  1.000000000,
VCV (1),    0.000003738,  0.000007591,  0.000001052,
VCV (2),    0.000007591,  0.000018462,  0.000003836,
VCV (3),    0.000001052,  0.000003836,  0.000000896,
St.dev,     0.001933267,  0.004296693,  0.000946778,
Mean,     -0.006838236, -0.007491468, -0.001219053,
Cor (1),    1.000000000,  0.938062571, -0.896525491,
Cor (2),    0.938062571,  1.000000000,  0.480176098,
Cor (3),   -0.896525491,  0.480176098,  1.000000000,
VCV (1),    0.000013304,  0.000005833, -0.000004644,
VCV (2),    0.000005833,  0.000002906,  0.000001163,
VCV (3),   -0.000004644,  0.000001163,  0.000002017,
St.dev,     0.003647482,  0.001704819,  0.001420191,
AutoCor,    0.353703756,  0.059755909,  0.432922985,

No.; 22; Score; 14.246356684485;
Markow Autoregressive (lag 1) bivariate joint 3 asset model uncond. params
uMean,      0.000295915,  0.000059465,  0.000008907,
VCV (1),    0.000013855,  0.000002948,  0.000001229,
VCV (2),    0.000002948,  0.000027009,  0.000000326,
VCV (3),    0.000001229,  0.000000326,  0.000001481,
Cor (1),    1.000000000,  0.152372722,  0.271189327,
Cor (2),    0.152372722,  1.000000000,  0.051569498,
Cor (3),    0.271189327,  0.051569498,  1.000000000,
St.dev,     0.003722184,  0.005196990,  0.001217080,
Skewness,  -0.432012294,  0.674814158,  0.067790827,
Kurtosis,   1.033852449,  0.606715775,  0.234758857,
AutoCor,    0.111286867, -0.024369521,  0.006881651,
Markow Autoregressive (lag 1) bivariate joint 3 asset model cond. params
uProb.,   0.472001368,  0.527998632,
Prob (1),   0.007402008,  0.992597992,
Prob (2),   0.887327320,  0.112672680,
Mean,      0.001251322,  0.002689055, -0.000094877,
Cor (1),    1.000000000,  0.271190425,  0.228179864,
Cor (2),    0.271190425,  1.000000000,  0.698833714,
Cor (3),    0.228179864,  0.698833714,  1.000000000,
VCV (1),    0.000003689,  0.000003016,  0.000000445,
VCV (2),    0.000003016,  0.000033528,  0.000004110,
VCV (3),    0.000000445,  0.000004110,  0.000001032,
St.dev,     0.001920683,  0.005790352,  0.001015811,
Mean,     -0.000558164, -0.002291242,  0.000101684,
Cor (1),    1.000000000, -0.114910711,  0.336993814,
Cor (2),   -0.114910711,  1.000000000, -0.699656262,
Cor (3),    0.336993814, -0.699656262,  1.000000000,
VCV (1),    0.000020655, -0.000001420,  0.000002091,
VCV (2),   -0.000001420,  0.000007395, -0.000002598,
VCV (3),    0.000002091, -0.000002598,  0.000001864,
St.dev,     0.004544766,  0.002719349,  0.001365412,
AutoCor,    0.173319486,  0.229553211,  0.012683867,

No.; 23; Score; 14.476516737054;
