Round No; 7; best result RLS; 6.3103371808234

;;;
No.; 1; Score; 6.3103371808234;
Markow Autoregressive (lag 1) bivariate joint 3 asset model uncond. params
uMean,      0.000365690,  0.000210695,  0.000005616,
VCV (1),    0.000015238,  0.000002059, -0.000001417,
VCV (2),    0.000002059,  0.000025667,  0.000000042,
VCV (3),   -0.000001417,  0.000000042,  0.000001502,
Cor (1),    1.000000000,  0.104131581, -0.296072316,
Cor (2),    0.104131581,  1.000000000,  0.006809760,
Cor (3),   -0.296072316,  0.006809760,  1.000000000,
St.dev,     0.003903652,  0.005066216,  0.001225646,
Skewness,  -0.544674333,  0.036764030,  2.755945957,
Kurtosis,   3.258140640,  0.082548320, 19.816528234,
AutoCor,    0.474271743,  0.664133210,  0.042580984,
Markow Autoregressive (lag 1) bivariate joint 3 asset model cond. params
uProb.,   0.991585647,  0.008414353,
Prob (1),   0.991593946,  0.008406054,
Prob (2),   0.990607670,  0.009392330,
Mean,      0.000456330,  0.000156329, -0.000063549,
Cor (1),    1.000000000,  0.113187724, -0.240450418,
Cor (2),    0.113187724,  1.000000000, -0.106759292,
Cor (3),   -0.240450418, -0.106759292,  1.000000000,
VCV (1),    0.000009920,  0.000001320, -0.000000724,
VCV (2),    0.000001320,  0.000013709, -0.000000378,
VCV (3),   -0.000000724, -0.000000378,  0.000000913,
St.dev,     0.003149627,  0.003702512,  0.000955502,
Mean,     -0.010315699,  0.006617364,  0.008156352,
Cor (1),    1.000000000,  0.982092748,  0.420984748,
Cor (2),    0.982092748,  1.000000000, -0.095417988,
Cor (3),    0.420984748, -0.095417988,  1.000000000,
VCV (1),    0.000092037,  0.000051243,  0.000007482,
VCV (2),    0.000051243,  0.000029580, -0.000000961,
VCV (3),    0.000007482, -0.000000961,  0.000003432,
St.dev,     0.009593597,  0.005438784,  0.001852479,
AutoCor,    0.506381338,  0.673256076,  0.067567496,

No.; 2; Score; 7.912784845992;
Markow Autoregressive (lag 1) bivariate joint 3 asset model uncond. params
uMean,      0.000052731,  0.000144188, -0.000009424,
VCV (1),    0.000015724, -0.000013292, -0.000000414,
VCV (2),   -0.000013292,  0.000027834, -0.000004176,
VCV (3),   -0.000000414, -0.000004176,  0.000002283,
Cor (1),    1.000000000, -0.635345799, -0.069177107,
Cor (2),   -0.635345799,  1.000000000, -0.523814104,
Cor (3),   -0.069177107, -0.523814104,  1.000000000,
St.dev,     0.003965300,  0.005275831,  0.001511032,
Skewness,  -0.000569695,  0.002154038,  0.007402418,
Kurtosis,  -0.000492966,  0.098882118, 26.789719581,
AutoCor,    0.439168594,  0.133833499,  0.171468292,
Markow Autoregressive (lag 1) bivariate joint 3 asset model cond. params
uProb.,   0.999373714,  0.000626286,
Prob (1),   0.999605344,  0.000394656,
Prob (2),   0.629758860,  0.370241140,
Mean,      0.000056241,  0.000143665, -0.000009455,
Cor (1),    1.000000000, -0.673484758, -0.075402612,
Cor (2),   -0.673484758,  1.000000000, -0.529891510,
Cor (3),   -0.075402612, -0.529891510,  1.000000000,
VCV (1),    0.000012678, -0.000012509, -0.000000384,
VCV (2),   -0.000012509,  0.000027210, -0.000003955,
VCV (3),   -0.000000384, -0.000003955,  0.000002047,
St.dev,     0.003560626,  0.005216342,  0.001430806,
Mean,     -0.005548607,  0.000979719,  0.000040435,
Cor (1),    1.000000000, -0.273843612,  0.031190299,
Cor (2),   -0.273843612,  1.000000000, -0.820212489,
Cor (3),    0.031190299, -0.820212489,  1.000000000,
VCV (1),    0.000006100, -0.000010194,  0.000001270,
VCV (2),   -0.000010194,  0.000227142, -0.000203761,
VCV (3),    0.000001270, -0.000203761,  0.000271701,
St.dev,     0.002469874,  0.015071229,  0.016483350,
AutoCor,    0.439255389,  0.133829789,  0.171468157,

No.; 3; Score; 9.2086674528087;
Markow Autoregressive (lag 1) bivariate joint 3 asset model uncond. params
uMean,      0.000329001,  0.000419717, -0.000050683,
VCV (1),    0.000011134,  0.000011918,  0.000000469,
VCV (2),    0.000011918,  0.000027487,  0.000004943,
VCV (3),    0.000000469,  0.000004943,  0.000002180,
Cor (1),    1.000000000,  0.681290730,  0.095283225,
Cor (2),    0.681290730,  1.000000000,  0.638469715,
Cor (3),    0.095283225,  0.638469715,  1.000000000,
St.dev,     0.003336704,  0.005242842,  0.001476561,
Skewness,  -0.773192196, -0.011074060,  0.960984670,
Kurtosis,   8.763497672,  0.027186010, 14.120493370,
AutoCor,    0.565689927,  0.268686417,  0.392721508,
Markow Autoregressive (lag 1) bivariate joint 3 asset model cond. params
uProb.,   0.956989758,  0.043010242,
Prob (1),   0.966061007,  0.033938993,
Prob (2),   0.755151974,  0.244848026,
Mean,      0.000446697,  0.000378368, -0.000098974,
Cor (1),    1.000000000,  0.994062100,  0.424069077,
Cor (2),    0.994062100,  1.000000000,  0.890456317,
Cor (3),    0.424069077,  0.890456317,  1.000000000,
VCV (1),    0.000003927,  0.000010054,  0.000000789,
VCV (2),    0.000010054,  0.000026048,  0.000004265,
VCV (3),    0.000000789,  0.000004265,  0.000000881,
St.dev,     0.001981708,  0.005103710,  0.000938516,
Mean,     -0.002289775,  0.001339752,  0.001023813,
Cor (1),    1.000000000,  0.397247392, -0.162396044,
Cor (2),    0.397247392,  1.000000000,  0.410358281,
Cor (3),   -0.162396044,  0.410358281,  1.000000000,
VCV (1),    0.000080867,  0.000012646, -0.000006862,
VCV (2),    0.000012646,  0.000012532,  0.000006826,
VCV (3),   -0.000006862,  0.000006826,  0.000022081,
St.dev,     0.008992625,  0.003540049,  0.004699038,
AutoCor,    0.575791255,  0.268766492,  0.397154083,

No.; 4; Score; 10.083578440782;
Markow Autoregressive (lag 1) bivariate joint 3 asset model uncond. params
uMean,      0.000154095,  0.000241726,  0.000145000,
VCV (1),    0.000014199,  0.000002162, -0.000000890,
VCV (2),    0.000002162,  0.000027327,  0.000004651,
VCV (3),   -0.000000890,  0.000004651,  0.000001987,
Cor (1),    1.000000000,  0.109748238, -0.167548860,
Cor (2),    0.109748238,  1.000000000,  0.631123059,
Cor (3),   -0.167548860,  0.631123059,  1.000000000,
St.dev,     0.003768151,  0.005227556,  0.001409767,
Skewness,  -0.006246649, -1.878933099, -1.744756514,
Kurtosis,   0.006987898, 11.277714125, 11.146754625,
AutoCor,    0.168772183,  0.245461440,  0.305804676,
Markow Autoregressive (lag 1) bivariate joint 3 asset model cond. params
uProb.,   0.949900734,  0.050099266,
Prob (1),   0.965057800,  0.034942200,
Prob (2),   0.662517125,  0.337482875,
Mean,      0.000196675,  0.000717372,  0.000261231,
Cor (1),    1.000000000,  0.201540914, -0.288208090,
Cor (2),    0.201540914,  1.000000000,  0.500759207,
Cor (3),   -0.288208090,  0.500759207,  1.000000000,
VCV (1),    0.000013637,  0.000002719, -0.000001026,
VCV (2),    0.000002719,  0.000013344,  0.000001763,
VCV (3),   -0.000001026,  0.000001763,  0.000000929,
St.dev,     0.003692780,  0.003652900,  0.000963865,
Mean,     -0.000653241, -0.008776701, -0.002058785,
Cor (1),    1.000000000, -0.322559331,  0.055425075,
Cor (2),   -0.322559331,  1.000000000,  0.668090874,
Cor (3),    0.055425075,  0.668090874,  1.000000000,
VCV (1),    0.000016153, -0.000017464,  0.000000825,
VCV (2),   -0.000017464,  0.000181482,  0.000033314,
VCV (3),    0.000000825,  0.000033314,  0.000013701,
St.dev,     0.004019026,  0.013471542,  0.003701421,
AutoCor,    0.168447536,  0.234833418,  0.306287591,

No.; 5; Score; 10.103446436762;
Markow Autoregressive (lag 1) bivariate joint 3 asset model uncond. params
uMean,      0.000213476,  0.000249628, -0.000170436,
VCV (1),    0.000012654, -0.000004459,  0.000001098,
VCV (2),   -0.000004459,  0.000025907, -0.000000931,
VCV (3),    0.000001098, -0.000000931,  0.000001517,
Cor (1),    1.000000000, -0.246288132,  0.250493271,
Cor (2),   -0.246288132,  1.000000000, -0.148451504,
Cor (3),    0.250493271, -0.148451504,  1.000000000,
St.dev,     0.003557310,  0.005089927,  0.001231703,
Skewness,  -0.070285122, -0.014487481, -1.506968808,
Kurtosis,   0.044320186,  0.022718462,  8.826839881,
AutoCor,    0.646648058,  0.261042248,  0.277031114,
Markow Autoregressive (lag 1) bivariate joint 3 asset model cond. params
uProb.,   0.968875671,  0.031124329,
Prob (1),   0.969944131,  0.030055869,
Prob (2),   0.935615343,  0.064384657,
Mean,      0.000387026,  0.000203969, -0.000085226,
Cor (1),    1.000000000, -0.289081560,  0.282184761,
Cor (2),   -0.289081560,  1.000000000, -0.145400269,
Cor (3),    0.282184761, -0.145400269,  1.000000000,
VCV (1),    0.000006152, -0.000003552,  0.000000656,
VCV (2),   -0.000003552,  0.000024542, -0.000000675,
VCV (3),    0.000000656, -0.000000675,  0.000000879,
St.dev,     0.002480378,  0.004953954,  0.000937709,
Mean,     -0.005189010,  0.001670952, -0.002822972,
Cor (1),    1.000000000, -0.028062210, -0.863238867,
Cor (2),   -0.028062210,  1.000000000, -0.290072316,
Cor (3),   -0.863238867, -0.290072316,  1.000000000,
VCV (1),    0.000002763, -0.000000144, -0.000004509,
VCV (2),   -0.000000144,  0.000009509, -0.000002811,
VCV (3),   -0.000004509, -0.000002811,  0.000009874,
St.dev,     0.001662147,  0.003083718,  0.003142329,
AutoCor,    0.695646954,  0.261611575,  0.319520339,

No.; 6; Score; 10.720026715083;
Markow Autoregressive (lag 1) bivariate joint 3 asset model uncond. params
uMean,      0.000377649,  0.000411624,  0.000036301,
VCV (1),    0.000013655, -0.000011300, -0.000001109,
VCV (2),   -0.000011300,  0.000028697,  0.000001655,
VCV (3),   -0.000001109,  0.000001655,  0.000001410,
Cor (1),    1.000000000, -0.570843938, -0.252743867,
Cor (2),   -0.570843938,  1.000000000,  0.260155426,
Cor (3),   -0.252743867,  0.260155426,  1.000000000,
St.dev,     0.003695233,  0.005356966,  0.001187429,
Skewness,  -0.000965491, -0.101023628, -1.460023576,
Kurtosis,  -0.002108727,  0.210099314,  6.421115002,
AutoCor,    0.628345439,  0.059711940,  0.093248936,
Markow Autoregressive (lag 1) bivariate joint 3 asset model cond. params
uProb.,   0.966747330,  0.033252670,
Prob (1),   0.966811214,  0.033188786,
Prob (2),   0.964890051,  0.035109949,
Mean,      0.000453949,  0.000590524,  0.000151007,
Cor (1),    1.000000000, -0.825481560, -0.431245937,
Cor (2),   -0.825481560,  1.000000000,  0.204692285,
Cor (3),   -0.431245937,  0.204692285,  1.000000000,
VCV (1),    0.000008074, -0.000012180, -0.000001156,
VCV (2),   -0.000012180,  0.000026965,  0.000001003,
VCV (3),   -0.000001156,  0.000001003,  0.000000890,
St.dev,     0.002841518,  0.005192808,  0.000943194,
Mean,     -0.001840609, -0.004789499, -0.003298527,
Cor (1),    1.000000000,  0.904865633, -0.742802253,
Cor (2),    0.904865633,  1.000000000,  0.164764338,
Cor (3),   -0.742802253,  0.164764338,  1.000000000,
VCV (1),    0.000006657,  0.000016157, -0.000004081,
VCV (2),    0.000016157,  0.000047890,  0.000002428,
VCV (3),   -0.000004081,  0.000002428,  0.000004535,
St.dev,     0.002580153,  0.006920294,  0.002129490,
AutoCor,    0.636207561,  0.061648556,  0.127250420,

No.; 7; Score; 11.8539842836;
Markow Autoregressive (lag 1) bivariate joint 3 asset model uncond. params
uMean,      0.000350524,  0.000103042, -0.000159966,
VCV (1),    0.000012468,  0.000008496,  0.000001174,
VCV (2),    0.000008496,  0.000027387, -0.000002691,
VCV (3),    0.000001174, -0.000002691,  0.000001256,
Cor (1),    1.000000000,  0.459783710,  0.296616107,
Cor (2),    0.459783710,  1.000000000, -0.458812240,
Cor (3),    0.296616107, -0.458812240,  1.000000000,
St.dev,     0.003530978,  0.005233266,  0.001120795,
Skewness,  -1.667626902, -0.032903486, -0.003367798,
Kurtosis,   7.041461449, -0.107058998,  2.037112747,
AutoCor,    0.521281108,  0.166981879,  0.214298734,
Markow Autoregressive (lag 1) bivariate joint 3 asset model cond. params
uProb.,   0.910764151,  0.089235849,
Prob (1),   0.950100797,  0.049899203,
Prob (2),   0.509284167,  0.490715833,
Mean,      0.000871209,  0.000726014, -0.000159487,
Cor (1),    1.000000000,  0.687996252,  0.728150590,
Cor (2),    0.687996252,  1.000000000, -0.503541643,
Cor (3),    0.728150590, -0.503541643,  1.000000000,
VCV (1),    0.000003547,  0.000006351,  0.000001287,
VCV (2),    0.000006351,  0.000024023, -0.000002317,
VCV (3),    0.000001287, -0.000002317,  0.000000881,
St.dev,     0.001883396,  0.004901284,  0.000938779,
Mean,     -0.004963729, -0.006255171, -0.000164848,
Cor (1),    1.000000000, -0.450980661, -0.115524333,
Cor (2),   -0.450980661,  1.000000000, -0.744421445,
Cor (3),   -0.115524333, -0.744421445,  1.000000000,
VCV (1),    0.000040307, -0.000010526, -0.000001545,
VCV (2),   -0.000010526,  0.000013515, -0.000005764,
VCV (3),   -0.000001545, -0.000005764,  0.000004436,
St.dev,     0.006348792,  0.003676243,  0.002106123,
AutoCor,    0.544232914,  0.120680652,  0.214298312,

No.; 8; Score; 11.999819378214;
Markow Autoregressive (lag 1) bivariate joint 3 asset model uncond. params
uMean,      0.000096096,  0.000209819,  0.000224851,
VCV (1),    0.000014806,  0.000012109,  0.000000744,
VCV (2),    0.000012109,  0.000023952,  0.000002044,
VCV (3),    0.000000744,  0.000002044,  0.000001224,
Cor (1),    1.000000000,  0.643001571,  0.174867092,
Cor (2),    0.643001571,  1.000000000,  0.377443571,
Cor (3),    0.174867092,  0.377443571,  1.000000000,
St.dev,     0.003847812,  0.004894032,  0.001106270,
Skewness,  -0.037420860,  0.132544273,  0.365944854,
Kurtosis,   0.417507115,  0.410313337,  4.064283348,
AutoCor,    0.793722998,  0.411220173,  0.163138758,
Markow Autoregressive (lag 1) bivariate joint 3 asset model cond. params
uProb.,   0.953014513,  0.046985487,
Prob (1),   0.965120901,  0.034879099,
Prob (2),   0.707458614,  0.292541386,
Mean,      0.000132727,  0.000058826,  0.000198362,
Cor (1),    1.000000000,  0.890922392,  0.608262573,
Cor (2),    0.890922392,  1.000000000,  0.252197239,
Cor (3),    0.608262573,  0.252197239,  1.000000000,
VCV (1),    0.000004651,  0.000008148,  0.000001229,
VCV (2),    0.000008148,  0.000017982,  0.000001002,
VCV (3),    0.000001229,  0.000001002,  0.000000877,
St.dev,     0.002156698,  0.004240550,  0.000936496,
Mean,     -0.000646901,  0.003272440,  0.000762133,
Cor (1),    1.000000000,  0.282162143, -0.858569644,
Cor (2),    0.282162143,  1.000000000,  0.983395575,
Cor (3),   -0.858569644,  0.983395575,  1.000000000,
VCV (1),    0.000021541,  0.000009204, -0.000010751,
VCV (2),    0.000009204,  0.000049400,  0.000018648,
VCV (3),   -0.000010751,  0.000018648,  0.000007279,
St.dev,     0.004641202,  0.007028517,  0.002698045,
AutoCor,    0.794710240,  0.414243299,  0.162026601,

No.; 9; Score; 12.002138848191;
Markow Autoregressive (lag 1) bivariate joint 3 asset model uncond. params
uMean,      0.000381009,  0.000326080,  0.000107874,
VCV (1),    0.000014283,  0.000004498, -0.000000642,
VCV (2),    0.000004498,  0.000027614, -0.000000887,
VCV (3),   -0.000000642, -0.000000887,  0.000001289,
Cor (1),    1.000000000,  0.226501971, -0.149633102,
Cor (2),    0.226501971,  1.000000000, -0.148703989,
Cor (3),   -0.149633102, -0.148703989,  1.000000000,
St.dev,     0.003779303,  0.005254949,  0.001135325,
Skewness,  -1.127577090,  0.118424723,  0.585519521,
Kurtosis,   3.964441478,  0.183060448,  1.994059422,
AutoCor,    0.431338609,  0.073665517,  0.061463299,
Markow Autoregressive (lag 1) bivariate joint 3 asset model cond. params
uProb.,   0.884103720,  0.115896280,
Prob (1),   0.885133409,  0.114866591,
Prob (2),   0.876248835,  0.123751165,
Mean,      0.000943553,  0.000592527, -0.000005120,
Cor (1),    1.000000000,  0.216147437,  0.307199767,
Cor (2),    0.216147437,  1.000000000, -0.223341306,
Cor (3),    0.307199767, -0.223341306,  1.000000000,
VCV (1),    0.000004674,  0.000002555,  0.000000624,
VCV (2),    0.000002555,  0.000029896, -0.000001148,
VCV (3),    0.000000624, -0.000001148,  0.000000883,
St.dev,     0.002162002,  0.005467701,  0.000939831,
Mean,     -0.003910302, -0.001706487,  0.000969841,
Cor (1),    1.000000000,  0.646196429, -0.517418822,
Cor (2),    0.646196429,  1.000000000,  0.808671290,
Cor (3),   -0.517418822,  0.808671290,  1.000000000,
VCV (1),    0.000039353,  0.000008334, -0.000006071,
VCV (2),    0.000008334,  0.000004226,  0.000003110,
VCV (3),   -0.000006071,  0.000003110,  0.000003499,
St.dev,     0.006273201,  0.002055838,  0.001870512,
AutoCor,    0.517261486,  0.074961407,  0.065761037,

No.; 10; Score; 12.086426413165;
Markow Autoregressive (lag 1) bivariate joint 3 asset model uncond. params
uMean,      0.000094478,  0.000337209, -0.000137828,
VCV (1),    0.000009905, -0.000003243, -0.000000207,
VCV (2),   -0.000003243,  0.000028206,  0.000001961,
VCV (3),   -0.000000207,  0.000001961,  0.000002539,
Cor (1),    1.000000000, -0.194002354, -0.041300890,
Cor (2),   -0.194002354,  1.000000000,  0.231670860,
Cor (3),   -0.041300890,  0.231670860,  1.000000000,
St.dev,     0.003147146,  0.005310887,  0.001593560,
Skewness,  -2.136660412, -0.053835917, -2.871423906,
Kurtosis,  11.452893113,  0.041009764, 12.546110071,
AutoCor,    0.210779654,  0.355441623,  0.210623073,
Markow Autoregressive (lag 1) bivariate joint 3 asset model cond. params
uProb.,   0.965328447,  0.034671553,
Prob (1),   0.974145430,  0.025854570,
Prob (2),   0.719845230,  0.280154770,
Mean,      0.000415062,  0.000578229,  0.000098122,
Cor (1),    1.000000000, -0.458552958, -0.921300755,
Cor (2),   -0.458552958,  1.000000000,  0.072114608,
Cor (3),   -0.921300755,  0.072114608,  1.000000000,
VCV (1),    0.000005228, -0.000005053, -0.000001974,
VCV (2),   -0.000005053,  0.000023227,  0.000000326,
VCV (3),   -0.000001974,  0.000000326,  0.000000878,
St.dev,     0.002286401,  0.004819435,  0.000937221,
Mean,     -0.008831243, -0.006373300, -0.006707154,
Cor (1),    1.000000000, -0.127582059, -0.749231748,
Cor (2),   -0.127582059,  1.000000000,  0.150240004,
Cor (3),   -0.749231748,  0.150240004,  1.000000000,
VCV (1),    0.000050015, -0.000004025, -0.000009918,
VCV (2),   -0.000004025,  0.000019904,  0.000001255,
VCV (3),   -0.000009918,  0.000001255,  0.000003503,
St.dev,     0.007072114,  0.004461397,  0.001871746,
AutoCor,    0.193098269,  0.361594098,  0.142197217,

No.; 11; Score; 12.310025597692;
Markow Autoregressive (lag 1) bivariate joint 3 asset model uncond. params
uMean,      0.000131376,  0.000178569, -0.000173263,
VCV (1),    0.000014332,  0.000015734, -0.000000403,
VCV (2),    0.000015734,  0.000027783, -0.000001768,
VCV (3),   -0.000000403, -0.000001768,  0.000001415,
Cor (1),    1.000000000,  0.788500366, -0.089530977,
Cor (2),    0.788500366,  1.000000000, -0.281935776,
Cor (3),   -0.089530977, -0.281935776,  1.000000000,
St.dev,     0.003785745,  0.005270970,  0.001189402,
Skewness,  -1.746148853, -1.770589003,  0.233030587,
Kurtosis,   7.220026644,  7.886296217,  1.316397366,
AutoCor,    0.455468923,  0.069048043,  0.439475469,
Markow Autoregressive (lag 1) bivariate joint 3 asset model cond. params
uProb.,   0.926207017,  0.073792983,
Prob (1),   0.927216346,  0.072783654,
Prob (2),   0.913538507,  0.086461493,
Mean,      0.000702413,  0.000879571, -0.000215445,
Cor (1),    1.000000000,  0.808096867, -0.714754656,
Cor (2),    0.808096867,  1.000000000, -0.937620423,
Cor (3),   -0.714754656, -0.937620423,  1.000000000,
VCV (1),    0.000003015,  0.000005161, -0.000001161,
VCV (2),    0.000005161,  0.000013529, -0.000003227,
VCV (3),   -0.000001161, -0.000003227,  0.000000876,
St.dev,     0.001736425,  0.003678226,  0.000935760,
Mean,     -0.007035947, -0.008619996,  0.000356182,
Cor (1),    1.000000000,  0.978297998,  0.993388454,
Cor (2),    0.978297998,  1.000000000,  0.998851623,
Cor (3),    0.993388454,  0.998851623,  1.000000000,
VCV (1),    0.000045476,  0.000072569,  0.000013596,
VCV (2),    0.000072569,  0.000120997,  0.000022300,
VCV (3),    0.000013596,  0.000022300,  0.000004119,
St.dev,     0.006743617,  0.010999863,  0.002029604,
AutoCor,    0.632063652,  0.084847614,  0.446305227,

No.; 12; Score; 13.05825505469;
Markow Autoregressive (lag 1) bivariate joint 3 asset model uncond. params
uMean,      0.000120697,  0.000372180, -0.000156969,
VCV (1),    0.000007966, -0.000000246, -0.000000509,
VCV (2),   -0.000000246,  0.000028766, -0.000002058,
VCV (3),   -0.000000509, -0.000002058,  0.000002855,
Cor (1),    1.000000000, -0.016267714, -0.106773440,
Cor (2),   -0.016267714,  1.000000000, -0.227101118,
Cor (3),   -0.106773440, -0.227101118,  1.000000000,
St.dev,     0.002822469,  0.005363378,  0.001689550,
Skewness,  -2.506395109,  0.243806447,  0.362534680,
Kurtosis,   9.564930508,  0.575999983, 17.250099461,
AutoCor,    0.152132486,  0.291971659,  0.278856675,
Markow Autoregressive (lag 1) bivariate joint 3 asset model cond. params
uProb.,   0.951108913,  0.048891087,
Prob (1),   0.961225063,  0.038774937,
Prob (2),   0.754313126,  0.245686874,
Mean,      0.000611128,  0.000049832, -0.000176388,
Cor (1),    1.000000000,  0.377669415, -0.754684872,
Cor (2),    0.377669415,  1.000000000, -0.462763010,
Cor (3),   -0.754684872, -0.462763010,  1.000000000,
VCV (1),    0.000002780,  0.000003022, -0.000001326,
VCV (2),    0.000003022,  0.000023028, -0.000002339,
VCV (3),   -0.000001326, -0.000002339,  0.000001110,
St.dev,     0.001667429,  0.004798728,  0.001053487,
Mean,     -0.009419960,  0.006643024,  0.000220793,
Cor (1),    1.000000000, -0.086804460,  0.952780848,
Cor (2),   -0.086804460,  1.000000000,  0.115419213,
Cor (3),    0.952780848,  0.115419213,  1.000000000,
VCV (1),    0.000012780, -0.000002202,  0.000019302,
VCV (2),   -0.000002202,  0.000050338,  0.000004640,
VCV (3),    0.000019302,  0.000004640,  0.000032112,
St.dev,     0.003574937,  0.007094944,  0.005666711,
AutoCor,    0.074161325,  0.298400639,  0.279042032,

No.; 13; Score; 13.198008526283;
Markow Autoregressive (lag 1) bivariate joint 3 asset model uncond. params
uMean,      0.000200824,  0.000025813, -0.000155378,
VCV (1),    0.000013451, -0.000005677, -0.000000999,
VCV (2),   -0.000005677,  0.000027180, -0.000002695,
VCV (3),   -0.000000999, -0.000002695,  0.000001269,
Cor (1),    1.000000000, -0.296894594, -0.241719009,
Cor (2),   -0.296894594,  1.000000000, -0.458910320,
Cor (3),   -0.241719009, -0.458910320,  1.000000000,
St.dev,     0.003667545,  0.005213452,  0.001126522,
Skewness,  -0.015250829,  0.107807835, -0.163028549,
Kurtosis,   2.261676695,  0.726871490,  0.611147682,
AutoCor,    0.533595584,  0.201632052,  0.103248234,
Markow Autoregressive (lag 1) bivariate joint 3 asset model cond. params
uProb.,   0.709213940,  0.290786060,
Prob (1),   0.737480840,  0.262519160,
Prob (2),   0.640272261,  0.359727739,
Mean,      0.000215163,  0.000268123, -0.000066765,
Cor (1),    1.000000000, -0.306430762, -0.837397470,
Cor (2),   -0.306430762,  1.000000000, -0.645943859,
Cor (3),   -0.837397470, -0.645943859,  1.000000000,
VCV (1),    0.000002648, -0.000002931, -0.000001279,
VCV (2),   -0.000002931,  0.000034542, -0.000003564,
VCV (3),   -0.000001279, -0.000003564,  0.000000881,
St.dev,     0.001627199,  0.005877238,  0.000938734,
Mean,      0.000165854, -0.000565172, -0.000371502,
Cor (1),    1.000000000, -0.898374800, -0.018087419,
Cor (2),   -0.898374800,  1.000000000, -0.173725788,
Cor (3),   -0.018087419, -0.173725788,  1.000000000,
VCV (1),    0.000026627, -0.000010295, -0.000000135,
VCV (2),   -0.000010295,  0.000004932, -0.000000559,
VCV (3),   -0.000000135, -0.000000559,  0.000002103,
St.dev,     0.005160102,  0.002220715,  0.001450238,
AutoCor,    0.533611852,  0.202185135,  0.103340775,

No.; 14; Score; 13.338854142404;
Markow Autoregressive (lag 1) bivariate joint 3 asset model uncond. params
uMean,      0.000263895,  0.000019312,  0.000221114,
VCV (1),    0.000013987, -0.000006794, -0.000001594,
VCV (2),   -0.000006794,  0.000027246, -0.000000684,
VCV (3),   -0.000001594, -0.000000684,  0.000001437,
Cor (1),    1.000000000, -0.348021276, -0.355588626,
Cor (2),   -0.348021276,  1.000000000, -0.109251680,
Cor (3),   -0.355588626, -0.109251680,  1.000000000,
St.dev,     0.003739934,  0.005219804,  0.001198824,
Skewness,  -2.084754610,  1.914971093, -0.041430381,
Kurtosis,   8.631995516,  5.120022576,  0.488773500,
AutoCor,    0.277913955,  0.300643236,  0.500738219,
Markow Autoregressive (lag 1) bivariate joint 3 asset model cond. params
uProb.,   0.873960400,  0.126039600,
Prob (1),   0.918857713,  0.081142287,
Prob (2),   0.562641791,  0.437358209,
Mean,      0.000972140, -0.001393496,  0.000237211,
Cor (1),    1.000000000, -0.777492739, -0.375624344,
Cor (2),   -0.777492739,  1.000000000, -0.267928313,
Cor (3),   -0.375624344, -0.267928313,  1.000000000,
VCV (1),    0.000003577, -0.000004001, -0.000000667,
VCV (2),   -0.000004001,  0.000007406, -0.000000685,
VCV (3),   -0.000000667, -0.000000685,  0.000000882,
St.dev,     0.001891197,  0.002721373,  0.000938917,
Mean,     -0.004647084,  0.009815739,  0.000109496,
Cor (1),    1.000000000,  0.565693738, -0.614548763,
Cor (2),    0.565693738,  1.000000000,  0.099741064,
Cor (3),   -0.614548763,  0.099741064,  1.000000000,
VCV (1),    0.000053283,  0.000028821, -0.000006976,
VCV (2),    0.000028821,  0.000048716,  0.000001083,
VCV (3),   -0.000006976,  0.000001083,  0.000002418,
St.dev,     0.007299511,  0.006979653,  0.001554991,
AutoCor,    0.251998099,  0.243269050,  0.500919124,

No.; 15; Score; 13.657659677618;
Markow Autoregressive (lag 1) bivariate joint 3 asset model uncond. params
uMean,      0.000142039,  0.000240546,  0.000289642,
VCV (1),    0.000014874,  0.000003801, -0.000001295,
VCV (2),    0.000003801,  0.000027424,  0.000003631,
VCV (3),   -0.000001295,  0.000003631,  0.000001305,
Cor (1),    1.000000000,  0.188207997, -0.293784036,
Cor (2),    0.188207997,  1.000000000,  0.606927641,
Cor (3),   -0.293784036,  0.606927641,  1.000000000,
St.dev,     0.003856707,  0.005236822,  0.001142505,
Skewness,   0.105667937, -0.089753969,  0.001396343,
Kurtosis,   1.008457623,  0.011799719,  0.549501059,
AutoCor,    0.051747351,  0.474397827,  0.070330679,
Markow Autoregressive (lag 1) bivariate joint 3 asset model cond. params
uProb.,   0.651526726,  0.348473274,
Prob (1),   0.467474226,  0.532525774,
Prob (2),   0.995642422,  0.004357578,
Mean,      0.000312930, -0.000764626,  0.000288733,
Cor (1),    1.000000000,  0.233464894, -0.635654463,
Cor (2),    0.233464894,  1.000000000,  0.952095925,
Cor (3),   -0.635654463,  0.952095925,  1.000000000,
VCV (1),    0.000021119,  0.000004898, -0.000002755,
VCV (2),    0.000004898,  0.000020840,  0.000004099,
VCV (3),   -0.000002755,  0.000004099,  0.000000889,
St.dev,     0.004595511,  0.004565107,  0.000942992,
Mean,     -0.000177468,  0.002119876,  0.000291341,
Cor (1),    1.000000000,  0.388256091,  0.590791061,
Cor (2),    0.388256091,  1.000000000,  0.467193489,
Cor (3),    0.590791061,  0.467193489,  1.000000000,
VCV (1),    0.000002919,  0.000002323,  0.000001450,
VCV (2),    0.000002323,  0.000012262,  0.000002351,
VCV (3),    0.000001450,  0.000002351,  0.000002065,
St.dev,     0.001708467,  0.003501775,  0.001436913,
AutoCor,    0.053883971,  0.548565784,  0.070331386,

No.; 16; Score; 13.689371701637;
Markow Autoregressive (lag 1) bivariate joint 3 asset model uncond. params
uMean,      0.000082216,  0.000143828, -0.000203119,
VCV (1),    0.000013938,  0.000000826,  0.000000254,
VCV (2),    0.000000826,  0.000027250,  0.000000990,
VCV (3),    0.000000254,  0.000000990,  0.000001275,
Cor (1),    1.000000000,  0.042407773,  0.060136185,
Cor (2),    0.042407773,  1.000000000,  0.167861383,
Cor (3),    0.060136185,  0.167861383,  1.000000000,
St.dev,     0.003733329,  0.005220164,  0.001129290,
Skewness,  -0.874565353, -0.060063146, -0.108503594,
Kurtosis,   0.623080820, -0.037719206,  0.371922805,
AutoCor,    0.234434647,  0.390985944,  0.248879310,
Markow Autoregressive (lag 1) bivariate joint 3 asset model cond. params
uProb.,   0.698218773,  0.301781227,
Prob (1),   0.663187040,  0.336812960,
Prob (2),   0.779270246,  0.220729754,
Mean,      0.001819637, -0.000970425, -0.000125356,
Cor (1),    1.000000000,  0.236236572, -0.906078147,
Cor (2),    0.236236572,  1.000000000,  0.681232580,
Cor (3),   -0.906078147,  0.681232580,  1.000000000,
VCV (1),    0.000002012,  0.000001540, -0.000001214,
VCV (2),    0.000001540,  0.000021112,  0.000002956,
VCV (3),   -0.000001214,  0.000002956,  0.000000892,
St.dev,     0.001418507,  0.004594801,  0.000944257,
Mean,     -0.003937584,  0.002721829, -0.000383035,
Cor (1),    1.000000000,  0.735413977,  0.600523128,
Cor (2),    0.735413977,  1.000000000, -0.624279191,
Cor (3),    0.600523128, -0.624279191,  1.000000000,
VCV (1),    0.000010461,  0.000009371,  0.000002641,
VCV (2),    0.000009371,  0.000015521, -0.000003345,
VCV (3),    0.000002641, -0.000003345,  0.000001849,
St.dev,     0.003234333,  0.003939692,  0.001359873,
AutoCor,    0.586486130,  0.450736748,  0.252927599,

No.; 17; Score; 14.142568904228;
Markow Autoregressive (lag 1) bivariate joint 3 asset model uncond. params
uMean,      0.000089208,  0.000367236, -0.000203027,
VCV (1),    0.000014033,  0.000001708,  0.000001534,
VCV (2),    0.000001708,  0.000029321,  0.000000007,
VCV (3),    0.000001534,  0.000000007,  0.000001436,
Cor (1),    1.000000000,  0.084194344,  0.341668096,
Cor (2),    0.084194344,  1.000000000,  0.001097489,
Cor (3),    0.341668096,  0.001097489,  1.000000000,
St.dev,     0.003746089,  0.005414894,  0.001198326,
Skewness,  -0.932903099,  0.045807311, -0.069657977,
Kurtosis,   2.036405993, -0.006276865,  0.267735586,
AutoCor,    0.116228207,  0.727993920,  0.312496179,
Markow Autoregressive (lag 1) bivariate joint 3 asset model cond. params
uProb.,   0.544532269,  0.455467731,
Prob (1),   0.382313750,  0.617686250,
Prob (2),   0.738471844,  0.261528156,
Mean,      0.001396717, -0.001224813, -0.000117273,
Cor (1),    1.000000000,  0.717289826, -0.241249603,
Cor (2),    0.717289826,  1.000000000, -0.671602461,
Cor (3),   -0.241249603, -0.671602461,  1.000000000,
VCV (1),    0.000001036,  0.000001754, -0.000000230,
VCV (2),    0.000001754,  0.000005768, -0.000001514,
VCV (3),   -0.000000230, -0.000001514,  0.000000881,
St.dev,     0.001017920,  0.002401633,  0.000938609,
Mean,     -0.001473978,  0.002270602, -0.000305550,
Cor (1),    1.000000000,  0.382120459,  0.484292094,
Cor (2),    0.382120459,  1.000000000,  0.527400309,
Cor (3),    0.484292094,  0.527400309,  1.000000000,
VCV (1),    0.000024065,  0.000005571,  0.000003157,
VCV (2),    0.000005571,  0.000008832,  0.000002083,
VCV (3),    0.000003157,  0.000002083,  0.000001766,
St.dev,     0.004905630,  0.002971893,  0.001328945,
AutoCor,    0.196758363,  0.852952089,  0.316615219,

No.; 18; Score; 14.223413742775;
Markow Autoregressive (lag 1) bivariate joint 3 asset model uncond. params
uMean,      0.000418460,  0.000241917,  0.000087709,
VCV (1),    0.000013848, -0.000000141,  0.000001499,
VCV (2),   -0.000000141,  0.000028288,  0.000001523,
VCV (3),    0.000001499,  0.000001523,  0.000001395,
Cor (1),    1.000000000, -0.007148800,  0.340885761,
Cor (2),   -0.007148800,  1.000000000,  0.242360881,
Cor (3),    0.340885761,  0.242360881,  1.000000000,
St.dev,     0.003721346,  0.005318646,  0.001181312,
Skewness,   0.095297891, -0.086864885, -0.305009845,
Kurtosis,  -0.010624512, -0.068422340,  0.398171711,
AutoCor,    0.131285320,  0.300889074,  0.129206767,
Markow Autoregressive (lag 1) bivariate joint 3 asset model cond. params
uProb.,   0.638961002,  0.361038998,
Prob (1),   0.441987516,  0.558012484,
Prob (2),   0.987561505,  0.012438495,
Mean,     -0.000710137, -0.001365691,  0.000353833,
Cor (1),    1.000000000, -0.763018675,  0.792005639,
Cor (2),   -0.763018675,  1.000000000,  0.668774632,
Cor (3),    0.792005639,  0.668774632,  1.000000000,
VCV (1),    0.000010282, -0.000011227,  0.000002378,
VCV (2),   -0.000011227,  0.000021058,  0.000002874,
VCV (3),    0.000002378,  0.000002874,  0.000000877,
St.dev,     0.003206490,  0.004588849,  0.000936330,
Mean,      0.002415832,  0.003087037, -0.000383273,
Cor (1),    1.000000000,  0.907024739,  0.243092141,
Cor (2),    0.907024739,  1.000000000,  0.128232151,
Cor (3),    0.243092141,  0.128232151,  1.000000000,
VCV (1),    0.000011698,  0.000011717,  0.000001125,
VCV (2),    0.000011717,  0.000014265,  0.000000655,
VCV (3),    0.000001125,  0.000000655,  0.000001832,
St.dev,     0.003420220,  0.003776953,  0.001353367,
AutoCor,    0.262885279,  0.464149622,  0.195794379,

No.; 19; Score; 14.721280619069;
Markow Autoregressive (lag 1) bivariate joint 3 asset model uncond. params
uMean,      0.000229488,  0.000074770, -0.000222595,
VCV (1),    0.000013043,  0.000010092, -0.000001661,
VCV (2),    0.000010092,  0.000030065, -0.000001597,
VCV (3),   -0.000001661, -0.000001597,  0.000001432,
Cor (1),    1.000000000,  0.509637509, -0.384193818,
Cor (2),    0.509637509,  1.000000000, -0.243387384,
Cor (3),   -0.384193818, -0.243387384,  1.000000000,
St.dev,     0.003611440,  0.005483118,  0.001196851,
Skewness,  -0.803234720,  0.205196025, -0.013289591,
Kurtosis,   0.414140187, -0.664394926,  0.217463039,
AutoCor,   -0.026679640, -0.138168820,  0.338872498,
Markow Autoregressive (lag 1) bivariate joint 3 asset model cond. params
uProb.,   0.601515166,  0.398484834,
Prob (1),   0.416088349,  0.583911651,
Prob (2),   0.881418020,  0.118581980,
Mean,      0.002147287,  0.003342356, -0.000206479,
Cor (1),    1.000000000, -0.095512711, -0.792351611,
Cor (2),   -0.095512711,  1.000000000, -0.738589685,
Cor (3),   -0.792351611, -0.738589685,  1.000000000,
VCV (1),    0.000002937, -0.000000682, -0.000001316,
VCV (2),   -0.000000682,  0.000017354, -0.000002981,
VCV (3),   -0.000001316, -0.000002981,  0.000000939,
St.dev,     0.001713788,  0.004165799,  0.000968792,
Mean,     -0.002665440, -0.004857669, -0.000246923,
Cor (1),    1.000000000,  0.269591827, -0.394214012,
Cor (2),    0.269591827,  1.000000000,  0.183207603,
Cor (3),   -0.394214012,  0.183207603,  1.000000000,
VCV (1),    0.000012690,  0.000002503, -0.000001865,
VCV (2),    0.000002503,  0.000006791,  0.000000634,
VCV (3),   -0.000001865,  0.000000634,  0.000001764,
St.dev,     0.003562299,  0.002605987,  0.001328074,
AutoCor,    0.298438748,  0.239887266,  0.339092678,

