Round No; 1; best result RLS; 69.173012658698

;;;
No.; 1; Score; 69.173012658698;
Markow Autoregressive (lag 1) bivariate joint 3 asset model uncond. params
uMean,      0.000153899,  0.000679724,  0.000182695,
VCV (1),    0.000016406,  0.000019013, -0.000002103,
VCV (2),    0.000019013,  0.000044866,  0.000005849,
VCV (3),   -0.000002103,  0.000005849,  0.000015323,
Cor (1),    1.000000000,  0.700795755, -0.132654379,
Cor (2),    0.700795755,  1.000000000,  0.223094240,
Cor (3),   -0.132654379,  0.223094240,  1.000000000,
St.dev,     0.004050469,  0.006698187,  0.003914455,
Skewness,  -0.169571536, -0.073978687,  1.977755233,
Kurtosis,   0.064706579,  0.073107690,  4.928667179,
AutoCor,    0.533166707,  0.149967938,  0.427999185,
Markow Autoregressive (lag 1) bivariate joint 3 asset model cond. params
uProb.,   0.878372395,  0.121627605,
Prob (1),   0.926302499,  0.073697501,
Prob (2),   0.532229918,  0.467770082,
Mean,      0.000823030,  0.001240758, -0.000943897,
Cor (1),    1.000000000,  0.903418683,  0.566935033,
Cor (2),    0.903418683,  1.000000000,  0.945129244,
Cor (3),    0.566935033,  0.945129244,  1.000000000,
VCV (1),    0.000009065,  0.000017337,  0.000002815,
VCV (2),    0.000017337,  0.000040626,  0.000009936,
VCV (3),    0.000002815,  0.000009936,  0.000002720,
St.dev,     0.003010876,  0.006373877,  0.001649339,
Mean,     -0.004678443, -0.003371959,  0.008318737,
Cor (1),    1.000000000, -0.079335939, -0.025814839,
Cor (2),   -0.079335939,  1.000000000,  0.264626369,
Cor (3),   -0.025814839,  0.264626369,  1.000000000,
VCV (1),    0.000007979, -0.000001588, -0.000000321,
VCV (2),   -0.000001588,  0.000050226,  0.000008257,
VCV (3),   -0.000000321,  0.000008257,  0.000019385,
St.dev,     0.002824775,  0.007087009,  0.004402841,
AutoCor,    0.567309469,  0.136940278,  0.478506507,

No.; 2; Score; 82.886033935073;
Markow Autoregressive (lag 1) bivariate joint 3 asset model uncond. params
uMean,      0.000465884,  0.000340037, -0.000097381,
VCV (1),    0.000016441, -0.000001746, -0.000004370,
VCV (2),   -0.000001746,  0.000032740, -0.000011770,
VCV (3),   -0.000004370, -0.000011770,  0.000021022,
Cor (1),    1.000000000, -0.075267303, -0.235045618,
Cor (2),   -0.075267303,  1.000000000, -0.448656330,
Cor (3),   -0.235045618, -0.448656330,  1.000000000,
St.dev,     0.004054707,  0.005721890,  0.004584958,
Skewness,  -0.000015528, -1.186414151,  0.598994726,
Kurtosis,   0.000005151,  3.234835839,  3.985949959,
AutoCor,    0.284171568,  0.431776114,  0.580738009,
Markow Autoregressive (lag 1) bivariate joint 3 asset model cond. params
uProb.,   0.834018978,  0.165981022,
Prob (1),   0.825373115,  0.174626885,
Prob (2),   0.877462584,  0.122537416,
Mean,      0.000473158,  0.001607542, -0.000490509,
Cor (1),    1.000000000, -0.529331286, -0.288064878,
Cor (2),   -0.529331286,  1.000000000, -0.319556221,
Cor (3),   -0.288064878, -0.319556221,  1.000000000,
VCV (1),    0.000015103, -0.000005216, -0.000001977,
VCV (2),   -0.000005216,  0.000006428, -0.000001431,
VCV (3),   -0.000001977, -0.000001431,  0.000003118,
St.dev,     0.003886297,  0.002535371,  0.001765799,
Mean,      0.000429336, -0.006028901,  0.001878002,
Cor (1),    1.000000000,  0.550382843, -0.385795234,
Cor (2),    0.550382843,  1.000000000, -0.455001719,
Cor (3),   -0.385795234, -0.455001719,  1.000000000,
VCV (1),    0.000015160,  0.000017219, -0.000011795,
VCV (2),    0.000017219,  0.000064561, -0.000028707,
VCV (3),   -0.000011795, -0.000028707,  0.000061659,
St.dev,     0.003893583,  0.008034956,  0.007852308,
AutoCor,    0.284177005,  0.590126250,  0.605012333,

No.; 3; Score; 90.413092279848;
Markow Autoregressive (lag 1) bivariate joint 3 asset model uncond. params
uMean,     -0.001658139,  0.000876988, -0.000606313,
VCV (1),    0.000019360, -0.000008705,  0.000004008,
VCV (2),   -0.000008705,  0.000086459, -0.000001439,
VCV (3),    0.000004008, -0.000001439,  0.000004426,
Cor (1),    1.000000000, -0.212763386,  0.432939764,
Cor (2),   -0.212763386,  1.000000000, -0.073549123,
Cor (3),    0.432939764, -0.073549123,  1.000000000,
St.dev,     0.004400009,  0.009298342,  0.002103759,
Skewness,  -0.293052317, -1.140303324, -0.071516900,
Kurtosis,   0.587402968,  2.137540156,  0.049660893,
AutoCor,    0.505313189,  0.159226904,  0.110219608,
Markow Autoregressive (lag 1) bivariate joint 3 asset model cond. params
uProb.,   0.286615821,  0.713384179,
Prob (1),   0.214329418,  0.785670582,
Prob (2),   0.315658274,  0.684341726,
Mean,     -0.003379694, -0.006816521, -0.001329665,
Cor (1),    1.000000000, -0.355908781, -0.080109231,
Cor (2),   -0.355908781,  1.000000000,  0.276582889,
Cor (3),   -0.080109231,  0.276582889,  1.000000000,
VCV (1),    0.000024555, -0.000021321, -0.000000871,
VCV (2),   -0.000021321,  0.000146147,  0.000007337,
VCV (3),   -0.000000871,  0.000007337,  0.000004814,
St.dev,     0.004955318,  0.012089111,  0.002194192,
Mean,     -0.000966471,  0.003968003, -0.000315693,
Cor (1),    1.000000000, -0.608806226,  0.884118842,
Cor (2),   -0.608806226,  1.000000000, -0.834084775,
Cor (3),    0.884118842, -0.834084775,  1.000000000,
VCV (1),    0.000008037, -0.000008329,  0.000004943,
VCV (2),   -0.000008329,  0.000023291, -0.000007938,
VCV (3),    0.000004943, -0.000007938,  0.000003889,
St.dev,     0.002834918,  0.004826103,  0.001971998,
AutoCor,    0.545070055,  0.258084122,  0.120769026,

No.; 4; Score; 90.62992408275;
Markow Autoregressive (lag 1) bivariate joint 3 asset model uncond. params
uMean,     -0.000630191, -0.000621276,  0.000009447,
VCV (1),    0.000016103,  0.000015468,  0.000002312,
VCV (2),    0.000015468,  0.000055919,  0.000003852,
VCV (3),    0.000002312,  0.000003852,  0.000017596,
Cor (1),    1.000000000,  0.515456967,  0.137332292,
Cor (2),    0.515456967,  1.000000000,  0.122816261,
Cor (3),    0.137332292,  0.122816261,  1.000000000,
St.dev,     0.004012837,  0.007477870,  0.004194767,
Skewness,  -1.709817389, -1.182743224,  0.059355707,
Kurtosis,   3.552292157,  2.260221337,  0.019321017,
AutoCor,    0.119871830,  0.232057702,  0.685036681,
Markow Autoregressive (lag 1) bivariate joint 3 asset model cond. params
uProb.,   0.749916782,  0.250083218,
Prob (1),   0.684985575,  0.315014425,
Prob (2),   0.944623978,  0.055376022,
Mean,      0.000871475,  0.001801249,  0.000498852,
Cor (1),    1.000000000,  0.114224816, -0.555081759,
Cor (2),    0.114224816,  1.000000000,  0.318281770,
Cor (3),   -0.555081759,  0.318281770,  1.000000000,
VCV (1),    0.000000940,  0.000000359, -0.000001642,
VCV (2),    0.000000359,  0.000010481,  0.000003145,
VCV (3),   -0.000001642,  0.000003145,  0.000009313,
St.dev,     0.000969607,  0.003237397,  0.003051717,
Mean,     -0.005133190, -0.007885629, -0.001458116,
Cor (1),    1.000000000,  0.273138013,  0.484355470,
Cor (2),    0.273138013,  1.000000000, -0.452257328,
Cor (3),    0.484355470, -0.452257328,  1.000000000,
VCV (1),    0.000028716,  0.000013861,  0.000005233,
VCV (2),    0.000013861,  0.000089680, -0.000008635,
VCV (3),    0.000005233, -0.000008635,  0.000004065,
St.dev,     0.005358713,  0.009469936,  0.002016256,
AutoCor,    0.394605387,  0.457861532,  0.725237110,

No.; 5; Score; 97.646886270853;
Markow Autoregressive (lag 1) bivariate joint 3 asset model uncond. params
uMean,     -0.001097241, -0.000617755, -0.000789540,
VCV (1),    0.000028711,  0.000008428, -0.000008935,
VCV (2),    0.000008428,  0.000048935,  0.000003633,
VCV (3),   -0.000008935,  0.000003633,  0.000018670,
Cor (1),    1.000000000,  0.224860545, -0.385930526,
Cor (2),    0.224860545,  1.000000000,  0.120184599,
Cor (3),   -0.385930526,  0.120184599,  1.000000000,
St.dev,     0.005358232,  0.006995325,  0.004320887,
Skewness,   1.484107240, -1.391951833, -0.006173153,
Kurtosis,   2.933565676,  8.011970244,  0.026622532,
AutoCor,    0.135598700,  0.073100720,  0.700278904,
Markow Autoregressive (lag 1) bivariate joint 3 asset model cond. params
uProb.,   0.837730894,  0.162269106,
Prob (1),   0.855946910,  0.144053090,
Prob (2),   0.743688846,  0.256311154,
Mean,     -0.002778866,  0.000316333, -0.000741645,
Cor (1),    1.000000000,  0.718172574, -0.799070138,
Cor (2),    0.718172574,  1.000000000, -0.354430169,
Cor (3),   -0.799070138, -0.354430169,  1.000000000,
VCV (1),    0.000008923,  0.000007588, -0.000007108,
VCV (2),    0.000007588,  0.000012510, -0.000003733,
VCV (3),   -0.000007108, -0.000003733,  0.000008867,
St.dev,     0.002987114,  0.003536878,  0.002977804,
Mean,      0.007584322, -0.005440084, -0.001036804,
Cor (1),    1.000000000,  0.687112600, -0.447043126,
Cor (2),    0.687112600,  1.000000000,  0.761499468,
Cor (3),   -0.447043126,  0.761499468,  1.000000000,
VCV (1),    0.000038679,  0.000061618, -0.000009931,
VCV (2),    0.000061618,  0.000207915,  0.000039220,
VCV (3),   -0.000009931,  0.000039220,  0.000012758,
St.dev,     0.006219271,  0.014419253,  0.003571833,
AutoCor,    0.159745860,  0.069130808,  0.700652135,

No.; 6; Score; 121.36555234134;
Markow Autoregressive (lag 1) bivariate joint 3 asset model uncond. params
uMean,      0.000942817, -0.000949674, -0.000349101,
VCV (1),    0.000049237, -0.000015101,  0.000021215,
VCV (2),   -0.000015101,  0.000025833, -0.000005759,
VCV (3),    0.000021215, -0.000005759,  0.000019240,
Cor (1),    1.000000000, -0.423419362,  0.689280847,
Cor (2),   -0.423419362,  1.000000000, -0.258319839,
Cor (3),    0.689280847, -0.258319839,  1.000000000,
St.dev,     0.007016928,  0.005082602,  0.004386323,
Skewness,  -0.341021425,  0.037254122, -0.271688838,
Kurtosis,  -1.117762745, -0.047557730, -0.023710889,
AutoCor,   -0.535828314,  0.329912419,  0.177194117,
Markow Autoregressive (lag 1) bivariate joint 3 asset model cond. params
uProb.,   0.535627511,  0.464372489,
Prob (1),   0.195532254,  0.804467746,
Prob (2),   0.927908234,  0.072091766,
Mean,      0.006712812, -0.002858810,  0.001766232,
Cor (1),    1.000000000, -0.822683943,  0.478522882,
Cor (2),   -0.822683943,  1.000000000,  0.016649857,
Cor (3),    0.478522882,  0.016649857,  1.000000000,
VCV (1),    0.000006278, -0.000007913,  0.000003161,
VCV (2),   -0.000007913,  0.000014735,  0.000000168,
VCV (3),    0.000003161,  0.000000168,  0.000006949,
St.dev,     0.002505662,  0.003838625,  0.002636184,
Mean,     -0.005712547,  0.001252407, -0.002789018,
Cor (1),    1.000000000,  0.278836399,  0.700553825,
Cor (2),    0.278836399,  1.000000000, -0.125516243,
Cor (3),    0.700553825, -0.125516243,  1.000000000,
VCV (1),    0.000015490,  0.000004414,  0.000010461,
VCV (2),    0.000004414,  0.000016179, -0.000001916,
VCV (3),    0.000010461, -0.000001916,  0.000014396,
St.dev,     0.003935727,  0.004022366,  0.003794223,
AutoCor,    0.160720784,  0.536393810,  0.510644220,

No.; 7; Score; 125.75792847002;
Markow Autoregressive (lag 1) bivariate joint 3 asset model uncond. params
uMean,      0.000088828,  0.000315811, -0.001741730,
VCV (1),    0.000071140,  0.000005428, -0.000005495,
VCV (2),    0.000005428,  0.000020587,  0.000004602,
VCV (3),   -0.000005495,  0.000004602,  0.000007703,
Cor (1),    1.000000000,  0.141826472, -0.234760152,
Cor (2),    0.141826472,  1.000000000,  0.365468915,
Cor (3),   -0.234760152,  0.365468915,  1.000000000,
St.dev,     0.008434472,  0.004537340,  0.002775363,
Skewness,   0.354673652,  0.231124847,  0.777899094,
Kurtosis,   0.515361613, -0.012208107,  0.830876333,
AutoCor,    0.761263390,  0.515021293,  0.257893098,
Markow Autoregressive (lag 1) bivariate joint 3 asset model cond. params
uProb.,   0.403163593,  0.596836407,
Prob (1),   0.703471007,  0.296528993,
Prob (2),   0.200305633,  0.799694367,
Mean,      0.003746491,  0.003143272, -0.000009092,
Cor (1),    1.000000000, -0.665007945, -0.986525647,
Cor (2),   -0.665007945,  1.000000000,  0.032142287,
Cor (3),   -0.986525647,  0.032142287,  1.000000000,
VCV (1),    0.000040984, -0.000015701, -0.000019829,
VCV (2),   -0.000015701,  0.000013602,  0.000000372,
VCV (3),   -0.000019829,  0.000000372,  0.000009857,
St.dev,     0.006401901,  0.003688084,  0.003139651,
Mean,     -0.002381927, -0.001594141, -0.002912129,
Cor (1),    1.000000000,  0.937870180, -0.149672903,
Cor (2),    0.937870180,  1.000000000,  0.350446820,
Cor (3),   -0.149672903,  0.350446820,  1.000000000,
VCV (1),    0.000009970,  0.000009078, -0.000000758,
VCV (2),    0.000009078,  0.000009397,  0.000001724,
VCV (3),   -0.000000758,  0.000001724,  0.000002574,
St.dev,     0.003157604,  0.003065532,  0.001604308,
AutoCor,    0.798821580,  0.519237075,  0.170245009,

No.; 8; Score; 130.85079014998;
Markow Autoregressive (lag 1) bivariate joint 3 asset model uncond. params
uMean,      0.000910339,  0.000155978, -0.000834035,
VCV (1),    0.000066218, -0.000000111,  0.000015083,
VCV (2),   -0.000000111,  0.000033016, -0.000000490,
VCV (3),    0.000015083, -0.000000490,  0.000012414,
Cor (1),    1.000000000, -0.002366981,  0.526049843,
Cor (2),   -0.002366981,  1.000000000, -0.024221760,
Cor (3),    0.526049843, -0.024221760,  1.000000000,
St.dev,     0.008137457,  0.005745932,  0.003523368,
Skewness,  -0.565109834, -0.163612617,  0.164266291,
Kurtosis,   0.554894953, -0.681094163,  0.241462700,
AutoCor,    0.332525183,  0.032321775,  0.449262935,
Markow Autoregressive (lag 1) bivariate joint 3 asset model cond. params
uProb.,   0.415014407,  0.584985593,
Prob (1),   0.204646280,  0.795353720,
Prob (2),   0.564258771,  0.435741229,
Mean,      0.004736272, -0.005138319, -0.001633409,
Cor (1),    1.000000000,  0.807505272, -0.219634034,
Cor (2),    0.807505272,  1.000000000, -0.802252933,
Cor (3),   -0.219634034, -0.802252933,  1.000000000,
VCV (1),    0.000002171,  0.000003372, -0.000000692,
VCV (2),    0.000003372,  0.000008032, -0.000004858,
VCV (3),   -0.000000692, -0.000004858,  0.000004566,
St.dev,     0.001473543,  0.002834091,  0.002136823,
Mean,     -0.001803944,  0.003911984, -0.000266924,
Cor (1),    1.000000000,  0.617726576,  0.773336411,
Cor (2),    0.617726576,  1.000000000, -0.073268414,
Cor (3),    0.773336411, -0.073268414,  1.000000000,
VCV (1),    0.000073597,  0.000014946,  0.000023454,
VCV (2),    0.000014946,  0.000007954, -0.000000731,
VCV (3),    0.000023454, -0.000000731,  0.000012498,
St.dev,     0.008578882,  0.002820354,  0.003535209,
AutoCor,    0.461258182,  0.625892460,  0.479920671,

No.; 9; Score; 133.42605578854;
Markow Autoregressive (lag 1) bivariate joint 3 asset model uncond. params
uMean,     -0.000207361,  0.000566925,  0.000364829,
VCV (1),    0.000013782, -0.000012995, -0.000011227,
VCV (2),   -0.000012995,  0.000040929,  0.000020400,
VCV (3),   -0.000011227,  0.000020400,  0.000032495,
Cor (1),    1.000000000, -0.547130463, -0.530523954,
Cor (2),   -0.547130463,  1.000000000,  0.559366276,
Cor (3),   -0.530523954,  0.559366276,  1.000000000,
St.dev,     0.003712455,  0.006397541,  0.005700478,
Skewness,   1.217895800, -0.897834785, -0.113435802,
Kurtosis,   1.531597110,  0.478442826, -1.347194593,
AutoCor,    0.044644079,  0.036870846, -0.171416438,
Markow Autoregressive (lag 1) bivariate joint 3 asset model cond. params
uProb.,   0.350718784,  0.649281216,
Prob (1),   0.196296880,  0.803703120,
Prob (2),   0.434132043,  0.565867957,
Mean,      0.002975455, -0.005645626, -0.006560559,
Cor (1),    1.000000000, -0.495918736, -0.141730074,
Cor (2),   -0.495918736,  1.000000000, -0.661118587,
Cor (3),   -0.141730074, -0.661118587,  1.000000000,
VCV (1),    0.000018531, -0.000012784, -0.000000624,
VCV (2),   -0.000012784,  0.000035863, -0.000004049,
VCV (3),   -0.000000624, -0.000004049,  0.000001046,
St.dev,     0.004304710,  0.005988602,  0.001022756,
Mean,     -0.001926606,  0.003922726,  0.004105679,
Cor (1),    1.000000000,  0.859702680,  0.304132698,
Cor (2),    0.859702680,  1.000000000, -0.231480524,
Cor (3),    0.304132698, -0.231480524,  1.000000000,
VCV (1),    0.000002109,  0.000003607,  0.000001361,
VCV (2),    0.000003607,  0.000008347, -0.000002061,
VCV (3),    0.000001361, -0.000002061,  0.000009501,
St.dev,     0.001452160,  0.002889092,  0.003082333,
AutoCor,    0.230647215,  0.322078407,  0.089746397,

No.; 10; Score; 136.62739686442;
Markow Autoregressive (lag 1) bivariate joint 3 asset model uncond. params
uMean,      0.000169759,  0.001305343,  0.000103791,
VCV (1),    0.000025095, -0.000022352, -0.000000814,
VCV (2),   -0.000022352,  0.000065683,  0.000024249,
VCV (3),   -0.000000814,  0.000024249,  0.000025524,
Cor (1),    1.000000000, -0.550553555, -0.032162713,
Cor (2),   -0.550553555,  1.000000000,  0.592239724,
Cor (3),   -0.032162713,  0.592239724,  1.000000000,
St.dev,     0.005009460,  0.008104517,  0.005052136,
Skewness,   0.667017560, -1.848388331, -1.766105389,
Kurtosis,   1.665586659,  9.585693517,  4.607537146,
AutoCor,    0.527515377,  0.222541203,  0.374123587,
Markow Autoregressive (lag 1) bivariate joint 3 asset model cond. params
uProb.,   0.831905256,  0.168094744,
Prob (1),   0.856455286,  0.143544714,
Prob (2),   0.710406517,  0.289593483,
Mean,     -0.000676776,  0.002680199,  0.001567422,
Cor (1),    1.000000000, -0.143515892, -0.151150644,
Cor (2),   -0.143515892,  1.000000000,  0.162607726,
Cor (3),   -0.151150644,  0.162607726,  1.000000000,
VCV (1),    0.000008603, -0.000001181, -0.000000805,
VCV (2),   -0.000001181,  0.000007866,  0.000000828,
VCV (3),   -0.000000805,  0.000000828,  0.000003294,
St.dev,     0.002933070,  0.002804566,  0.001814878,
Mean,      0.004359283, -0.005498854, -0.007139754,
Cor (1),    1.000000000, -0.742427234,  0.583986938,
Cor (2),   -0.742427234,  1.000000000,  0.614825301,
Cor (3),    0.583986938,  0.614825301,  1.000000000,
VCV (1),    0.000040946, -0.000079157,  0.000025606,
VCV (2),   -0.000079157,  0.000277628,  0.000070196,
VCV (3),    0.000025606,  0.000070196,  0.000046952,
St.dev,     0.006398893,  0.016662165,  0.006852140,
AutoCor,    0.590300500,  0.235244751,  0.536165357,

No.; 11; Score; 139.044117899;
Markow Autoregressive (lag 1) bivariate joint 3 asset model uncond. params
uMean,      0.000374580,  0.000365123,  0.000218980,
VCV (1),    0.000063366,  0.000022176, -0.000006162,
VCV (2),    0.000022176,  0.000049030,  0.000009178,
VCV (3),   -0.000006162,  0.000009178,  0.000013259,
Cor (1),    1.000000000,  0.397848790, -0.212575920,
Cor (2),    0.397848790,  1.000000000,  0.359958646,
Cor (3),   -0.212575920,  0.359958646,  1.000000000,
St.dev,     0.007960250,  0.007002123,  0.003641275,
Skewness,  -0.305608545, -0.018202034,  0.042237329,
Kurtosis,   1.516920169, -0.012459388, -0.693385111,
AutoCor,    0.190807159,  0.596915480, -0.209710259,
Markow Autoregressive (lag 1) bivariate joint 3 asset model cond. params
uProb.,   0.592642417,  0.407357583,
Prob (1),   0.346089843,  0.653910157,
Prob (2),   0.951338363,  0.048661637,
Mean,     -0.000564428,  0.002094224,  0.002496468,
Cor (1),    1.000000000,  0.700834095, -0.246115420,
Cor (2),    0.700834095,  1.000000000,  0.427318040,
Cor (3),   -0.246115420,  0.427318040,  1.000000000,
VCV (1),    0.000098144,  0.000032130, -0.000006073,
VCV (2),    0.000032130,  0.000021415,  0.000004926,
VCV (3),   -0.000006073,  0.000004926,  0.000006204,
St.dev,     0.009906770,  0.004627666,  0.002490798,
Mean,      0.001740691, -0.002150451, -0.003094413,
Cor (1),    1.000000000,  0.549264869,  0.549097247,
Cor (2),    0.549264869,  1.000000000, -0.065221958,
Cor (3),    0.549097247, -0.065221958,  1.000000000,
VCV (1),    0.000003073,  0.000004579,  0.000001833,
VCV (2),    0.000004579,  0.000022619, -0.000000591,
VCV (3),    0.000001833, -0.000000591,  0.000003626,
St.dev,     0.001752908,  0.004755947,  0.001904154,
AutoCor,    0.207255714,  0.713948194,  0.312779748,

No.; 12; Score; 145.30315769248;
Markow Autoregressive (lag 1) bivariate joint 3 asset model uncond. params
uMean,      0.000268350, -0.000681036,  0.001013277,
VCV (1),    0.000030378, -0.000000092,  0.000005379,
VCV (2),   -0.000000092,  0.000070435,  0.000003661,
VCV (3),    0.000005379,  0.000003661,  0.000023834,
Cor (1),    1.000000000, -0.001999663,  0.199917834,
Cor (2),   -0.001999663,  1.000000000,  0.089356817,
Cor (3),    0.199917834,  0.089356817,  1.000000000,
St.dev,     0.005511595,  0.008392585,  0.004882011,
Skewness,  -2.642126602,  0.056833031,  0.149142358,
Kurtosis,   8.938329919, -0.017906085,  0.301062301,
AutoCor,    0.115710333,  0.688103074,  0.133618504,
Markow Autoregressive (lag 1) bivariate joint 3 asset model cond. params
uProb.,   0.872793995,  0.127206005,
Prob (1),   0.855024209,  0.144975791,
Prob (2),   0.994717189,  0.005282811,
Mean,      0.001755925, -0.001843304,  0.000675807,
Cor (1),    1.000000000,  0.722012486,  0.283058291,
Cor (2),    0.722012486,  1.000000000,  0.131483510,
Cor (3),    0.283058291,  0.131483510,  1.000000000,
VCV (1),    0.000002786,  0.000005657,  0.000002129,
VCV (2),    0.000005657,  0.000022033,  0.000002781,
VCV (3),    0.000002129,  0.000002781,  0.000020300,
St.dev,     0.001669056,  0.004693922,  0.004505525,
Mean,     -0.009938294,  0.007293596,  0.003328744,
Cor (1),    1.000000000,  0.833153684,  0.901870793,
Cor (2),    0.833153684,  1.000000000, -0.590322101,
Cor (3),    0.901870793, -0.590322101,  1.000000000,
VCV (1),    0.000083900,  0.000025797,  0.000051085,
VCV (2),    0.000025797,  0.000011427, -0.000012340,
VCV (3),    0.000051085, -0.000012340,  0.000038241,
St.dev,     0.009159714,  0.003380358,  0.006183937,
AutoCor,    0.370922355,  0.813539758,  0.142882762,

No.; 13; Score; 148.66114382167;
Markow Autoregressive (lag 1) bivariate joint 3 asset model uncond. params
uMean,     -0.000761705,  0.001121213, -0.001394474,
VCV (1),    0.000057053, -0.000012904,  0.000001425,
VCV (2),   -0.000012904,  0.000088653,  0.000005947,
VCV (3),    0.000001425,  0.000005947,  0.000003891,
Cor (1),    1.000000000, -0.181440023,  0.095663953,
Cor (2),   -0.181440023,  1.000000000,  0.320192170,
Cor (3),    0.095663953,  0.320192170,  1.000000000,
St.dev,     0.007553365,  0.009415559,  0.001972480,
Skewness,   0.526313111,  0.327070427, -0.571990974,
Kurtosis,   0.783650054,  4.727389092,  0.182200946,
AutoCor,    0.454799269,  0.349653254,  0.042622889,
Markow Autoregressive (lag 1) bivariate joint 3 asset model cond. params
uProb.,   0.765287209,  0.234712791,
Prob (1),   0.694868043,  0.305131957,
Prob (2),   0.994890745,  0.005109255,
Mean,     -0.002637950,  0.000662735, -0.000636146,
Cor (1),    1.000000000,  0.286487231,  0.744514147,
Cor (2),    0.286487231,  1.000000000,  0.659669578,
Cor (3),    0.744514147,  0.659669578,  1.000000000,
VCV (1),    0.000015704,  0.000004231,  0.000003718,
VCV (2),    0.000004231,  0.000013889,  0.000003098,
VCV (3),    0.000003718,  0.000003098,  0.000001588,
St.dev,     0.003962791,  0.003726746,  0.001260080,
Mean,      0.005355843,  0.002616096, -0.003867019,
Cor (1),    1.000000000, -0.493532976,  0.644738883,
Cor (2),   -0.493532976,  1.000000000,  0.637118666,
Cor (3),    0.644738883,  0.637118666,  1.000000000,
VCV (1),    0.000062216, -0.000065412,  0.000007695,
VCV (2),   -0.000065412,  0.000282346,  0.000016198,
VCV (3),    0.000007695,  0.000016198,  0.000002289,
St.dev,     0.007887717,  0.016803164,  0.001513080,
AutoCor,    0.644899252,  0.354715012,  0.361354336,

No.; 14; Score; 155.68991618403;
Markow Autoregressive (lag 1) bivariate joint 3 asset model uncond. params
uMean,     -0.000558713, -0.000403673,  0.000851398,
VCV (1),    0.000037821,  0.000012917,  0.000012417,
VCV (2),    0.000012917,  0.000069934,  0.000001391,
VCV (3),    0.000012417,  0.000001391,  0.000023619,
Cor (1),    1.000000000,  0.251164354,  0.415439495,
Cor (2),    0.251164354,  1.000000000,  0.034237911,
Cor (3),    0.415439495,  0.034237911,  1.000000000,
St.dev,     0.006149904,  0.008362675,  0.004859903,
Skewness,   0.284029361, -0.065137781, -0.100037653,
Kurtosis,  -0.474182669, -0.052074436,  0.022037182,
AutoCor,   -0.104666327,  0.299719870,  0.149030021,
Markow Autoregressive (lag 1) bivariate joint 3 asset model cond. params
uProb.,   0.375984686,  0.624015314,
Prob (1),   0.082412456,  0.917587544,
Prob (2),   0.552869227,  0.447130773,
Mean,     -0.005775019, -0.005106286, -0.001291661,
Cor (1),    1.000000000, -0.359295528, -0.268920369,
Cor (2),   -0.359295528,  1.000000000,  0.988869548,
Cor (3),   -0.268920369,  0.988869548,  1.000000000,
VCV (1),    0.000010004, -0.000007643, -0.000004003,
VCV (2),   -0.000007643,  0.000045233,  0.000031302,
VCV (3),   -0.000004003,  0.000031302,  0.000022151,
St.dev,     0.003162896,  0.006725541,  0.004706535,
Mean,      0.002584240,  0.002429767,  0.002142644,
Cor (1),    1.000000000,  0.055004433,  0.499390902,
Cor (2),    0.055004433,  1.000000000, -0.916052399,
Cor (3),    0.499390902, -0.916052399,  1.000000000,
VCV (1),    0.000027255,  0.000001872,  0.000011147,
VCV (2),    0.000001872,  0.000042476, -0.000025527,
VCV (3),    0.000011147, -0.000025527,  0.000018281,
St.dev,     0.005220638,  0.006517344,  0.004275668,
AutoCor,    0.175217453,  0.481000898,  0.231242774,

No.; 15; Score; 156.15694384084;
Markow Autoregressive (lag 1) bivariate joint 3 asset model uncond. params
uMean,     -0.000699900,  0.001211480, -0.000181973,
VCV (1),    0.000037714,  0.000000144, -0.000010857,
VCV (2),    0.000000144,  0.000032298,  0.000001171,
VCV (3),   -0.000010857,  0.000001171,  0.000033639,
Cor (1),    1.000000000,  0.004123817, -0.304815199,
Cor (2),    0.004123817,  1.000000000,  0.035511988,
Cor (3),   -0.304815199,  0.035511988,  1.000000000,
St.dev,     0.006141190,  0.005683156,  0.005799938,
Skewness,   0.309532445, -0.337539736, -0.027283370,
Kurtosis,  -0.909662927,  0.798771364,  0.014211767,
AutoCor,    0.390548351,  0.106610370,  0.887590439,
Markow Autoregressive (lag 1) bivariate joint 3 asset model cond. params
uProb.,   0.575216089,  0.424783911,
Prob (1),   0.668157146,  0.331842854,
Prob (2),   0.449361060,  0.550638940,
Mean,     -0.005175764,  0.002293770,  0.000873363,
Cor (1),    1.000000000, -0.141375072,  0.091372745,
Cor (2),   -0.141375072,  1.000000000,  0.116856016,
Cor (3),    0.091372745,  0.116856016,  1.000000000,
VCV (1),    0.000001942, -0.000000800,  0.000000258,
VCV (2),   -0.000000800,  0.000016477,  0.000000959,
VCV (3),    0.000000258,  0.000000959,  0.000004090,
St.dev,     0.001393504,  0.004059244,  0.002022493,
Mean,      0.005361039, -0.000254090, -0.001611043,
Cor (1),    1.000000000,  0.981080763, -0.503271878,
Cor (2),    0.981080763,  1.000000000, -0.120113900,
Cor (3),   -0.503271878, -0.120113900,  1.000000000,
VCV (1),    0.000005096,  0.000015543, -0.000002834,
VCV (2),    0.000015543,  0.000049253, -0.000002103,
VCV (3),   -0.000002834, -0.000002103,  0.000006221,
St.dev,     0.002257363,  0.007018041,  0.002494200,
AutoCor,    0.830673447,  0.100816373,  0.918981824,

No.; 16; Score; 161.87591762718;
Markow Autoregressive (lag 1) bivariate joint 3 asset model uncond. params
uMean,      0.000175508, -0.000477103,  0.000430458,
VCV (1),    0.000045515,  0.000016024,  0.000009579,
VCV (2),    0.000016024,  0.000057690,  0.000019482,
VCV (3),    0.000009579,  0.000019482,  0.000026050,
Cor (1),    1.000000000,  0.312714605,  0.278181062,
Cor (2),    0.312714605,  1.000000000,  0.502553732,
Cor (3),    0.278181062,  0.502553732,  1.000000000,
St.dev,     0.006746455,  0.007595397,  0.005103928,
Skewness,   0.399308909, -0.211717884,  0.449017317,
Kurtosis,   0.706338606, -0.046074813, -1.287793438,
AutoCor,    0.632832125,  0.166343565, -0.147742624,
Markow Autoregressive (lag 1) bivariate joint 3 asset model cond. params
uProb.,   0.650042968,  0.349957032,
Prob (1),   0.568947848,  0.431052152,
Prob (2),   0.800676640,  0.199323360,
Mean,     -0.001522291, -0.002755789, -0.003064067,
Cor (1),    1.000000000, -0.098587768, -0.087270748,
Cor (2),   -0.098587768,  1.000000000,  0.292355668,
Cor (3),   -0.087270748,  0.292355668,  1.000000000,
VCV (1),    0.000003975, -0.000001445, -0.000000312,
VCV (2),   -0.000001445,  0.000054045,  0.000003857,
VCV (3),   -0.000000312,  0.000003857,  0.000003220,
St.dev,     0.001993693,  0.007351549,  0.001794529,
Mean,      0.003329158,  0.003755540,  0.006921515,
Cor (1),    1.000000000,  0.663147841, -0.244960479,
Cor (2),    0.663147841,  1.000000000,  0.649879741,
Cor (3),   -0.244960479,  0.649879741,  1.000000000,
VCV (1),    0.000043151,  0.000023286, -0.000002251,
VCV (2),    0.000023286,  0.000028575,  0.000004861,
VCV (3),   -0.000002251,  0.000004861,  0.000001958,
St.dev,     0.006568911,  0.005345529,  0.001399130,
AutoCor,    0.748097138,  0.246254857,  0.418077664,

No.; 17; Score; 162.38217996501;
Markow Autoregressive (lag 1) bivariate joint 3 asset model uncond. params
uMean,      0.000948624,  0.001201139, -0.000050296,
VCV (1),    0.000019009,  0.000015358,  0.000005771,
VCV (2),    0.000015358,  0.000064662,  0.000019097,
VCV (3),    0.000005771,  0.000019097,  0.000033502,
Cor (1),    1.000000000,  0.438066039,  0.228701490,
Cor (2),    0.438066039,  1.000000000,  0.410304381,
Cor (3),    0.228701490,  0.410304381,  1.000000000,
St.dev,     0.004359957,  0.008041286,  0.005788049,
Skewness,   1.197290711,  0.417657882,  1.357866397,
Kurtosis,   1.572091721,  0.110653009,  2.049400613,
AutoCor,    0.223348561,  0.544779389,  0.217965932,
Markow Autoregressive (lag 1) bivariate joint 3 asset model cond. params
uProb.,   0.690698962,  0.309301038,
Prob (1),   0.772173667,  0.227826333,
Prob (2),   0.508758111,  0.491241889,
Mean,     -0.000934696, -0.002084525, -0.002526991,
Cor (1),    1.000000000, -0.404191535,  0.951494433,
Cor (2),   -0.404191535,  1.000000000,  0.614388391,
Cor (3),    0.951494433,  0.614388391,  1.000000000,
VCV (1),    0.000004325, -0.000003287,  0.000004802,
VCV (2),   -0.000003287,  0.000015290,  0.000005830,
VCV (3),    0.000004802,  0.000005830,  0.000005889,
St.dev,     0.002079705,  0.003910237,  0.002426753,
Mean,      0.005154258,  0.008538344,  0.005480404,
Cor (1),    1.000000000,  0.422570694, -0.724875443,
Cor (2),    0.422570694,  1.000000000, -0.270672720,
Cor (3),   -0.724875443, -0.270672720,  1.000000000,
VCV (1),    0.000024833,  0.000011629, -0.000025195,
VCV (2),    0.000011629,  0.000030498, -0.000010426,
VCV (3),   -0.000025195, -0.000010426,  0.000048648,
St.dev,     0.004983249,  0.005522465,  0.006974841,
AutoCor,    0.194729001,  0.712035164,  0.186529173,

No.; 18; Score; 166.22403041665;
Markow Autoregressive (lag 1) bivariate joint 3 asset model uncond. params
uMean,     -0.000207375, -0.000582144,  0.001382002,
VCV (1),    0.000029224, -0.000028843,  0.000012274,
VCV (2),   -0.000028843,  0.000097318, -0.000022640,
VCV (3),    0.000012274, -0.000022640,  0.000017302,
Cor (1),    1.000000000, -0.540840552,  0.545841884,
Cor (2),   -0.540840552,  1.000000000, -0.551728791,
Cor (3),    0.545841884, -0.551728791,  1.000000000,
St.dev,     0.005405965,  0.009864994,  0.004159582,
Skewness,   0.036716094, -0.141702560, -0.554186836,
Kurtosis,  -0.064631305,  0.049443285,  0.108432928,
AutoCor,    0.629442077,  0.489058465,  0.144690967,
Markow Autoregressive (lag 1) bivariate joint 3 asset model cond. params
uProb.,   0.394389214,  0.605610786,
Prob (1),   0.290449683,  0.709550317,
Prob (2),   0.462077292,  0.537922708,
Mean,      0.002708037, -0.005000699,  0.003977240,
Cor (1),    1.000000000,  0.035506824,  0.411358498,
Cor (2),    0.035506824,  1.000000000,  0.476934675,
Cor (3),    0.411358498,  0.476934675,  1.000000000,
VCV (1),    0.000007925,  0.000000834,  0.000002120,
VCV (2),    0.000000834,  0.000069609,  0.000007284,
VCV (3),    0.000002120,  0.000007284,  0.000003351,
St.dev,     0.002815220,  0.008343196,  0.001830640,
Mean,     -0.002105965,  0.002295332, -0.000308083,
Cor (1),    1.000000000, -0.950670749,  0.697520852,
Cor (2),   -0.950670749,  1.000000000, -0.911592746,
Cor (3),    0.697520852, -0.911592746,  1.000000000,
VCV (1),    0.000007870, -0.000018090,  0.000008253,
VCV (2),   -0.000018090,  0.000046011, -0.000026080,
VCV (3),    0.000008253, -0.000026080,  0.000017789,
St.dev,     0.002805312,  0.006783178,  0.004217723,
AutoCor,    0.816617753,  0.588346553,  0.252110652,

No.; 19; Score; 174.11357147699;
Markow Autoregressive (lag 1) bivariate joint 3 asset model uncond. params
uMean,     -0.000838168,  0.000368142,  0.000661931,
VCV (1),    0.000042999, -0.000022275, -0.000015596,
VCV (2),   -0.000022275,  0.000048123,  0.000014597,
VCV (3),   -0.000015596,  0.000014597,  0.000033705,
Cor (1),    1.000000000, -0.489676028, -0.409680072,
Cor (2),   -0.489676028,  1.000000000,  0.362445771,
Cor (3),   -0.409680072,  0.362445771,  1.000000000,
St.dev,     0.006557345,  0.006937046,  0.005805568,
Skewness,  -1.478192571,  0.068092577,  0.853244190,
Kurtosis,   2.296502310, -0.191381541,  1.040946891,
AutoCor,    0.501472866,  0.680912808,  0.449190233,
Markow Autoregressive (lag 1) bivariate joint 3 asset model cond. params
uProb.,   0.742525322,  0.257474678,
Prob (1),   0.923199608,  0.076800392,
Prob (2),   0.221482889,  0.778517111,
Mean,      0.001895084, -0.001868676, -0.001415453,
Cor (1),    1.000000000, -0.562198400,  0.460887056,
Cor (2),   -0.562198400,  1.000000000,  0.209556192,
Cor (3),    0.460887056,  0.209556192,  1.000000000,
VCV (1),    0.000007403, -0.000006810,  0.000004551,
VCV (2),   -0.000006810,  0.000019822,  0.000003386,
VCV (3),    0.000004551,  0.000003386,  0.000013168,
St.dev,     0.002720902,  0.004452167,  0.003628810,
Mean,     -0.008720531,  0.006818849,  0.006652848,
Cor (1),    1.000000000,  0.186064295, -0.230805308,
Cor (2),    0.186064295,  1.000000000, -0.260300700,
Cor (3),   -0.230805308, -0.260300700,  1.000000000,
VCV (1),    0.000054457,  0.000005247, -0.000010373,
VCV (2),    0.000005247,  0.000014602, -0.000006058,
VCV (3),   -0.000010373, -0.000006058,  0.000037094,
St.dev,     0.007379492,  0.003821300,  0.006090476,
AutoCor,    0.300387159,  0.672003658,  0.301357627,

No.; 20; Score; 178.03289830065;
Markow Autoregressive (lag 1) bivariate joint 3 asset model uncond. params
uMean,     -0.000478338, -0.000116595,  0.000345243,
VCV (1),    0.000068886,  0.000002523,  0.000003232,
VCV (2),    0.000002523,  0.000087730, -0.000010269,
VCV (3),    0.000003232, -0.000010269,  0.000007845,
Cor (1),    1.000000000,  0.032454983,  0.139041758,
Cor (2),    0.032454983,  1.000000000, -0.391423248,
Cor (3),    0.139041758, -0.391423248,  1.000000000,
St.dev,     0.008299748,  0.009366416,  0.002800834,
Skewness,  -0.124746264,  0.075611524,  3.423832592,
Kurtosis,   0.332375808,  1.130942361, 29.772887807,
AutoCor,    0.677773528,  0.395111748,  0.280489240,
Markow Autoregressive (lag 1) bivariate joint 3 asset model cond. params
uProb.,   0.954933723,  0.045066277,
Prob (1),   0.970572488,  0.029427512,
Prob (2),   0.623555473,  0.376444527,
Mean,     -0.000179658, -0.000201723,  0.000086902,
Cor (1),    1.000000000,  0.163742073,  0.285054000,
Cor (2),    0.163742073,  1.000000000, -0.589955382,
Cor (3),    0.285054000, -0.589955382,  1.000000000,
VCV (1),    0.000032727,  0.000007440,  0.000002275,
VCV (2),    0.000007440,  0.000063086, -0.000006536,
VCV (3),    0.000002275, -0.000006536,  0.000001946,
St.dev,     0.005720748,  0.007942649,  0.001394880,
Mean,     -0.006807238,  0.001687244,  0.005819375,
Cor (1),    1.000000000, -0.650335206,  0.438773371,
Cor (2),   -0.650335206,  1.000000000, -0.448741902,
Cor (3),    0.438773371, -0.448741902,  1.000000000,
VCV (1),    0.000091285, -0.000108161,  0.000040073,
VCV (2),   -0.000108161,  0.000303018, -0.000074670,
VCV (3),    0.000040073, -0.000074670,  0.000091376,
St.dev,     0.009554303,  0.017407423,  0.009559063,
AutoCor,    0.687106022,  0.395196078,  0.265858416,

No.; 21; Score; 179.74628034483;
Markow Autoregressive (lag 1) bivariate joint 3 asset model uncond. params
uMean,      0.000814223, -0.000593789, -0.000106642,
VCV (1),    0.000059716,  0.000024202,  0.000017302,
VCV (2),    0.000024202,  0.000030184,  0.000027771,
VCV (3),    0.000017302,  0.000027771,  0.000028969,
Cor (1),    1.000000000,  0.570051122,  0.415975069,
Cor (2),    0.570051122,  1.000000000,  0.939155302,
Cor (3),    0.415975069,  0.939155302,  1.000000000,
St.dev,     0.007727630,  0.005493998,  0.005382329,
Skewness,   0.804455098, -0.077772344,  0.045439150,
Kurtosis,   0.779125322, -1.511929168, -1.729275834,
AutoCor,    0.164495851,  0.462824369,  0.454974862,
Markow Autoregressive (lag 1) bivariate joint 3 asset model cond. params
uProb.,   0.485890225,  0.514109775,
Prob (1),   0.737363758,  0.262636242,
Prob (2),   0.248220106,  0.751779894,
Mean,     -0.003037301, -0.005868695, -0.005441978,
Cor (1),    1.000000000,  0.185037257, -0.855316659,
Cor (2),    0.185037257,  1.000000000, -0.124530358,
Cor (3),   -0.855316659, -0.124530358,  1.000000000,
VCV (1),    0.000011309,  0.000001231, -0.000002985,
VCV (2),    0.000001231,  0.000003911, -0.000000256,
VCV (3),   -0.000002985, -0.000000256,  0.000001077,
St.dev,     0.003362861,  0.001977564,  0.001037690,
Mean,      0.004454335,  0.004391577,  0.004935837,
Cor (1),    1.000000000,  0.527102416, -0.085037779,
Cor (2),    0.527102416,  1.000000000,  0.805544896,
Cor (3),   -0.085037779,  0.805544896,  1.000000000,
VCV (1),    0.000077822,  0.000008384, -0.000001300,
VCV (2),    0.000008384,  0.000003251,  0.000002516,
VCV (3),   -0.000001300,  0.000002516,  0.000003001,
St.dev,     0.008821674,  0.001803037,  0.001732276,
AutoCor,    0.064891357,  0.284747586,  0.010062487,

No.; 22; Score; 180.28189423827;
Markow Autoregressive (lag 1) bivariate joint 3 asset model uncond. params
uMean,      0.000918662,  0.000205344, -0.000304103,
VCV (1),    0.000070625,  0.000000902, -0.000007304,
VCV (2),    0.000000902,  0.000055076,  0.000005220,
VCV (3),   -0.000007304,  0.000005220,  0.000018662,
Cor (1),    1.000000000,  0.014464001, -0.201187595,
Cor (2),    0.014464001,  1.000000000,  0.162811297,
Cor (3),   -0.201187595,  0.162811297,  1.000000000,
St.dev,     0.008403865,  0.007421307,  0.004319902,
Skewness,  -0.112189412,  0.024271397, -0.681165465,
Kurtosis,   0.048402809, -0.003397949,  1.439351485,
AutoCor,    0.646489523,  0.539696957,  0.219446157,
Markow Autoregressive (lag 1) bivariate joint 3 asset model cond. params
uProb.,   0.489448030,  0.510551970,
Prob (1),   0.236241524,  0.763758476,
Prob (2),   0.732188108,  0.267811892,
Mean,      0.003461463,  0.002070617, -0.001749867,
Cor (1),    1.000000000,  0.753729407, -0.464732807,
Cor (2),    0.753729407,  1.000000000,  0.497195778,
Cor (3),   -0.464732807,  0.497195778,  1.000000000,
VCV (1),    0.000015762,  0.000017663, -0.000009917,
VCV (2),    0.000017663,  0.000034841,  0.000015774,
VCV (3),   -0.000009917,  0.000015774,  0.000028891,
St.dev,     0.003970101,  0.005902589,  0.005375009,
Mean,     -0.001519031, -0.001582826,  0.001081899,
Cor (1),    1.000000000, -0.602262735,  0.445599619,
Cor (2),   -0.602262735,  1.000000000, -0.350800321,
Cor (3),    0.445599619, -0.350800321,  1.000000000,
VCV (1),    0.000038880, -0.000020797,  0.000003815,
VCV (2),   -0.000020797,  0.000030669, -0.000002667,
VCV (3),    0.000003815, -0.000002667,  0.000001885,
St.dev,     0.006235400,  0.005537936,  0.001373034,
AutoCor,    0.756405177,  0.606459396,  0.305503940,

No.; 23; Score; 188.90044434206;
