Round No; 7; best result RLS; 100

;;;
Statistical description of data for: Meginajums1
Calib/Tail/Per/Cur, 784, 9999, 23, 0,
Title,    INDEX WITH EQUAL WEIGHTS based on market value,EQUITY LM SNP,REX BOND     ,
Mean,       0.000158634,  0.000175148,  0.000011824,
VCV (1),    0.000022943, -0.000000281, -0.000000006,
VCV (2),   -0.000000281,  0.000027803, -0.000000034,
VCV (3),   -0.000000006, -0.000000034,  0.000000099,
St.dev,     0.004789897,  0.005272874,  0.000315163,
Skewness,  -1.581739356, -0.533728382, -0.333150084,
Kurtosis,  24.552038003,  6.345066446, 26.810331499,
AutoCor,   -0.072787598,  0.126724186, -0.366572783,
No.; 1; Score; 100;
Markow Autoregressive (lag 1) bivariate joint 3 asset model uncond. params
uMean,     -0.004757995,  0.001928692, -0.000473299,
VCV (1),    0.000026367, -0.000002954,  0.000001066,
VCV (2),   -0.000002954,  0.000030640, -0.000000619,
VCV (3),    0.000001066, -0.000000619,  0.000000536,
Cor (1),    1.000000000, -0.103943802,  0.283316038,
Cor (2),   -0.103943802,  1.000000000, -0.152606214,
Cor (3),    0.283316038, -0.152606214,  1.000000000,
St.dev,     0.005134863,  0.005535353,  0.000732415,
Skewness,  -0.006064684, -0.654102372,  0.026305394,
Kurtosis,   0.003751340,  1.088385901,  0.023801834,
AutoCor,   -0.429285645, -0.398879874,  0.739293356,
Markow Autoregressive (lag 1) bivariate joint 3 asset model cond. params
uProb.,   0.774422790,  0.225577210,
Prob (1),   0.755469755,  0.244530245,
Prob (2),   0.839489922,  0.160510078,
Mean,     -0.004907828,  0.003299481, -0.000524745,
Cor (1),    1.000000000,  0.321716309,  0.581176758,
Cor (2),    0.321716309,  1.000000000,  0.126525879,
Cor (3),    0.581176758,  0.126525879,  1.000000000,
VCV (1),    0.000021981,  0.000005245,  0.000001248,
VCV (2),    0.000005245,  0.000012092,  0.000000202,
VCV (3),    0.000001248,  0.000000202,  0.000000210,
St.dev,     0.004688378,  0.003477300,  0.000458004,
Mean,     -0.004243604, -0.002777326, -0.000296683,
Cor (1),    1.000000000, -0.919250488,  0.762756348,
Cor (2),   -0.919250488,  1.000000000, -0.863281250,
Cor (3),    0.762756348, -0.863281250,  1.000000000,
VCV (1),    0.000019503, -0.000025906,  0.000001815,
VCV (2),   -0.000025906,  0.000040720, -0.000002969,
VCV (3),    0.000001815, -0.000002969,  0.000000290,
St.dev,     0.004416271,  0.006381259,  0.000538882,
AutoCor,   -0.430297852, -0.482849121,  0.753479004,

No.; 2; Score; 100;
Markow Autoregressive (lag 1) bivariate joint 3 asset model uncond. params
uMean,     -0.006195664,  0.001082936, -0.000238312,
VCV (1),    0.000054761,  0.000024036, -0.000001078,
VCV (2),    0.000024036,  0.000133621, -0.000004212,
VCV (3),   -0.000001078, -0.000004212,  0.000000380,
Cor (1),    1.000000000,  0.280987911, -0.236290446,
Cor (2),    0.280987911,  1.000000000, -0.591007125,
Cor (3),   -0.236290446, -0.591007125,  1.000000000,
St.dev,     0.007400040,  0.011559468,  0.000616478,
Skewness,   0.205170123,  0.022397438,  0.005262017,
Kurtosis,   0.059609218, -1.172596739, -0.127565294,
AutoCor,    0.199579103, -0.265425797, -0.112541976,
Markow Autoregressive (lag 1) bivariate joint 3 asset model cond. params
uProb.,   0.539294783,  0.460705217,
Prob (1),   0.443241401,  0.556758599,
Prob (2),   0.651733466,  0.348266534,
Mean,     -0.003734912,  0.010405502, -0.000524399,
Cor (1),    1.000000000, -0.537475586,  0.041625977,
Cor (2),   -0.537475586,  1.000000000, -0.534362793,
Cor (3),    0.041625977, -0.534362793,  1.000000000,
VCV (1),    0.000054550, -0.000022372,  0.000000164,
VCV (2),   -0.000022372,  0.000031761, -0.000001610,
VCV (3),    0.000000164, -0.000001610,  0.000000286,
St.dev,     0.007385765,  0.005635658,  0.000534640,
Mean,     -0.009076185, -0.009829924,  0.000096578,
Cor (1),    1.000000000,  0.794677734, -0.250549316,
Cor (2),    0.794677734,  1.000000000, -0.175720215,
Cor (3),   -0.250549316, -0.175720215,  1.000000000,
VCV (1),    0.000032613,  0.000019360, -0.000000755,
VCV (2),    0.000019360,  0.000018198, -0.000000396,
VCV (3),   -0.000000755, -0.000000396,  0.000000278,
St.dev,     0.005710807,  0.004265866,  0.000527629,
AutoCor,    0.260253906, -0.447082520, -0.080200195,

No.; 3; Score; 100;
Markow Autoregressive (lag 1) bivariate joint 3 asset model uncond. params
uMean,      0.001932943, -0.004604229, -0.000067148,
VCV (1),    0.000153900,  0.000015218,  0.000000712,
VCV (2),    0.000015218,  0.000018324, -0.000000985,
VCV (3),    0.000000712, -0.000000985,  0.000005706,
Cor (1),    1.000000000,  0.286570121,  0.024024093,
Cor (2),    0.286570121,  1.000000000, -0.096343973,
Cor (3),    0.024024093, -0.096343973,  1.000000000,
St.dev,     0.012405661,  0.004280596,  0.002388784,
Skewness,   0.045520890, -0.860097324, -0.000670720,
Kurtosis,  -0.047546052,  0.871343665,  0.001180658,
AutoCor,    0.663114476, -0.133640102,  0.981989878,
Markow Autoregressive (lag 1) bivariate joint 3 asset model cond. params
uProb.,   0.711279408,  0.288720592,
Prob (1),   0.610041379,  0.389958621,
Prob (2),   0.960684980,  0.039315020,
Mean,      0.004838607, -0.002872588, -0.000144180,
Cor (1),    1.000000000, -0.068603516, -0.026977539,
Cor (2),   -0.068603516,  1.000000000, -0.832336426,
Cor (3),   -0.026977539, -0.832336426,  1.000000000,
VCV (1),    0.000053367, -0.000001338, -0.000000086,
VCV (2),   -0.000001338,  0.000007126, -0.000000969,
VCV (3),   -0.000000086, -0.000000969,  0.000000190,
St.dev,     0.007305295,  0.002669425,  0.000436176,
Mean,     -0.005225323, -0.008870225,  0.000122623,
Cor (1),    1.000000000,  0.670837402,  0.762145996,
Cor (2),    0.670837402,  1.000000000,  0.098876953,
Cor (3),    0.762145996,  0.098876953,  1.000000000,
VCV (1),    0.000018391,  0.000012967,  0.000001045,
VCV (2),    0.000012967,  0.000020317,  0.000000143,
VCV (3),    0.000001045,  0.000000143,  0.000000102,
St.dev,     0.004288440,  0.004507480,  0.000319765,
AutoCor,    0.821533203,  0.012939453,  0.985412598,

No.; 4; Score; 100;
Markow Autoregressive (lag 1) bivariate joint 3 asset model uncond. params
uMean,      0.003527423, -0.009843888, -0.000399058,
VCV (1),    0.000022924,  0.000025373, -0.000000312,
VCV (2),    0.000025373,  0.000178373,  0.000002274,
VCV (3),   -0.000000312,  0.000002274,  0.000000106,
Cor (1),    1.000000000,  0.396790260, -0.199611295,
Cor (2),    0.396790260,  1.000000000,  0.522405659,
Cor (3),   -0.199611295,  0.522405659,  1.000000000,
St.dev,     0.004787882,  0.013355641,  0.000325980,
Skewness,  -0.159074545, -0.001791398,  0.105020383,
Kurtosis,   0.154355774,  0.000424968,  0.045771212,
AutoCor,    0.654424887,  0.802761855,  0.398172214,
Markow Autoregressive (lag 1) bivariate joint 3 asset model cond. params
uProb.,   0.198869094,  0.801130906,
Prob (1),   0.088340002,  0.911659998,
Prob (2),   0.226306333,  0.773693667,
Mean,      0.000327614, -0.008341779, -0.000163801,
Cor (1),    1.000000000,  0.475036621, -0.253173828,
Cor (2),    0.475036621,  1.000000000,  0.907287598,
Cor (3),   -0.253173828,  0.907287598,  1.000000000,
VCV (1),    0.000013952,  0.000013467, -0.000000265,
VCV (2),    0.000013467,  0.000057605,  0.000001930,
VCV (3),   -0.000000265,  0.000001930,  0.000000079,
St.dev,     0.003735237,  0.007589814,  0.000280206,
Mean,      0.004321729, -0.010216765, -0.000457457,
Cor (1),    1.000000000,  0.442626953, -0.046691895,
Cor (2),    0.442626953,  1.000000000,  0.570251465,
Cor (3),   -0.046691895,  0.570251465,  1.000000000,
VCV (1),    0.000007544,  0.000009692, -0.000000034,
VCV (2),    0.000009692,  0.000063563,  0.000001200,
VCV (3),   -0.000000034,  0.000001200,  0.000000070,
St.dev,     0.002746575,  0.007972631,  0.000263889,
AutoCor,    0.753234863,  0.805725098,  0.477783203,

