Round No; 2; best result RLS; 21.110344348587

;;;
No.; 1; Score; 21.110344348587;
Markow Autoregressive (lag 1) bivariate joint 3 asset model uncond. params
uMean,     -0.000156273, -0.000237135,  0.000297596,
VCV (1),    0.000007547, -0.000003981,  0.000000539,
VCV (2),   -0.000003981,  0.000034344, -0.000003234,
VCV (3),    0.000000539, -0.000003234,  0.000002351,
Cor (1),    1.000000000, -0.247296278,  0.127973003,
Cor (2),   -0.247296278,  1.000000000, -0.359867940,
Cor (3),    0.127973003, -0.359867940,  1.000000000,
St.dev,     0.002747184,  0.005860403,  0.001533335,
Skewness,  -1.606324734,  0.073263420,  0.057154728,
Kurtosis,   7.862510265,  0.123113995,  1.154129091,
AutoCor,    0.725542839,  0.228723347,  0.523789800,
Markow Autoregressive (lag 1) bivariate joint 3 asset model cond. params
uProb.,   0.971269971,  0.028730029,
Prob (1),   0.989258025,  0.010741975,
Prob (2),   0.363151683,  0.636848317,
Mean,      0.000093895, -0.000430158,  0.000289250,
Cor (1),    1.000000000, -0.315044838,  0.044001553,
Cor (2),   -0.315044838,  1.000000000, -0.502625925,
Cor (3),    0.044001553, -0.502625925,  1.000000000,
VCV (1),    0.000001860, -0.000002402,  0.000000074,
VCV (2),   -0.000002402,  0.000031239, -0.000003445,
VCV (3),    0.000000074, -0.000003445,  0.000001504,
St.dev,     0.001363916,  0.005589223,  0.001226225,
Mean,     -0.008613674,  0.006288336,  0.000579753,
Cor (1),    1.000000000,  0.491838171,  0.885534107,
Cor (2),    0.491838171,  1.000000000,  0.775201297,
Cor (3),    0.885534107,  0.775201297,  1.000000000,
VCV (1),    0.000015730,  0.000012781,  0.000010239,
VCV (2),    0.000012781,  0.000042932,  0.000014808,
VCV (3),    0.000010239,  0.000014808,  0.000008499,
St.dev,     0.003966053,  0.006552262,  0.002915377,
AutoCor,    0.764279007,  0.213594663,  0.523687215,

No.; 2; Score; 40.843408252789;
Markow Autoregressive (lag 1) bivariate joint 3 asset model uncond. params
uMean,      0.000507350,  0.000218972, -0.000471008,
VCV (1),    0.000012678,  0.000006887,  0.000000038,
VCV (2),    0.000006887,  0.000012994,  0.000006116,
VCV (3),    0.000000038,  0.000006116,  0.000007264,
Cor (1),    1.000000000,  0.536555690,  0.003955958,
Cor (2),    0.536555690,  1.000000000,  0.629519018,
Cor (3),    0.003955958,  0.629519018,  1.000000000,
St.dev,     0.003560581,  0.003604683,  0.002695260,
Skewness,  -0.003202204, -0.061255686,  2.092067125,
Kurtosis,   1.059129103,  0.029756895,  8.324222330,
AutoCor,    0.781410033,  0.223978295,  0.347699086,
Markow Autoregressive (lag 1) bivariate joint 3 asset model cond. params
uProb.,   0.926180256,  0.073819744,
Prob (1),   0.948461156,  0.051538844,
Prob (2),   0.646632691,  0.353367309,
Mean,      0.000509591,  0.000081507, -0.000929942,
Cor (1),    1.000000000,  0.849194537,  0.229843019,
Cor (2),    0.849194537,  1.000000000,  0.825287162,
Cor (3),    0.229843019,  0.825287162,  1.000000000,
VCV (1),    0.000003539,  0.000005703,  0.000000681,
VCV (2),    0.000005703,  0.000012743,  0.000004640,
VCV (3),    0.000000681,  0.000004640,  0.000002481,
St.dev,     0.001881205,  0.003569707,  0.001575077,
Mean,      0.000479231,  0.001943677,  0.005287013,
Cor (1),    1.000000000,  0.561081724, -0.356483682,
Cor (2),    0.561081724,  1.000000000,  0.793322871,
Cor (3),   -0.356483682,  0.793322871,  1.000000000,
VCV (1),    0.000022473,  0.000005562, -0.000008057,
VCV (2),    0.000005562,  0.000004373,  0.000007909,
VCV (3),   -0.000008057,  0.000007909,  0.000022730,
St.dev,     0.004740536,  0.002091138,  0.004767587,
AutoCor,    0.781412417,  0.222531425,  0.373925549,

No.; 3; Score; 45.280754466773;
Markow Autoregressive (lag 1) bivariate joint 3 asset model uncond. params
uMean,     -0.000497850,  0.000387298,  0.000354444,
VCV (1),    0.000031730,  0.000002308,  0.000007451,
VCV (2),    0.000002308,  0.000040359,  0.000003589,
VCV (3),    0.000007451,  0.000003589,  0.000004786,
Cor (1),    1.000000000,  0.064490368,  0.604607095,
Cor (2),    0.064490368,  1.000000000,  0.258217906,
Cor (3),    0.604607095,  0.258217906,  1.000000000,
St.dev,     0.005632908,  0.006352852,  0.002187793,
Skewness,   0.642752387,  0.570573318,  0.103091092,
Kurtosis,   5.278486796, 25.078469622,  4.599247589,
AutoCor,    0.720930062,  0.200460087,  0.420298576,
Markow Autoregressive (lag 1) bivariate joint 3 asset model cond. params
uProb.,   0.924119322,  0.075880678,
Prob (1),   0.918085675,  0.081914325,
Prob (2),   0.997600604,  0.002399396,
Mean,     -0.000828469,  0.000267065,  0.000336744,
Cor (1),    1.000000000,  0.661734543,  0.810558952,
Cor (2),    0.661734543,  1.000000000,  0.474374606,
Cor (3),    0.810558952,  0.474374606,  1.000000000,
VCV (1),    0.000003509,  0.000002824,  0.000002275,
VCV (2),    0.000002824,  0.000005192,  0.000001619,
VCV (3),    0.000002275,  0.000001619,  0.000002244,
St.dev,     0.001873143,  0.002278601,  0.001498163,
Mean,      0.003528614,  0.001851565,  0.000570003,
Cor (1),    1.000000000, -0.058580256,  0.686647120,
Cor (2),   -0.058580256,  1.000000000,  0.222542931,
Cor (3),    0.686647120,  0.222542931,  1.000000000,
VCV (1),    0.000128926, -0.000014028,  0.000038621,
VCV (2),   -0.000014028,  0.000444778,  0.000023249,
VCV (3),    0.000038621,  0.000023249,  0.000024538,
St.dev,     0.011354543,  0.021089771,  0.004953620,
AutoCor,    0.755983537,  0.201686747,  0.420697307,

No.; 4; Score; 47.991067497284;
Markow Autoregressive (lag 1) bivariate joint 3 asset model uncond. params
uMean,      0.000840697,  0.000952273, -0.000332800,
VCV (1),    0.000008989,  0.000004522, -0.000001230,
VCV (2),    0.000004522,  0.000049843, -0.000001952,
VCV (3),   -0.000001230, -0.000001952,  0.000007905,
Cor (1),    1.000000000,  0.213646805, -0.145861271,
Cor (2),    0.213646805,  1.000000000, -0.098363137,
Cor (3),   -0.145861271, -0.098363137,  1.000000000,
St.dev,     0.002998170,  0.007059936,  0.002811522,
Skewness,  -1.048020480,  0.035046601,  0.809046142,
Kurtosis,   1.158770196,  0.019743112,  4.830849190,
AutoCor,    0.122985607,  0.510270013,  0.111850128,
Markow Autoregressive (lag 1) bivariate joint 3 asset model cond. params
uProb.,   0.735944899,  0.264055101,
Prob (1),   0.666328046,  0.333671954,
Prob (2),   0.929973218,  0.070026782,
Mean,      0.002093798,  0.000198362, -0.000700216,
Cor (1),    1.000000000,  0.536864177, -0.546147015,
Cor (2),    0.536864177,  1.000000000,  0.389696442,
Cor (3),   -0.546147015,  0.389696442,  1.000000000,
VCV (1),    0.000001634,  0.000003923, -0.000000884,
VCV (2),    0.000003923,  0.000032671,  0.000002819,
VCV (3),   -0.000000884,  0.000002819,  0.000001602,
St.dev,     0.001278345,  0.005715830,  0.001265530,
Mean,     -0.002651805,  0.003053489,  0.000691220,
Cor (1),    1.000000000,  0.489286531,  0.185049900,
Cor (2),    0.489286531,  1.000000000, -0.573823786,
Cor (3),    0.185049900, -0.573823786,  1.000000000,
VCV (1),    0.000008722,  0.000009054,  0.000002653,
VCV (2),    0.000009054,  0.000039261, -0.000017452,
VCV (3),    0.000002653, -0.000017452,  0.000023561,
St.dev,     0.002953388,  0.006265860,  0.004853931,
AutoCor,    0.489825599,  0.535674453,  0.130615919,

No.; 5; Score; 48.498384893131;
Markow Autoregressive (lag 1) bivariate joint 3 asset model uncond. params
uMean,      0.000270120, -0.000124258,  0.000057231,
VCV (1),    0.000010256, -0.000000353, -0.000007100,
VCV (2),   -0.000000353,  0.000027437,  0.000008642,
VCV (3),   -0.000007100,  0.000008642,  0.000011356,
Cor (1),    1.000000000, -0.021034888, -0.657913832,
Cor (2),   -0.021034888,  1.000000000,  0.489600684,
Cor (3),   -0.657913832,  0.489600684,  1.000000000,
St.dev,     0.003202468,  0.005238071,  0.003369854,
Skewness,   1.777851193, -0.974029581, -0.659569581,
Kurtosis,   2.888197693,  3.989158883,  1.635243295,
AutoCor,    0.084988797,  0.085547349,  0.432841408,
Markow Autoregressive (lag 1) bivariate joint 3 asset model cond. params
uProb.,   0.882571592,  0.117428408,
Prob (1),   0.883530686,  0.116469314,
Prob (2),   0.875363206,  0.124636794,
Mean,     -0.000755410,  0.000490178,  0.000548821,
Cor (1),    1.000000000,  0.497266681, -0.907817214,
Cor (2),    0.497266681,  1.000000000,  0.146326923,
Cor (3),   -0.907817214,  0.146326923,  1.000000000,
VCV (1),    0.000001834,  0.000002616, -0.000002823,
VCV (2),    0.000002616,  0.000015097,  0.000001306,
VCV (3),   -0.000002823,  0.000001306,  0.000005274,
St.dev,     0.001354086,  0.003885433,  0.002296470,
Mean,      0.007977821, -0.004742248, -0.003637472,
Cor (1),    1.000000000,  0.860316231, -0.226910459,
Cor (2),    0.860316231,  1.000000000,  0.959714886,
Cor (3),   -0.226910459,  0.959714886,  1.000000000,
VCV (1),    0.000003884,  0.000016452, -0.000002008,
VCV (2),    0.000016452,  0.000094156,  0.000041817,
VCV (3),   -0.000002008,  0.000041817,  0.000020164,
St.dev,     0.001970739,  0.009703384,  0.004490409,
AutoCor,    0.343239651,  0.094472660,  0.513696228,

No.; 6; Score; 59.427779186456;
Markow Autoregressive (lag 1) bivariate joint 3 asset model uncond. params
uMean,     -0.000299418,  0.000230433,  0.000591110,
VCV (1),    0.000005072,  0.000001705, -0.000000832,
VCV (2),    0.000001705,  0.000015808, -0.000001220,
VCV (3),   -0.000000832, -0.000001220,  0.000010441,
Cor (1),    1.000000000,  0.190448306, -0.114354304,
Cor (2),    0.190448306,  1.000000000, -0.094981946,
Cor (3),   -0.114354304, -0.094981946,  1.000000000,
St.dev,     0.002252086,  0.003975876,  0.003231314,
Skewness,  -0.239934857,  0.741558906, -1.375159931,
Kurtosis,   0.601979112,  7.592338845,  1.676591523,
AutoCor,    0.474699646,  0.027582642,  0.078401987,
Markow Autoregressive (lag 1) bivariate joint 3 asset model cond. params
uProb.,   0.854300327,  0.145699673,
Prob (1),   0.863552381,  0.136447619,
Prob (2),   0.800051521,  0.199948479,
Mean,     -0.000108180, -0.000030104,  0.001708618,
Cor (1),    1.000000000, -0.425821211, -0.476839942,
Cor (2),   -0.425821211,  1.000000000, -0.201609821,
Cor (3),   -0.476839942, -0.201609821,  1.000000000,
VCV (1),    0.000002934, -0.000001685, -0.000001353,
VCV (2),   -0.000001685,  0.000005340, -0.000000772,
VCV (3),   -0.000001353, -0.000000772,  0.000002743,
St.dev,     0.001712833,  0.002310759,  0.001656321,
Mean,     -0.001420729,  0.001758078, -0.005961321,
Cor (1),    1.000000000,  0.957431608, -0.876153415,
Cor (2),    0.957431608,  1.000000000,  0.405510457,
Cor (3),   -0.876153415,  0.405510457,  1.000000000,
VCV (1),    0.000008039,  0.000023411, -0.000005580,
VCV (2),    0.000023411,  0.000074379,  0.000007856,
VCV (3),   -0.000005580,  0.000007856,  0.000005046,
St.dev,     0.002835240,  0.008624330,  0.002246354,
AutoCor,    0.492852417,  0.026654922,  0.113384928,

No.; 7; Score; 60.687165399026;
Markow Autoregressive (lag 1) bivariate joint 3 asset model uncond. params
uMean,      0.000231003,  0.000611020,  0.000213957,
VCV (1),    0.000015976, -0.000000962, -0.000003259,
VCV (2),   -0.000000962,  0.000019806, -0.000000815,
VCV (3),   -0.000003259, -0.000000815,  0.000014415,
Cor (1),    1.000000000, -0.054057405, -0.214737985,
Cor (2),   -0.054057405,  1.000000000, -0.048216371,
Cor (3),   -0.214737985, -0.048216371,  1.000000000,
St.dev,     0.003997027,  0.004450358,  0.003796651,
Skewness,  -0.027026605,  0.037439114, -1.391161049,
Kurtosis,   0.013290639, -0.007668114,  3.859112569,
AutoCor,    0.658676295,  0.337295419,  0.384331790,
Markow Autoregressive (lag 1) bivariate joint 3 asset model cond. params
uProb.,   0.894229602,  0.105770398,
Prob (1),   0.898723750,  0.101276250,
Prob (2),   0.856234088,  0.143765912,
Mean,      0.000514419,  0.000861559,  0.001004895,
Cor (1),    1.000000000, -0.117833269, -0.333067737,
Cor (2),   -0.117833269,  1.000000000, -0.320849433,
Cor (3),   -0.333067737, -0.320849433,  1.000000000,
VCV (1),    0.000008058, -0.000001405, -0.000001848,
VCV (2),   -0.000001405,  0.000017647, -0.000002635,
VCV (3),   -0.000001848, -0.000002635,  0.000003821,
St.dev,     0.002838665,  0.004200854,  0.001954815,
Mean,     -0.002165121, -0.001507147, -0.006472987,
Cor (1),    1.000000000,  0.062700671, -0.944454252,
Cor (2),    0.062700671,  1.000000000,  0.207751185,
Cor (3),   -0.944454252,  0.207751185,  1.000000000,
VCV (1),    0.000008433,  0.000000612, -0.000013631,
VCV (2),    0.000000612,  0.000011295,  0.000003470,
VCV (3),   -0.000013631,  0.000003470,  0.000024701,
St.dev,     0.002904004,  0.003360819,  0.004969964,
AutoCor,    0.686031259,  0.345412072,  0.582454689,

No.; 8; Score; 62.659759197888;
Markow Autoregressive (lag 1) bivariate joint 3 asset model uncond. params
uMean,      0.000078165,  0.000366311,  0.000609784,
VCV (1),    0.000012444, -0.000001658,  0.000000125,
VCV (2),   -0.000001658,  0.000049159, -0.000015519,
VCV (3),    0.000000125, -0.000015519,  0.000012153,
Cor (1),    1.000000000, -0.067031366,  0.010186847,
Cor (2),   -0.067031366,  1.000000000, -0.634917569,
Cor (3),    0.010186847, -0.634917569,  1.000000000,
St.dev,     0.003527567,  0.007011350,  0.003486112,
Skewness,  -0.151610908, -0.954065414,  0.465901660,
Kurtosis,   7.369239447,  1.295880322,  0.243924851,
AutoCor,    0.223072504,  0.087009140,  0.445461063,
Markow Autoregressive (lag 1) bivariate joint 3 asset model cond. params
uProb.,   0.795071113,  0.204928887,
Prob (1),   0.785143497,  0.214856503,
Prob (2),   0.833587696,  0.166412304,
Mean,      0.000136022,  0.002697321, -0.000491542,
Cor (1),    1.000000000, -0.367560684, -0.620401835,
Cor (2),   -0.367560684,  1.000000000, -0.279046478,
Cor (3),   -0.620401835, -0.279046478,  1.000000000,
VCV (1),    0.000001907, -0.000002279, -0.000001430,
VCV (2),   -0.000002279,  0.000020162, -0.000002092,
VCV (3),   -0.000001430, -0.000002092,  0.000002787,
St.dev,     0.001380999,  0.004490178,  0.001669524,
Mean,     -0.000146304, -0.008677407,  0.004882642,
Cor (1),    1.000000000, -0.025978895,  0.460882882,
Cor (2),   -0.025978895,  1.000000000, -0.953564745,
Cor (3),    0.460882882, -0.953564745,  1.000000000,
VCV (1),    0.000050233, -0.000001352,  0.000007060,
VCV (2),   -0.000001352,  0.000053912, -0.000015132,
VCV (3),    0.000007060, -0.000015132,  0.000004671,
St.dev,     0.007087552,  0.007342493,  0.002161217,
AutoCor,    0.223356171,  0.188707606,  0.757556095,

No.; 9; Score; 63.170714970879;
Markow Autoregressive (lag 1) bivariate joint 3 asset model uncond. params
uMean,      0.000143055,  0.000168801, -0.000588939,
VCV (1),    0.000022711, -0.000016105,  0.000004262,
VCV (2),   -0.000016105,  0.000068757, -0.000002200,
VCV (3),    0.000004262, -0.000002200,  0.000004212,
Cor (1),    1.000000000, -0.407541211,  0.435763954,
Cor (2),   -0.407541211,  1.000000000, -0.129282336,
Cor (3),    0.435763954, -0.129282336,  1.000000000,
St.dev,     0.004765644,  0.008291994,  0.002052267,
Skewness,  -1.363222238, -0.366301076,  0.198949325,
Kurtosis,   4.364975509,  0.493524065,  0.310064586,
AutoCor,    0.190682588,  0.473457583,  0.277488987,
Markow Autoregressive (lag 1) bivariate joint 3 asset model cond. params
uProb.,   0.267574495,  0.732425505,
Prob (1),   0.140998251,  0.859001749,
Prob (2),   0.313816160,  0.686183840,
Mean,     -0.003109053, -0.004909411, -0.001235523,
Cor (1),    1.000000000, -0.760431324,  0.314662647,
Cor (2),   -0.760431324,  1.000000000,  0.503733131,
Cor (3),    0.314662647,  0.503733131,  1.000000000,
VCV (1),    0.000057157, -0.000049305,  0.000002556,
VCV (2),   -0.000049305,  0.000073552,  0.000004642,
VCV (3),    0.000002556,  0.000004642,  0.000001154,
St.dev,     0.007560228,  0.008576229,  0.001074407,
Mean,      0.001331137,  0.002024007, -0.000352725,
Cor (1),    1.000000000, -0.834081731,  0.921961182,
Cor (2),   -0.834081731,  1.000000000, -0.493508919,
Cor (3),    0.921961182, -0.493508919,  1.000000000,
VCV (1),    0.000003042, -0.000007595,  0.000003464,
VCV (2),   -0.000007595,  0.000027258, -0.000005550,
VCV (3),    0.000003464, -0.000005550,  0.000004640,
St.dev,     0.001744218,  0.005220909,  0.002154020,
AutoCor,    0.265200419,  0.576070526,  0.294432847,

No.; 10; Score; 65.3389531535;
Markow Autoregressive (lag 1) bivariate joint 3 asset model uncond. params
uMean,      0.000163243, -0.000217606, -0.000661423,
VCV (1),    0.000033258, -0.000007135, -0.000004415,
VCV (2),   -0.000007135,  0.000039898, -0.000002312,
VCV (3),   -0.000004415, -0.000002312,  0.000010306,
Cor (1),    1.000000000, -0.195866851, -0.238489095,
Cor (2),   -0.195866851,  1.000000000, -0.114001047,
Cor (3),   -0.238489095, -0.114001047,  1.000000000,
St.dev,     0.005766971,  0.006316452,  0.003210341,
Skewness,  -1.367856860,  0.831225763,  0.063276193,
Kurtosis,   3.110344381,  0.908493272, -0.015063684,
AutoCor,    0.175845265,  0.238189996,  0.609290767,
Markow Autoregressive (lag 1) bivariate joint 3 asset model cond. params
uProb.,   0.736901438,  0.263098562,
Prob (1),   0.720717461,  0.279282539,
Prob (2),   0.782230444,  0.217769556,
Mean,      0.001964484, -0.002591275, -0.000135326,
Cor (1),    1.000000000, -0.937884603, -0.608619887,
Cor (2),   -0.937884603,  1.000000000, -0.160766817,
Cor (3),   -0.608619887, -0.160766817,  1.000000000,
VCV (1),    0.000007019, -0.000008737, -0.000003946,
VCV (2),   -0.000008737,  0.000012365, -0.000001383,
VCV (3),   -0.000003946, -0.000001383,  0.000005988,
St.dev,     0.002649389,  0.003516331,  0.002447007,
Mean,     -0.004881775,  0.006430701, -0.002134945,
Cor (1),    1.000000000,  0.797181951, -0.732070990,
Cor (2),    0.797181951,  1.000000000,  0.601341516,
Cor (3),   -0.732070990,  0.601341516,  1.000000000,
VCV (1),    0.000065754,  0.000040752, -0.000011090,
VCV (2),    0.000040752,  0.000039743,  0.000007082,
VCV (3),   -0.000011090,  0.000007082,  0.000003490,
St.dev,     0.008108865,  0.006304216,  0.001868241,
AutoCor,    0.265083365,  0.434302105,  0.663850959,

No.; 11; Score; 66.255751233966;
Markow Autoregressive (lag 1) bivariate joint 3 asset model uncond. params
uMean,      0.000876778, -0.000522212, -0.000359725,
VCV (1),    0.000032574, -0.000013109,  0.000007036,
VCV (2),   -0.000013109,  0.000027358, -0.000001663,
VCV (3),    0.000007036, -0.000001663,  0.000012035,
Cor (1),    1.000000000, -0.439116201,  0.355342581,
Cor (2),   -0.439116201,  1.000000000, -0.091651638,
Cor (3),    0.355342581, -0.091651638,  1.000000000,
St.dev,     0.005707386,  0.005230476,  0.003469125,
Skewness,   0.032166430, -0.088495433, -0.269422843,
Kurtosis,   0.008771397,  1.770312116,  0.734648519,
AutoCor,    0.405893024,  0.808926127,  0.245613561,
Markow Autoregressive (lag 1) bivariate joint 3 asset model cond. params
uProb.,   0.968387181,  0.031612819,
Prob (1),   0.984227493,  0.015772507,
Prob (2),   0.483155050,  0.516844950,
Mean,      0.000981564, -0.000476540, -0.000189173,
Cor (1),    1.000000000, -0.621675276,  0.361314451,
Cor (2),   -0.621675276,  1.000000000, -0.313141950,
Cor (3),    0.361314451, -0.313141950,  1.000000000,
VCV (1),    0.000027622, -0.000008882,  0.000006053,
VCV (2),   -0.000008882,  0.000007390, -0.000002713,
VCV (3),    0.000006053, -0.000002713,  0.000010159,
St.dev,     0.005255687,  0.002718408,  0.003187360,
Mean,     -0.002333080, -0.001921243, -0.005584193,
Cor (1),    1.000000000, -0.456409330,  0.090912860,
Cor (2),   -0.456409330,  1.000000000,  0.831622534,
Cor (3),    0.090912860,  0.831622534,  1.000000000,
VCV (1),    0.000006442, -0.000009764,  0.000001117,
VCV (2),   -0.000009764,  0.000071043,  0.000033927,
VCV (3),    0.000001117,  0.000033927,  0.000023427,
St.dev,     0.002538199,  0.008428730,  0.004840134,
AutoCor,    0.404899995,  0.809646814,  0.225187411,

No.; 12; Score; 68.492111192325;
Markow Autoregressive (lag 1) bivariate joint 3 asset model uncond. params
uMean,      0.000224275,  0.000373887, -0.000708433,
VCV (1),    0.000034292,  0.000005245, -0.000001490,
VCV (2),    0.000005245,  0.000033783,  0.000006253,
VCV (3),   -0.000001490,  0.000006253,  0.000011509,
Cor (1),    1.000000000,  0.154099553, -0.074990416,
Cor (2),    0.154099553,  1.000000000,  0.317129686,
Cor (3),   -0.074990416,  0.317129686,  1.000000000,
St.dev,     0.005855976,  0.005812335,  0.003392509,
Skewness,   0.007544463, -0.369970819,  0.570865997,
Kurtosis,   1.435349933,  0.122282007, -0.517391923,
AutoCor,    0.515382558,  0.081676628, -0.114453581,
Markow Autoregressive (lag 1) bivariate joint 3 asset model cond. params
uProb.,   0.629777940,  0.370222060,
Prob (1),   0.534545283,  0.465454717,
Prob (2),   0.791776463,  0.208223537,
Mean,      0.000207382, -0.001410335, -0.002853735,
Cor (1),    1.000000000,  0.193133512,  0.102977545,
Cor (2),    0.193133512,  1.000000000, -0.210194377,
Cor (3),    0.102977545, -0.210194377,  1.000000000,
VCV (1),    0.000006408,  0.000002955,  0.000000419,
VCV (2),    0.000002955,  0.000036531, -0.000002040,
VCV (3),    0.000000419, -0.000002040,  0.000002579,
St.dev,     0.002531386,  0.006044067,  0.001605958,
Mean,      0.000253011,  0.003408992,  0.002940901,
Cor (1),    1.000000000,  0.293323634, -0.260822308,
Cor (2),    0.293323634,  1.000000000,  0.341928746,
Cor (3),   -0.260822308,  0.341928746,  1.000000000,
VCV (1),    0.000057121,  0.000007944, -0.000004494,
VCV (2),    0.000007944,  0.000012841,  0.000002793,
VCV (3),   -0.000004494,  0.000002793,  0.000005197,
St.dev,     0.007557837,  0.003583391,  0.002279716,
AutoCor,    0.515393495,  0.146372444,  0.189279189,

No.; 13; Score; 69.563617747278;
Markow Autoregressive (lag 1) bivariate joint 3 asset model uncond. params
uMean,      0.000958062, -0.000375389,  0.000215412,
VCV (1),    0.000023798,  0.000009632,  0.000007086,
VCV (2),    0.000009632,  0.000038258,  0.000013132,
VCV (3),    0.000007086,  0.000013132,  0.000014784,
Cor (1),    1.000000000,  0.319227583,  0.377777005,
Cor (2),    0.319227583,  1.000000000,  0.552174907,
Cor (3),    0.377777005,  0.552174907,  1.000000000,
St.dev,     0.004878269,  0.006185280,  0.003844939,
Skewness,   0.508405215, -0.200457032, -0.539612949,
Kurtosis,  -0.601502566,  0.073352208,  0.817214312,
AutoCor,   -0.374341575,  0.369212452,  0.206606203,
Markow Autoregressive (lag 1) bivariate joint 3 asset model cond. params
uProb.,   0.523264541,  0.476735459,
Prob (1),   0.184712446,  0.815287554,
Prob (2),   0.894859107,  0.105140893,
Mean,     -0.002729481, -0.002451507, -0.001017178,
Cor (1),    1.000000000, -0.332356210,  0.206998682,
Cor (2),   -0.332356210,  1.000000000,  0.566975675,
Cor (3),    0.206998682,  0.566975675,  1.000000000,
VCV (1),    0.000004018, -0.000003819,  0.000001852,
VCV (2),   -0.000003819,  0.000032854,  0.000014504,
VCV (3),    0.000001852,  0.000014504,  0.000019917,
St.dev,     0.002004476,  0.005731868,  0.004462860,
Mean,      0.005005506,  0.001903356,  0.001568301,
Cor (1),    1.000000000,  0.455217764,  0.341839366,
Cor (2),    0.455217764,  1.000000000,  0.321561163,
Cor (3),    0.341839366,  0.321561163,  1.000000000,
VCV (1),    0.000013525,  0.000006513,  0.000002095,
VCV (2),    0.000006513,  0.000015137,  0.000002085,
VCV (3),    0.000002095,  0.000002085,  0.000002778,
St.dev,     0.003677621,  0.003890679,  0.001666705,
AutoCor,    0.190549677,  0.521520329,  0.323161510,

No.; 14; Score; 71.014635419676;
Markow Autoregressive (lag 1) bivariate joint 3 asset model uncond. params
uMean,     -0.000096569,  0.000973346, -0.000043347,
VCV (1),    0.000040287, -0.000021501, -0.000009951,
VCV (2),   -0.000021501,  0.000045434,  0.000002571,
VCV (3),   -0.000009951,  0.000002571,  0.000007286,
Cor (1),    1.000000000, -0.502559538, -0.580832242,
Cor (2),   -0.502559538,  1.000000000,  0.141283346,
Cor (3),   -0.580832242,  0.141283346,  1.000000000,
St.dev,     0.006347182,  0.006740475,  0.002699274,
Skewness,   0.053446781,  0.261741150, -0.154700202,
Kurtosis,  -0.506444643,  0.088290061, -0.778672306,
AutoCor,    0.210002849,  0.674812569,  0.366781926,
Markow Autoregressive (lag 1) bivariate joint 3 asset model cond. params
uProb.,   0.453235504,  0.546764496,
Prob (1),   0.599868802,  0.400131198,
Prob (2),   0.331685153,  0.668314847,
Mean,     -0.005009062,  0.004450714,  0.002280432,
Cor (1),    1.000000000, -0.141787107,  0.377785479,
Cor (2),   -0.141787107,  1.000000000, -0.719714843,
Cor (3),    0.377785479, -0.719714843,  1.000000000,
VCV (1),    0.000017331, -0.000002670,  0.000001769,
VCV (2),   -0.000002670,  0.000020459, -0.000003663,
VCV (3),    0.000001769, -0.000003663,  0.000001266,
St.dev,     0.004163009,  0.004523217,  0.001125062,
Mean,      0.003975598, -0.001909187, -0.001969624,
Cor (1),    1.000000000, -0.754565017, -0.299006896,
Cor (2),   -0.754565017,  1.000000000, -0.312176488,
Cor (3),   -0.299006896, -0.312176488,  1.000000000,
VCV (1),    0.000021865, -0.000009594, -0.000002289,
VCV (2),   -0.000009594,  0.000007393, -0.000001389,
VCV (3),   -0.000002289, -0.000001389,  0.000002680,
St.dev,     0.004675989,  0.002719072,  0.001636922,
AutoCor,    0.152618732,  0.789917188,  0.523854904,

No.; 15; Score; 71.389231000118;
Markow Autoregressive (lag 1) bivariate joint 3 asset model uncond. params
uMean,      0.000614968, -0.000073993,  0.000095552,
VCV (1),    0.000024980, -0.000001416, -0.000009349,
VCV (2),   -0.000001416,  0.000032706, -0.000011981,
VCV (3),   -0.000009349, -0.000011981,  0.000015958,
Cor (1),    1.000000000, -0.049532246, -0.468275487,
Cor (2),   -0.049532246,  1.000000000, -0.524423140,
Cor (3),   -0.468275487, -0.524423140,  1.000000000,
St.dev,     0.004997962,  0.005718902,  0.003994701,
Skewness,   0.297026938, -0.383281310,  1.434311773,
Kurtosis,  -0.085385974,  0.563103034,  2.367554639,
AutoCor,    0.350064500,  0.299491634,  0.052010652,
Markow Autoregressive (lag 1) bivariate joint 3 asset model cond. params
uProb.,   0.721442497,  0.278557503,
Prob (1),   0.633603442,  0.366396558,
Prob (2),   0.948938890,  0.051061110,
Mean,      0.001951985,  0.001139087, -0.001526665,
Cor (1),    1.000000000, -0.448234160, -0.532270818,
Cor (2),   -0.448234160,  1.000000000, -0.693393821,
Cor (3),   -0.532270818, -0.693393821,  1.000000000,
VCV (1),    0.000020108, -0.000008425, -0.000003472,
VCV (2),   -0.000008425,  0.000017571, -0.000004228,
VCV (3),   -0.000003472, -0.000004228,  0.000002116,
St.dev,     0.004484204,  0.004191822,  0.001454516,
Mean,     -0.002847803, -0.003215779,  0.004296970,
Cor (1),    1.000000000,  0.518988902, -0.281133689,
Cor (2),    0.518988902,  1.000000000, -0.333284252,
Cor (3),   -0.281133689, -0.333284252,  1.000000000,
VCV (1),    0.000002606,  0.000005507, -0.000002217,
VCV (2),    0.000005507,  0.000043196, -0.000010699,
VCV (3),   -0.000002217, -0.000010699,  0.000023855,
St.dev,     0.001614420,  0.006572364,  0.004884122,
AutoCor,    0.501449313,  0.380588203,  0.325876390,

No.; 16; Score; 71.696365046492;
Markow Autoregressive (lag 1) bivariate joint 3 asset model uncond. params
uMean,      0.000241106,  0.000676600, -0.000579721,
VCV (1),    0.000043268, -0.000020155, -0.000008321,
VCV (2),   -0.000020155,  0.000041241,  0.000007606,
VCV (3),   -0.000008321,  0.000007606,  0.000007357,
Cor (1),    1.000000000, -0.477121616, -0.466380667,
Cor (2),   -0.477121616,  1.000000000,  0.436634703,
Cor (3),   -0.466380667,  0.436634703,  1.000000000,
St.dev,     0.006577830,  0.006421887,  0.002712468,
Skewness,  -0.228718331,  0.131261895,  0.437290463,
Kurtosis,   0.650368920,  0.070783281,  0.291905858,
AutoCor,    0.307014087,  0.345800990,  0.096898868,
Markow Autoregressive (lag 1) bivariate joint 3 asset model cond. params
uProb.,   0.459386540,  0.540613460,
Prob (1),   0.188337407,  0.811662593,
Prob (2),   0.689710667,  0.310289333,
Mean,     -0.000938598, -0.001129800,  0.000721079,
Cor (1),    1.000000000, -0.910747809, -0.823172470,
Cor (2),   -0.910747809,  1.000000000,  0.639937678,
Cor (3),   -0.823172470,  0.639937678,  1.000000000,
VCV (1),    0.000060261, -0.000034453, -0.000018292,
VCV (2),   -0.000034453,  0.000023747,  0.000008927,
VCV (3),   -0.000018292,  0.000008927,  0.000008194,
St.dev,     0.007762817,  0.004873102,  0.002862559,
Mean,      0.001243560,  0.002211589, -0.001685076,
Cor (1),    1.000000000, -0.221172406,  0.461768157,
Cor (2),   -0.221172406,  1.000000000,  0.735945711,
Cor (3),    0.461768157,  0.735945711,  1.000000000,
VCV (1),    0.000018176, -0.000005904,  0.000003600,
VCV (2),   -0.000005904,  0.000039198,  0.000008426,
VCV (3),    0.000003600,  0.000008426,  0.000003344,
St.dev,     0.004263382,  0.006260798,  0.001828765,
AutoCor,    0.329729830,  0.406866267,  0.242215711,

No.; 17; Score; 72.102755138554;
Markow Autoregressive (lag 1) bivariate joint 3 asset model uncond. params
uMean,      0.000911247,  0.000973648,  0.000714001,
VCV (1),    0.000043410,  0.000005922, -0.000005579,
VCV (2),    0.000005922,  0.000048959,  0.000002982,
VCV (3),   -0.000005579,  0.000002982,  0.000005505,
Cor (1),    1.000000000,  0.128456231, -0.360911396,
Cor (2),    0.128456231,  1.000000000,  0.181647136,
Cor (3),   -0.360911396,  0.181647136,  1.000000000,
St.dev,     0.006588643,  0.006997101,  0.002346207,
Skewness,  -0.040198495,  0.274435358,  0.756468249,
Kurtosis,  -0.353345943,  0.548433760,  0.706506190,
AutoCor,    0.504832370,  0.659851738,  0.112921561,
Markow Autoregressive (lag 1) bivariate joint 3 asset model cond. params
uProb.,   0.292121593,  0.707878407,
Prob (1),   0.315951856,  0.684048144,
Prob (2),   0.282287511,  0.717712489,
Mean,     -0.005582594,  0.003826149,  0.002959322,
Cor (1),    1.000000000,  0.073666799, -0.415656239,
Cor (2),    0.073666799,  1.000000000, -0.431815866,
Cor (3),   -0.415656239, -0.431815866,  1.000000000,
VCV (1),    0.000001845,  0.000000689, -0.000001367,
VCV (2),    0.000000689,  0.000047484, -0.000007204,
VCV (3),   -0.000001367, -0.000007204,  0.000005861,
St.dev,     0.001358193,  0.006890855,  0.002420917,
Mean,      0.003591073, -0.000203499, -0.000212580,
Cor (1),    1.000000000,  0.650227373,  0.216583898,
Cor (2),    0.650227373,  1.000000000,  0.629019097,
Cor (3),    0.216583898,  0.629019097,  1.000000000,
VCV (1),    0.000011269,  0.000007785,  0.000001101,
VCV (2),    0.000007785,  0.000012719,  0.000003397,
VCV (3),    0.000001101,  0.000003397,  0.000002293,
St.dev,     0.003356922,  0.003566393,  0.001514326,
AutoCor,    0.820100178,  0.705960218,  0.161076344,

No.; 18; Score; 76.443243972325;
Markow Autoregressive (lag 1) bivariate joint 3 asset model uncond. params
uMean,      0.000334631,  0.000065610, -0.000298725,
VCV (1),    0.000026807,  0.000011723,  0.000002812,
VCV (2),    0.000011723,  0.000033611,  0.000000103,
VCV (3),    0.000002812,  0.000000103,  0.000016564,
Cor (1),    1.000000000,  0.390532846,  0.133438600,
Cor (2),    0.390532846,  1.000000000,  0.004356690,
Cor (3),    0.133438600,  0.004356690,  1.000000000,
St.dev,     0.005177514,  0.005797538,  0.004069844,
Skewness,   0.227175326,  0.071989892, -1.260367295,
Kurtosis,   0.656511462,  0.039638336,  0.993274223,
AutoCor,    0.183441472,  0.473767973, -0.120396978,
Markow Autoregressive (lag 1) bivariate joint 3 asset model cond. params
uProb.,   0.669564112,  0.330435888,
Prob (1),   0.598945158,  0.401054842,
Prob (2),   0.812659697,  0.187340303,
Mean,      0.000908333, -0.000921870,  0.001906924,
Cor (1),    1.000000000,  0.574524663, -0.364691521,
Cor (2),    0.574524663,  1.000000000,  0.363001187,
Cor (3),   -0.364691521,  0.363001187,  1.000000000,
VCV (1),    0.000034387,  0.000015465, -0.000003048,
VCV (2),    0.000015465,  0.000021072,  0.000002375,
VCV (3),   -0.000003048,  0.000002375,  0.000002031,
St.dev,     0.005864048,  0.004590388,  0.001425212,
Mean,     -0.000827864,  0.002066546, -0.004768045,
Cor (1),    1.000000000,  0.278891694,  0.677134760,
Cor (2),    0.278891694,  1.000000000,  0.414422221,
Cor (3),    0.677134760,  0.414422221,  1.000000000,
VCV (1),    0.000006464,  0.000003717,  0.000006923,
VCV (2),    0.000003717,  0.000027480,  0.000008737,
VCV (3),    0.000006923,  0.000008737,  0.000016172,
St.dev,     0.002542417,  0.005242170,  0.004021496,
AutoCor,    0.193574454,  0.516706525,  0.016781377,

No.; 19; Score; 76.582270965356;
Markow Autoregressive (lag 1) bivariate joint 3 asset model uncond. params
uMean,      0.000059514,  0.000618100, -0.000010850,
VCV (1),    0.000018323,  0.000004992,  0.000004017,
VCV (2),    0.000004992,  0.000063260, -0.000009152,
VCV (3),    0.000004017, -0.000009152,  0.000012666,
Cor (1),    1.000000000,  0.146622886,  0.263715293,
Cor (2),    0.146622886,  1.000000000, -0.323339203,
Cor (3),    0.263715293, -0.323339203,  1.000000000,
St.dev,     0.004280524,  0.007953585,  0.003558899,
Skewness,  -0.780282969, -0.084908205, -0.634806663,
Kurtosis,   1.176470674, -0.175779914, 11.914167392,
AutoCor,    0.276589401,  0.324213388,  0.254587156,
Markow Autoregressive (lag 1) bivariate joint 3 asset model cond. params
uProb.,   0.840164189,  0.159835811,
Prob (1),   0.901048855,  0.098951145,
Prob (2),   0.520128798,  0.479871202,
Mean,      0.001174329, -0.000763054,  0.000155436,
Cor (1),    1.000000000,  0.711931607, -0.568961186,
Cor (2),    0.711931607,  1.000000000, -0.927160614,
Cor (3),   -0.568961186, -0.927160614,  1.000000000,
VCV (1),    0.000009539,  0.000015931, -0.000001852,
VCV (2),    0.000015931,  0.000052493, -0.000007079,
VCV (3),   -0.000001852, -0.000007079,  0.000001110,
St.dev,     0.003088565,  0.007245189,  0.001053776,
Mean,     -0.005800421,  0.007878022, -0.000884923,
Cor (1),    1.000000000, -0.338360414,  0.752793786,
Cor (2),   -0.338360414,  1.000000000, -0.210918714,
Cor (3),    0.752793786, -0.210918714,  1.000000000,
VCV (1),    0.000020091, -0.000007489,  0.000027718,
VCV (2),   -0.000007489,  0.000024382, -0.000008555,
VCV (3),    0.000027718, -0.000008555,  0.000067477,
St.dev,     0.004482310,  0.004937763,  0.008214451,
AutoCor,    0.218781341,  0.313531903,  0.253120586,

No.; 20; Score; 78.953671281065;
Markow Autoregressive (lag 1) bivariate joint 3 asset model uncond. params
uMean,      0.000395257, -0.000244641, -0.000607288,
VCV (1),    0.000023965,  0.000017934, -0.000002333,
VCV (2),    0.000017934,  0.000036724, -0.000007942,
VCV (3),   -0.000002333, -0.000007942,  0.000017346,
Cor (1),    1.000000000,  0.604523584, -0.114436139,
Cor (2),    0.604523584,  1.000000000, -0.314676113,
Cor (3),   -0.114436139, -0.314676113,  1.000000000,
St.dev,     0.004895414,  0.006060043,  0.004164911,
Skewness,  -0.086139037,  0.431832010, -0.115654396,
Kurtosis,  -0.004460669,  1.089402469, -0.577791817,
AutoCor,    0.518108775,  0.209822376,  0.227898077,
Markow Autoregressive (lag 1) bivariate joint 3 asset model cond. params
uProb.,   0.647766108,  0.352233892,
Prob (1),   0.716801134,  0.283198866,
Prob (2),   0.520809131,  0.479190869,
Mean,      0.001782642,  0.000783036, -0.002736757,
Cor (1),    1.000000000,  0.887760870,  0.373953154,
Cor (2),    0.887760870,  1.000000000, -0.194258884,
Cor (3),    0.373953154, -0.194258884,  1.000000000,
VCV (1),    0.000012966,  0.000022679,  0.000004335,
VCV (2),    0.000022679,  0.000050335, -0.000004437,
VCV (3),    0.000004335, -0.000004437,  0.000010364,
St.dev,     0.003600795,  0.007094720,  0.003219309,
Mean,     -0.002156175, -0.002134563,  0.003308854,
Cor (1),    1.000000000, -0.670899126, -0.055382857,
Cor (2),   -0.670899126,  1.000000000, -0.801486277,
Cor (3),   -0.055382857, -0.801486277,  1.000000000,
VCV (1),    0.000015042, -0.000003491, -0.000000471,
VCV (2),   -0.000003491,  0.000001800, -0.000002360,
VCV (3),   -0.000000471, -0.000002360,  0.000004817,
St.dev,     0.003878448,  0.001341585,  0.002194833,
AutoCor,    0.573933549,  0.210594668,  0.257438345,

No.; 21; Score; 78.998992767638;
Markow Autoregressive (lag 1) bivariate joint 3 asset model uncond. params
uMean,      0.000194818,  0.000476695,  0.000879992,
VCV (1),    0.000035573,  0.000004953, -0.000002413,
VCV (2),    0.000004953,  0.000051163,  0.000007219,
VCV (3),   -0.000002413,  0.000007219,  0.000010249,
Cor (1),    1.000000000,  0.116103595, -0.126383722,
Cor (2),    0.116103595,  1.000000000,  0.315250768,
Cor (3),   -0.126383722,  0.315250768,  1.000000000,
St.dev,     0.005964323,  0.007152841,  0.003201376,
Skewness,  -0.752951546,  0.040180564, -0.186114678,
Kurtosis,   1.608559814, -0.080461776, -0.989337563,
AutoCor,    0.134263880,  0.616588570, -0.221293240,
Markow Autoregressive (lag 1) bivariate joint 3 asset model cond. params
uProb.,   0.486470967,  0.513529033,
Prob (1),   0.285498313,  0.714501687,
Prob (2),   0.676854285,  0.323145715,
Mean,      0.002268158, -0.002868318, -0.001896818,
Cor (1),    1.000000000,  0.379576214,  0.028646421,
Cor (2),    0.379576214,  1.000000000, -0.604611041,
Cor (3),    0.028646421, -0.604611041,  1.000000000,
VCV (1),    0.000002590,  0.000001602,  0.000000086,
VCV (2),    0.000001602,  0.000006882, -0.000002956,
VCV (3),    0.000000086, -0.000002956,  0.000003474,
St.dev,     0.001609330,  0.002623264,  0.001863966,
Mean,     -0.001769277,  0.003645457,  0.003510491,
Cor (1),    1.000000000,  0.670516884,  0.501463742,
Cor (2),    0.670516884,  1.000000000,  0.053334771,
Cor (3),    0.501463742,  0.053334771,  1.000000000,
VCV (1),    0.000056380,  0.000016928,  0.000005600,
VCV (2),    0.000016928,  0.000011305,  0.000000267,
VCV (3),    0.000005600,  0.000000267,  0.000002212,
St.dev,     0.007508680,  0.003362311,  0.001487169,
AutoCor,    0.202212677,  0.879971612,  0.200592416,

No.; 22; Score; 79.163264934929;
Markow Autoregressive (lag 1) bivariate joint 3 asset model uncond. params
uMean,      0.000372667,  0.000140767, -0.000678783,
VCV (1),    0.000019988, -0.000005822, -0.000008151,
VCV (2),   -0.000005822,  0.000018438,  0.000010693,
VCV (3),   -0.000008151,  0.000010693,  0.000017783,
Cor (1),    1.000000000, -0.303294735, -0.432315557,
Cor (2),   -0.303294735,  1.000000000,  0.590525163,
Cor (3),   -0.432315557,  0.590525163,  1.000000000,
St.dev,     0.004470738,  0.004293978,  0.004217024,
Skewness,  -0.203006712, -0.953303686, -0.209447666,
Kurtosis,  -0.181139125,  0.805850928, -1.370537210,
AutoCor,   -0.018045029,  0.057836283, -0.266684383,
Markow Autoregressive (lag 1) bivariate joint 3 asset model cond. params
uProb.,   0.360958594,  0.639041406,
Prob (1),   0.139397458,  0.860602542,
Prob (2),   0.486106034,  0.513893966,
Mean,      0.003420309, -0.003572315, -0.005793812,
Cor (1),    1.000000000, -0.769789813, -0.058001423,
Cor (2),   -0.769789813,  1.000000000, -0.534043088,
Cor (3),   -0.058001423, -0.534043088,  1.000000000,
VCV (1),    0.000009721, -0.000010665, -0.000000177,
VCV (2),   -0.000010665,  0.000019748, -0.000002328,
VCV (3),   -0.000000177, -0.000002328,  0.000000963,
St.dev,     0.003117773,  0.004443887,  0.000981147,
Mean,     -0.001348774,  0.002238079,  0.002210409,
Cor (1),    1.000000000,  0.892630265,  0.132096542,
Cor (2),    0.892630265,  1.000000000,  0.337699853,
Cor (3),    0.132096542,  0.337699853,  1.000000000,
VCV (1),    0.000017351,  0.000006884,  0.000001112,
VCV (2),    0.000006884,  0.000003428,  0.000001263,
VCV (3),    0.000001112,  0.000001263,  0.000004083,
St.dev,     0.004165490,  0.001851471,  0.002020622,
AutoCor,    0.098925364,  0.353626631,  0.126867669,

No.; 23; Score; 83.618058363697;
