Round No; 4; best result RLS; 9.3977997201422

;;;
Statistical description of data for: Meginajums1
Calib/Tail/Per/Cur, 784, 9999, 23, 0,
Title,    INDEX WITH EQUAL WEIGHTS based on market value,EQUITY LM SNP,REX BOND     ,
Mean,       0.000158634,  0.000175148,  0.000011824,
VCV (1),    0.000022943, -0.000000281, -0.000000006,
VCV (2),   -0.000000281,  0.000027803, -0.000000034,
VCV (3),   -0.000000006, -0.000000034,  0.000000099,
St.dev,     0.004789897,  0.005272874,  0.000315163,
Skewness,  -1.581739356, -0.533728382, -0.333150084,
Kurtosis,  24.552038003,  6.345066446, 26.810331499,
AutoCor,   -0.072787598,  0.126724186, -0.366572783,
No.; 1; Score; 9.3977997201422;
Markow Autoregressive (lag 1) bivariate joint 3 asset model uncond. params
uMean,     -0.003529442,  0.001091681, -0.000339085,
VCV (1),    0.000022515,  0.000017837, -0.000000305,
VCV (2),    0.000017837,  0.000040394, -0.000000493,
VCV (3),   -0.000000305, -0.000000493,  0.000000119,
Cor (1),    1.000000000,  0.591451388, -0.186883663,
Cor (2),    0.591451388,  1.000000000, -0.225372463,
Cor (3),   -0.186883663, -0.225372463,  1.000000000,
St.dev,     0.004744960,  0.006355638,  0.000344511,
Skewness,  -0.111765211, -0.297488118,  0.023525083,
Kurtosis,  -0.029075304, -0.234486446, -0.252875432,
AutoCor,   -0.289518189, -0.159205906,  0.055606403,
Markow Autoregressive (lag 1) bivariate joint 3 asset model cond. params
uProb.,   0.648476230,  0.351523770,
Prob (1),   0.755298989,  0.244701011,
Prob (2),   0.451414109,  0.548585891,
Mean,     -0.001961896,  0.004246427, -0.000487524,
Cor (1),    1.000000000,  0.739488840,  0.431654498,
Cor (2),    0.739488840,  1.000000000,  0.752402470,
Cor (3),    0.431654498,  0.752402470,  1.000000000,
VCV (1),    0.000013870,  0.000010326,  0.000000462,
VCV (2),    0.000010326,  0.000014058,  0.000000811,
VCV (3),    0.000000462,  0.000000811,  0.000000083,
St.dev,     0.003724278,  0.003749380,  0.000287473,
Mean,     -0.006421186, -0.004728061, -0.000065250,
Cor (1),    1.000000000, -0.011458301, -0.494116715,
Cor (2),   -0.011458301,  1.000000000, -0.435451821,
Cor (3),   -0.494116715, -0.435451821,  1.000000000,
VCV (1),    0.000015703, -0.000000193, -0.000000512,
VCV (2),   -0.000000193,  0.000018126, -0.000000485,
VCV (3),   -0.000000512, -0.000000485,  0.000000068,
St.dev,     0.003962722,  0.004257463,  0.000261429,
AutoCor,   -0.439107019, -0.545070049, -0.073712610,

No.; 2; Score; 23.312621693541;
Markow Autoregressive (lag 1) bivariate joint 3 asset model uncond. params
uMean,      0.000143295,  0.000066288, -0.000005480,
VCV (1),    0.000032899, -0.000011622, -0.000000508,
VCV (2),   -0.000011622,  0.000031380,  0.000000720,
VCV (3),   -0.000000508,  0.000000720,  0.000000122,
Cor (1),    1.000000000, -0.361704516, -0.253605436,
Cor (2),   -0.361704516,  1.000000000,  0.367947101,
Cor (3),   -0.253605436,  0.367947101,  1.000000000,
St.dev,     0.005735728,  0.005601789,  0.000349167,
Skewness,   0.339619758,  0.179756491,  0.211277071,
Kurtosis,  -0.021726303, -0.059595229,  0.145908404,
AutoCor,   -0.234175883, -0.082092875,  0.280306128,
Markow Autoregressive (lag 1) bivariate joint 3 asset model cond. params
uProb.,   0.553841211,  0.446158789,
Prob (1),   0.564534020,  0.435465980,
Prob (2),   0.540567644,  0.459432356,
Mean,      0.002721538, -0.002455066,  0.000085520,
Cor (1),    1.000000000,  0.017613840, -0.727379035,
Cor (2),    0.017613840,  1.000000000,  0.559453251,
Cor (3),   -0.727379035,  0.559453251,  1.000000000,
VCV (1),    0.000029305,  0.000000430, -0.000001411,
VCV (2),    0.000000430,  0.000020310,  0.000000904,
VCV (3),   -0.000001411,  0.000000904,  0.000000128,
St.dev,     0.005413414,  0.004506673,  0.000358431,
Mean,     -0.003057218,  0.003196183, -0.000118442,
Cor (1),    1.000000000, -0.436679456, -0.226286569,
Cor (2),   -0.436679456,  1.000000000,  0.900526004,
Cor (3),   -0.226286569,  0.900526004,  1.000000000,
VCV (1),    0.000013186, -0.000008194, -0.000000214,
VCV (2),   -0.000008194,  0.000026704,  0.000001210,
VCV (3),   -0.000000214,  0.000001210,  0.000000068,
St.dev,     0.003631298,  0.005167620,  0.000260057,
AutoCor,   -0.320601160, -0.117726299,  0.303909471,

No.; 3; Score; 28.886850764186;
Markow Autoregressive (lag 1) bivariate joint 3 asset model uncond. params
uMean,      0.000104168,  0.000235780,  0.000014934,
VCV (1),    0.000058684,  0.000004591, -0.000000365,
VCV (2),    0.000004591,  0.000069570,  0.000000038,
VCV (3),   -0.000000365,  0.000000038,  0.000000112,
Cor (1),    1.000000000,  0.071846551, -0.142680749,
Cor (2),    0.071846551,  1.000000000,  0.013781218,
Cor (3),   -0.142680749,  0.013781218,  1.000000000,
St.dev,     0.007660523,  0.008340858,  0.000334092,
Skewness,  -0.395929850,  0.013802358, -0.125790885,
Kurtosis,  -0.268237660, -0.065042401,  0.088568282,
AutoCor,    0.148902737,  0.397816867, -0.122327433,
Markow Autoregressive (lag 1) bivariate joint 3 asset model cond. params
uProb.,   0.423173511,  0.576826489,
Prob (1),   0.226009756,  0.773990244,
Prob (2),   0.567817490,  0.432182510,
Mean,      0.005667107,  0.004382035, -0.000083002,
Cor (1),    1.000000000, -0.197400431,  0.234694757,
Cor (2),   -0.197400431,  1.000000000, -0.392900264,
Cor (3),    0.234694757, -0.392900264,  1.000000000,
VCV (1),    0.000009888, -0.000003840,  0.000000260,
VCV (2),   -0.000003840,  0.000038276, -0.000000857,
VCV (3),    0.000000260, -0.000000857,  0.000000124,
St.dev,     0.003144539,  0.006186726,  0.000352654,
Mean,     -0.003976935, -0.002806011,  0.000086781,
Cor (1),    1.000000000, -0.320393848, -0.066656932,
Cor (2),   -0.320393848,  1.000000000,  0.668841623,
Cor (3),   -0.066656932,  0.668841623,  1.000000000,
VCV (1),    0.000042008, -0.000013055, -0.000000128,
VCV (2),   -0.000013055,  0.000039522,  0.000001247,
VCV (3),   -0.000000128,  0.000001247,  0.000000088,
St.dev,     0.006481368,  0.006286619,  0.000296596,
AutoCor,    0.458528929,  0.561590107, -0.107560266,

No.; 4; Score; 38.231398063713;
Markow Autoregressive (lag 1) bivariate joint 3 asset model uncond. params
uMean,      0.000174540,  0.000154173,  0.000025072,
VCV (1),    0.000045859,  0.000021159,  0.000000220,
VCV (2),    0.000021159,  0.000083751, -0.000001839,
VCV (3),    0.000000220, -0.000001839,  0.000000191,
Cor (1),    1.000000000,  0.341424930,  0.074372009,
Cor (2),    0.341424930,  1.000000000, -0.459355778,
Cor (3),    0.074372009, -0.459355778,  1.000000000,
St.dev,     0.006771928,  0.009151568,  0.000437403,
Skewness,   0.029897988,  0.342593222, -0.185009252,
Kurtosis,   0.013568245, -0.618711150, -0.812315525,
AutoCor,    0.464159224,  0.300297406, -0.077977151,
Markow Autoregressive (lag 1) bivariate joint 3 asset model cond. params
uProb.,   0.583850555,  0.416149445,
Prob (1),   0.629071974,  0.370928026,
Prob (2),   0.520405677,  0.479594323,
Mean,     -0.000721903,  0.005793676, -0.000262780,
Cor (1),    1.000000000,  0.961827407,  0.077177142,
Cor (2),    0.961827407,  1.000000000,  0.424269428,
Cor (3),    0.077177142,  0.424269428,  1.000000000,
VCV (1),    0.000032423,  0.000036115,  0.000000131,
VCV (2),    0.000036115,  0.000043484,  0.000000832,
VCV (3),    0.000000131,  0.000000832,  0.000000089,
St.dev,     0.005694129,  0.006594247,  0.000297524,
Mean,      0.001432233, -0.007757954,  0.000428923,
Cor (1),    1.000000000,  0.032520040, -0.530021024,
Cor (2),    0.032520040,  1.000000000,  0.175823707,
Cor (3),   -0.530021024,  0.175823707,  1.000000000,
VCV (1),    0.000037940,  0.000000556, -0.000000583,
VCV (2),    0.000000556,  0.000007713,  0.000000087,
VCV (3),   -0.000000583,  0.000000087,  0.000000032,
St.dev,     0.006159507,  0.002777253,  0.000178628,
AutoCor,    0.473119349,  0.518812936, -0.366994070,

No.; 5; Score; 42.655945262652;
Markow Autoregressive (lag 1) bivariate joint 3 asset model uncond. params
uMean,      0.001558571, -0.000542158,  0.000393756,
VCV (1),    0.000033021,  0.000001607,  0.000000171,
VCV (2),    0.000001607,  0.000078196,  0.000000654,
VCV (3),    0.000000171,  0.000000654,  0.000000068,
Cor (1),    1.000000000,  0.031617470,  0.114203952,
Cor (2),    0.031617470,  1.000000000,  0.284438026,
Cor (3),    0.114203952,  0.284438026,  1.000000000,
St.dev,     0.005746370,  0.008842831,  0.000260166,
Skewness,  -0.445195060,  0.180495539,  0.041323365,
Kurtosis,   0.529089116,  0.351247433,  0.021610957,
AutoCor,    0.339890564,  0.759254338,  0.016617474,
Markow Autoregressive (lag 1) bivariate joint 3 asset model cond. params
uProb.,   0.451461129,  0.548538871,
Prob (1),   0.531749280,  0.468250720,
Prob (2),   0.385381985,  0.614618015,
Mean,      0.003690089,  0.001655819,  0.000440636,
Cor (1),    1.000000000,  0.868150949,  0.169593951,
Cor (2),    0.868150949,  1.000000000,  0.523886845,
Cor (3),    0.169593951,  0.523886845,  1.000000000,
VCV (1),    0.000009387,  0.000018482,  0.000000139,
VCV (2),    0.000018482,  0.000048281,  0.000000977,
VCV (3),    0.000000139,  0.000000977,  0.000000072,
St.dev,     0.003063854,  0.006948441,  0.000268372,
Mean,     -0.000195722, -0.002351148,  0.000355172,
Cor (1),    1.000000000, -0.893391895,  0.029906722,
Cor (2),   -0.893391895,  1.000000000,  0.277487632,
Cor (3),    0.029906722,  0.277487632,  1.000000000,
VCV (1),    0.000038559, -0.000018127,  0.000000046,
VCV (2),   -0.000018127,  0.000010677,  0.000000224,
VCV (3),    0.000000046,  0.000000224,  0.000000061,
St.dev,     0.006209565,  0.003267641,  0.000246575,
AutoCor,    0.364603918,  0.792088154,  0.013054968,

No.; 6; Score; 48.163723565729;
Markow Autoregressive (lag 1) bivariate joint 3 asset model uncond. params
uMean,      0.005058653, -0.004123307, -0.000201219,
VCV (1),    0.000066227, -0.000009564, -0.000002795,
VCV (2),   -0.000009564,  0.000095694,  0.000000693,
VCV (3),   -0.000002795,  0.000000693,  0.000000310,
Cor (1),    1.000000000, -0.120142276, -0.616999952,
Cor (2),   -0.120142276,  1.000000000,  0.127224911,
Cor (3),   -0.616999952,  0.127224911,  1.000000000,
St.dev,     0.008137994,  0.009782355,  0.000556683,
Skewness,   0.150096589, -0.037043894,  0.239845562,
Kurtosis,  -0.509588699,  0.025960956, -0.598579475,
AutoCor,   -0.009968254,  0.801038895,  0.010828128,
Markow Autoregressive (lag 1) bivariate joint 3 asset model cond. params
uProb.,   0.607957488,  0.392042512,
Prob (1),   0.670668879,  0.329331121,
Prob (2),   0.510708189,  0.489291811,
Mean,      0.009525906, -0.005430121, -0.000544370,
Cor (1),    1.000000000,  0.281676340, -0.173863080,
Cor (2),    0.281676340,  1.000000000,  0.419980595,
Cor (3),   -0.173863080,  0.419980595,  1.000000000,
VCV (1),    0.000041913,  0.000010936, -0.000000386,
VCV (2),    0.000010936,  0.000035962,  0.000000864,
VCV (3),   -0.000000386,  0.000000864,  0.000000118,
St.dev,     0.006474025,  0.005996852,  0.000343173,
Mean,     -0.001868912, -0.002096773,  0.000330920,
Cor (1),    1.000000000, -0.819661426, -0.253101090,
Cor (2),   -0.819661426,  1.000000000, -0.796486978,
Cor (3),   -0.253101090, -0.796486978,  1.000000000,
VCV (1),    0.000022717, -0.000018433, -0.000000433,
VCV (2),   -0.000018433,  0.000022261, -0.000001348,
VCV (3),   -0.000000433, -0.000001348,  0.000000129,
St.dev,     0.004766281,  0.004718196,  0.000358702,
AutoCor,   -0.159028894,  0.819285420, -0.203107141,

No.; 7; Score; 50.893009005027;
Markow Autoregressive (lag 1) bivariate joint 3 asset model uncond. params
uMean,      0.000193322,  0.000161371,  0.000026504,
VCV (1),    0.000062278, -0.000007778, -0.000000860,
VCV (2),   -0.000007778,  0.000091384,  0.000000137,
VCV (3),   -0.000000860,  0.000000137,  0.000000382,
Cor (1),    1.000000000, -0.103097389, -0.176377001,
Cor (2),   -0.103097389,  1.000000000,  0.023146540,
Cor (3),   -0.176377001,  0.023146540,  1.000000000,
St.dev,     0.007891628,  0.009559482,  0.000617731,
Skewness,   0.294427695, -0.041174810,  0.195726385,
Kurtosis,   1.242379856,  0.011100558, -0.166618730,
AutoCor,   -0.599426036,  0.424426997,  0.016175166,
Markow Autoregressive (lag 1) bivariate joint 3 asset model cond. params
uProb.,   0.622190570,  0.377809430,
Prob (1),   0.517840349,  0.482159651,
Prob (2),   0.794038383,  0.205961617,
Mean,     -0.000822791,  0.001884171, -0.000262281,
Cor (1),    1.000000000,  0.815036666, -0.581550053,
Cor (2),    0.815036666,  1.000000000,  0.332120987,
Cor (3),   -0.581550053,  0.332120987,  1.000000000,
VCV (1),    0.000006620,  0.000016786, -0.000000705,
VCV (2),    0.000016786,  0.000064073,  0.000001252,
VCV (3),   -0.000000705,  0.000001252,  0.000000222,
St.dev,     0.002572986,  0.008004547,  0.000470958,
Mean,      0.001866694, -0.002675800,  0.000502086,
Cor (1),    1.000000000, -0.541641862, -0.575346737,
Cor (2),   -0.541641862,  1.000000000,  0.058411602,
Cor (3),   -0.575346737,  0.058411602,  1.000000000,
VCV (1),    0.000090067, -0.000044258, -0.000002785,
VCV (2),   -0.000044258,  0.000074129,  0.000000257,
VCV (3),   -0.000002785,  0.000000257,  0.000000260,
St.dev,     0.009490389,  0.008609813,  0.000510040,
AutoCor,   -0.608498652,  0.464019315,  0.180575156,

No.; 8; Score; 57.094867716368;
Markow Autoregressive (lag 1) bivariate joint 3 asset model uncond. params
uMean,      0.000178958,  0.000208999, -0.000000483,
VCV (1),    0.000049384,  0.000002886,  0.000000144,
VCV (2),    0.000002886,  0.000092105, -0.000000598,
VCV (3),    0.000000144, -0.000000598,  0.000000170,
Cor (1),    1.000000000,  0.042799138,  0.049543630,
Cor (2),    0.042799138,  1.000000000, -0.151059442,
Cor (3),    0.049543630, -0.151059442,  1.000000000,
St.dev,     0.007027346,  0.009597128,  0.000412374,
Skewness,   0.013140966,  0.046842353, -0.088052660,
Kurtosis,   0.019495048,  0.006055086, -0.002496034,
AutoCor,    0.515231494,  0.721388848, -0.736004063,
Markow Autoregressive (lag 1) bivariate joint 3 asset model cond. params
uProb.,   0.664507813,  0.335492187,
Prob (1),   0.511066298,  0.488933702,
Prob (2),   0.968428707,  0.031571293,
Mean,     -0.000105368,  0.001796603, -0.000091087,
Cor (1),    1.000000000,  0.170404778, -0.021140019,
Cor (2),    0.170404778,  1.000000000, -0.458688571,
Cor (3),   -0.021140019, -0.458688571,  1.000000000,
VCV (1),    0.000032994,  0.000006159, -0.000000035,
VCV (2),    0.000006159,  0.000039588, -0.000000825,
VCV (3),   -0.000000035, -0.000000825,  0.000000082,
St.dev,     0.005744050,  0.006291925,  0.000285702,
Mean,      0.000742120, -0.002935561,  0.000178976,
Cor (1),    1.000000000, -0.193040974,  0.417966651,
Cor (2),   -0.193040974,  1.000000000,  0.184580735,
Cor (3),    0.417966651,  0.184580735,  1.000000000,
VCV (1),    0.000041940, -0.000005538,  0.000000454,
VCV (2),   -0.000005538,  0.000019626,  0.000000137,
VCV (3),    0.000000454,  0.000000137,  0.000000028,
St.dev,     0.006476128,  0.004430143,  0.000167738,
AutoCor,    0.518395300,  0.788941686, -0.765463534,

No.; 9; Score; 61.697649078218;
Markow Autoregressive (lag 1) bivariate joint 3 asset model uncond. params
uMean,      0.000175327,  0.000155862,  0.000007084,
VCV (1),    0.000109704,  0.000032260,  0.000001570,
VCV (2),    0.000032260,  0.000071215,  0.000001224,
VCV (3),    0.000001570,  0.000001224,  0.000000246,
Cor (1),    1.000000000,  0.364980201,  0.302315981,
Cor (2),    0.364980201,  1.000000000,  0.292563311,
Cor (3),    0.302315981,  0.292563311,  1.000000000,
St.dev,     0.010473973,  0.008438906,  0.000495817,
Skewness,  -0.627015530, -1.084564021,  0.008851520,
Kurtosis,   0.047057983,  1.051602245, -0.028885520,
AutoCor,    0.355755187, -0.142768663, -0.784480744,
Markow Autoregressive (lag 1) bivariate joint 3 asset model cond. params
uProb.,   0.615732489,  0.384267511,
Prob (1),   0.644983942,  0.355016058,
Prob (2),   0.568861314,  0.431138686,
Mean,      0.005989452,  0.004409022,  0.000143580,
Cor (1),    1.000000000, -0.044189998,  0.279810932,
Cor (2),   -0.044189998,  1.000000000,  0.179123396,
Cor (3),    0.279810932,  0.179123396,  1.000000000,
VCV (1),    0.000015182, -0.000000559,  0.000000231,
VCV (2),   -0.000000559,  0.000010540,  0.000000123,
VCV (3),    0.000000231,  0.000000123,  0.000000045,
St.dev,     0.003896362,  0.003246585,  0.000211540,
Mean,     -0.009140958, -0.006659204, -0.000211630,
Cor (1),    1.000000000, -0.300099261,  0.600195475,
Cor (2),   -0.300099261,  1.000000000,  0.224744741,
Cor (3),    0.600195475,  0.224744741,  1.000000000,
VCV (1),    0.000063116, -0.000021795,  0.000000848,
VCV (2),   -0.000021795,  0.000083572,  0.000000365,
VCV (3),    0.000000848,  0.000000365,  0.000000032,
St.dev,     0.007944560,  0.009141758,  0.000177780,
AutoCor,    0.628479673, -0.293011426, -0.903435186,

