Round No; 4; best result RLS; 13.5049582109

;;;
No.; 1; Score; 13.5049582109;
Markow Autoregressive (lag 1) bivariate joint 3 asset model uncond. params
uMean,      0.000280035,  0.000265229,  0.000028703,
VCV (1),    0.000015159,  0.000019817,  0.000001613,
VCV (2),    0.000019817,  0.000040307,  0.000006188,
VCV (3),    0.000001613,  0.000006188,  0.000002384,
Cor (1),    1.000000000,  0.801703824,  0.268304041,
Cor (2),    0.801703824,  1.000000000,  0.631202985,
Cor (3),    0.268304041,  0.631202985,  1.000000000,
St.dev,     0.003893447,  0.006348786,  0.001544116,
Skewness,  -0.136242416,  0.003433432,  0.617503822,
Kurtosis,   2.778003325,  0.028309942, 17.515509954,
AutoCor,    0.535363659,  0.230140159,  0.457471424,
Markow Autoregressive (lag 1) bivariate joint 3 asset model cond. params
uProb.,   0.969895493,  0.030104507,
Prob (1),   0.976923763,  0.023076237,
Prob (2),   0.743461366,  0.256538634,
Mean,      0.000314048,  0.000278356,  0.000004758,
Cor (1),    1.000000000,  0.965711860,  0.440267765,
Cor (2),    0.965711860,  1.000000000,  0.913654615,
Cor (3),    0.440267765,  0.913654615,  1.000000000,
VCV (1),    0.000008505,  0.000017555,  0.000001244,
VCV (2),    0.000017555,  0.000038853,  0.000005518,
VCV (3),    0.000001244,  0.000005518,  0.000000939,
St.dev,     0.002916312,  0.006233193,  0.000968838,
Mean,     -0.000815781, -0.000157691,  0.000800168,
Cor (1),    1.000000000,  0.301362541,  0.018778020,
Cor (2),    0.301362541,  1.000000000,  0.281503493,
Cor (3),    0.018778020,  0.281503493,  1.000000000,
VCV (1),    0.000083930,  0.000011069,  0.000000970,
VCV (2),    0.000011069,  0.000016075,  0.000006362,
VCV (3),    0.000000970,  0.000006362,  0.000031773,
St.dev,     0.009161343,  0.004009365,  0.005636775,
AutoCor,    0.536107787,  0.230139701,  0.459220557,

No.; 2; Score; 15.862155262337;
Markow Autoregressive (lag 1) bivariate joint 3 asset model uncond. params
uMean,      0.000053947,  0.000091823, -0.000351056,
VCV (1),    0.000013215,  0.000007624,  0.000000121,
VCV (2),    0.000007624,  0.000026584, -0.000005144,
VCV (3),    0.000000121, -0.000005144,  0.000002518,
Cor (1),    1.000000000,  0.406786652,  0.021013621,
Cor (2),    0.406786652,  1.000000000, -0.628758279,
Cor (3),    0.021013621, -0.628758279,  1.000000000,
St.dev,     0.003635279,  0.005155926,  0.001586700,
Skewness,  -0.658690185,  0.171299356,  1.343442224,
Kurtosis,   2.235981386, -0.278795856,  2.961522944,
AutoCor,    0.493869995,  0.112707308,  0.259180605,
Markow Autoregressive (lag 1) bivariate joint 3 asset model cond. params
uProb.,   0.823454599,  0.176545401,
Prob (1),   0.885264665,  0.114735335,
Prob (2),   0.535156052,  0.464843948,
Mean,      0.000539451,  0.001156659, -0.000795182,
Cor (1),    1.000000000,  0.691721040,  0.761174882,
Cor (2),    0.691721040,  1.000000000, -0.552116748,
Cor (3),    0.761174882, -0.552116748,  1.000000000,
VCV (1),    0.000005026,  0.000007627,  0.000001633,
VCV (2),    0.000007627,  0.000024191, -0.000002599,
VCV (3),    0.000001633, -0.000002599,  0.000000916,
St.dev,     0.002241781,  0.004918440,  0.000957054,
Mean,     -0.002210571, -0.004874856,  0.001720466,
Cor (1),    1.000000000, -0.478511176, -0.173050139,
Cor (2),   -0.478511176,  1.000000000, -0.758540891,
Cor (3),   -0.173050139, -0.758540891,  1.000000000,
VCV (1),    0.000027552, -0.000006850, -0.000001903,
VCV (2),   -0.000006850,  0.000007438, -0.000004334,
VCV (3),   -0.000001903, -0.000004334,  0.000004390,
St.dev,     0.005248989,  0.002727243,  0.002095215,
AutoCor,    0.506915414,  0.053747367,  0.206817526,

No.; 3; Score; 16.758297200891;
Markow Autoregressive (lag 1) bivariate joint 3 asset model uncond. params
uMean,     -0.000043898,  0.000063961,  0.000156308,
VCV (1),    0.000016313,  0.000020105, -0.000000120,
VCV (2),    0.000020105,  0.000037608, -0.000000573,
VCV (3),   -0.000000120, -0.000000573,  0.000001690,
Cor (1),    1.000000000,  0.811696996, -0.022925175,
Cor (2),    0.811696996,  1.000000000, -0.071852277,
Cor (3),   -0.022925175, -0.071852277,  1.000000000,
St.dev,     0.004038910,  0.006132508,  0.001300047,
Skewness,  -1.605189364, -2.043991827,  0.331884772,
Kurtosis,   3.800942873,  7.160073901,  1.316174825,
AutoCor,    0.303286495,  0.046216845,  0.420325780,
Markow Autoregressive (lag 1) bivariate joint 3 asset model cond. params
uProb.,   0.868845062,  0.131154938,
Prob (1),   0.865248459,  0.134751541,
Prob (2),   0.892671009,  0.107328991,
Mean,      0.001069424,  0.001417283,  0.000064347,
Cor (1),    1.000000000,  0.780012072, -0.569116467,
Cor (2),    0.780012072,  1.000000000, -0.883703119,
Cor (3),   -0.569116467, -0.883703119,  1.000000000,
VCV (1),    0.000002316,  0.000003974, -0.000000839,
VCV (2),    0.000003974,  0.000011211, -0.000002867,
VCV (3),   -0.000000839, -0.000002867,  0.000000939,
St.dev,     0.001521757,  0.003348212,  0.000968905,
Mean,     -0.007419172, -0.008901212,  0.000765508,
Cor (1),    1.000000000,  0.932926916,  0.950864284,
Cor (2),    0.932926916,  1.000000000,  0.971804185,
Cor (3),    0.950864284,  0.971804185,  1.000000000,
VCV (1),    0.000021251,  0.000046854,  0.000008629,
VCV (2),    0.000046854,  0.000118687,  0.000020842,
VCV (3),    0.000008629,  0.000020842,  0.000003875,
St.dev,     0.004609924,  0.010894345,  0.001968595,
AutoCor,    0.638457326,  0.081288598,  0.435676145,

No.; 4; Score; 17.253687061863;
Markow Autoregressive (lag 1) bivariate joint 3 asset model uncond. params
uMean,      0.000520555,  0.000088293,  0.000028562,
VCV (1),    0.000011329,  0.000002528, -0.000000546,
VCV (2),    0.000002528,  0.000032571, -0.000002244,
VCV (3),   -0.000000546, -0.000002244,  0.000002254,
Cor (1),    1.000000000,  0.131607078, -0.108098201,
Cor (2),    0.131607078,  1.000000000, -0.261925341,
Cor (3),   -0.108098201, -0.261925341,  1.000000000,
St.dev,     0.003365811,  0.005707115,  0.001501205,
Skewness,  -0.832079419,  0.184230015,  0.342907105,
Kurtosis,   2.728452594,  0.030100817,  0.817783599,
AutoCor,    0.442298905,  0.092646790,  0.115198482,
Markow Autoregressive (lag 1) bivariate joint 3 asset model cond. params
uProb.,   0.867554920,  0.132445080,
Prob (1),   0.868514563,  0.131485437,
Prob (2),   0.861268971,  0.138731029,
Mean,      0.000983885,  0.000643551, -0.000123403,
Cor (1),    1.000000000, -0.038874447,  0.282877169,
Cor (2),   -0.038874447,  1.000000000, -0.332058383,
Cor (3),    0.282877169, -0.332058383,  1.000000000,
VCV (1),    0.000004321, -0.000000471,  0.000000772,
VCV (2),   -0.000000471,  0.000033965, -0.000002542,
VCV (3),    0.000000772, -0.000002542,  0.000001725,
St.dev,     0.002078625,  0.005827965,  0.001313332,
Mean,     -0.002514395, -0.003548817,  0.001023980,
Cor (1),    1.000000000,  0.712069964, -0.517568033,
Cor (2),    0.712069964,  1.000000000,  0.793089088,
Cor (3),   -0.517568033,  0.793089088,  1.000000000,
VCV (1),    0.000027589,  0.000009133, -0.000005660,
VCV (2),    0.000009133,  0.000005963,  0.000004032,
VCV (3),   -0.000005660,  0.000004032,  0.000004335,
St.dev,     0.005252553,  0.002441967,  0.002082093,
AutoCor,    0.503953170,  0.098292017,  0.122965953,

No.; 5; Score; 19.03738753656;
Markow Autoregressive (lag 1) bivariate joint 3 asset model uncond. params
uMean,      0.000382513,  0.000180909,  0.000092370,
VCV (1),    0.000013186, -0.000003204, -0.000002009,
VCV (2),   -0.000003204,  0.000022126,  0.000002058,
VCV (3),   -0.000002009,  0.000002058,  0.000002765,
Cor (1),    1.000000000, -0.187607381, -0.332748492,
Cor (2),   -0.187607381,  1.000000000,  0.263092432,
Cor (3),   -0.332748492,  0.263092432,  1.000000000,
St.dev,     0.003631229,  0.004703792,  0.001662774,
Skewness,  -0.096172745, -0.381487538, -0.503295707,
Kurtosis,   0.110956054,  2.084811889,  1.090013985,
AutoCor,    0.526517188,  0.033631681,  0.118736048,
Markow Autoregressive (lag 1) bivariate joint 3 asset model cond. params
uProb.,   0.906698712,  0.093301288,
Prob (1),   0.905772883,  0.094227117,
Prob (2),   0.915695883,  0.084304117,
Mean,      0.000676973,  0.000424592,  0.000306503,
Cor (1),    1.000000000, -0.595721768, -0.528511404,
Cor (2),   -0.595721768,  1.000000000,  0.246136260,
Cor (3),   -0.528511404,  0.246136260,  1.000000000,
VCV (1),    0.000008144, -0.000006823, -0.000002151,
VCV (2),   -0.000006823,  0.000016106,  0.000001409,
VCV (3),   -0.000002151,  0.000001409,  0.000002034,
St.dev,     0.002853691,  0.004013277,  0.001426205,
Mean,     -0.002479046, -0.002187192, -0.001988570,
Cor (1),    1.000000000,  0.877905249, -0.688015720,
Cor (2),    0.877905249,  1.000000000,  0.154444145,
Cor (3),   -0.688015720,  0.154444145,  1.000000000,
VCV (1),    0.000011202,  0.000025302, -0.000004927,
VCV (2),    0.000025302,  0.000074156,  0.000002846,
VCV (3),   -0.000004927,  0.000002846,  0.000004579,
St.dev,     0.003346888,  0.008611389,  0.002139823,
AutoCor,    0.563137613,  0.034798063,  0.143455688,

No.; 6; Score; 19.243452182039;
Markow Autoregressive (lag 1) bivariate joint 3 asset model uncond. params
uMean,     -0.000056487,  0.000228846, -0.000108577,
VCV (1),    0.000014395,  0.000005432, -0.000001155,
VCV (2),    0.000005432,  0.000031778,  0.000004209,
VCV (3),   -0.000001155,  0.000004209,  0.000003201,
Cor (1),    1.000000000,  0.253961171, -0.170081739,
Cor (2),    0.253961171,  1.000000000,  0.417303110,
Cor (3),   -0.170081739,  0.417303110,  1.000000000,
St.dev,     0.003794086,  0.005637218,  0.001789173,
Skewness,   0.037767123, -0.010768257, -0.308677828,
Kurtosis,   0.622522922, -0.006442798,  1.888197951,
AutoCor,    0.041298083,  0.524358209,  0.027599151,
Markow Autoregressive (lag 1) bivariate joint 3 asset model cond. params
uProb.,   0.658071955,  0.341928045,
Prob (1),   0.495335742,  0.504664258,
Prob (2),   0.971272757,  0.028727243,
Mean,      0.000019038, -0.000663911,  0.000060271,
Cor (1),    1.000000000,  0.284191169, -0.607008856,
Cor (2),    0.284191169,  1.000000000,  0.769809157,
Cor (3),   -0.607008856,  0.769809157,  1.000000000,
VCV (1),    0.000019095,  0.000005685, -0.000003066,
VCV (2),    0.000005685,  0.000020959,  0.000004074,
VCV (3),   -0.000003066,  0.000004074,  0.000001336,
St.dev,     0.004369788,  0.004578106,  0.001155984,
Mean,     -0.000201841,  0.001947039, -0.000433540,
Cor (1),    1.000000000,  0.496022191,  0.417258216,
Cor (2),    0.496022191,  1.000000000,  0.451283257,
Cor (3),    0.417258216,  0.451283257,  1.000000000,
VCV (1),    0.000005244,  0.000004933,  0.000002458,
VCV (2),    0.000004933,  0.000018861,  0.000005042,
VCV (3),    0.000002458,  0.000005042,  0.000006618,
St.dev,     0.002290059,  0.004342904,  0.002572460,
AutoCor,    0.041692836,  0.575091116,  0.036380540,

No.; 7; Score; 19.310866944459;
Markow Autoregressive (lag 1) bivariate joint 3 asset model uncond. params
uMean,      0.000138503,  0.000382787, -0.000225003,
VCV (1),    0.000022773,  0.000004866,  0.000002210,
VCV (2),    0.000004866,  0.000030499,  0.000002822,
VCV (3),    0.000002210,  0.000002822,  0.000001630,
Cor (1),    1.000000000,  0.184645332,  0.362791783,
Cor (2),    0.184645332,  1.000000000,  0.400239412,
Cor (3),    0.362791783,  0.400239412,  1.000000000,
St.dev,     0.004772058,  0.005522586,  0.001276705,
Skewness,   0.380766240, -0.121619299,  0.025569462,
Kurtosis,   0.020065917, -0.002985119,  0.689212023,
AutoCor,   -0.072546120,  0.417577382,  0.211736578,
Markow Autoregressive (lag 1) bivariate joint 3 asset model cond. params
uProb.,   0.606350362,  0.393649638,
Prob (1),   0.352274978,  0.647725022,
Prob (2),   0.997710309,  0.002289691,
Mean,     -0.002113857, -0.001106931, -0.000243309,
Cor (1),    1.000000000, -0.645473039,  0.705768074,
Cor (2),   -0.645473039,  1.000000000,  0.771805700,
Cor (3),    0.705768074,  0.771805700,  1.000000000,
VCV (1),    0.000011026, -0.000010251,  0.000002234,
VCV (2),   -0.000010251,  0.000022875,  0.000003519,
VCV (3),    0.000002234,  0.000003519,  0.000000909,
St.dev,     0.003320510,  0.004782761,  0.000953433,
Mean,      0.003607881,  0.002677444, -0.000196805,
Cor (1),    1.000000000,  0.974906704,  0.250816884,
Cor (2),    0.974906704,  1.000000000,  0.143570271,
Cor (3),    0.250816884,  0.143570271,  1.000000000,
VCV (1),    0.000019062,  0.000015118,  0.000001750,
VCV (2),    0.000015118,  0.000012615,  0.000000815,
VCV (3),    0.000001750,  0.000000815,  0.000002553,
St.dev,     0.004366012,  0.003551791,  0.001597842,
AutoCor,    0.226735041,  0.551761992,  0.212008131,

No.; 8; Score; 19.314640744472;
Markow Autoregressive (lag 1) bivariate joint 3 asset model uncond. params
uMean,      0.000383207,  0.000520876,  0.000076463,
VCV (1),    0.000010835,  0.000000718,  0.000001784,
VCV (2),    0.000000718,  0.000026082,  0.000000371,
VCV (3),    0.000001784,  0.000000371,  0.000002699,
Cor (1),    1.000000000,  0.042737667,  0.329983543,
Cor (2),    0.042737667,  1.000000000,  0.044224700,
Cor (3),    0.329983543,  0.044224700,  1.000000000,
St.dev,     0.003291591,  0.005107098,  0.001642858,
Skewness,  -0.818667567,  0.009110326,  0.051334149,
Kurtosis,   0.651892044, -0.011152802,  0.171128107,
AutoCor,    0.074051471,  0.789035229,  0.360644313,
Markow Autoregressive (lag 1) bivariate joint 3 asset model cond. params
uProb.,   0.523501165,  0.476498835,
Prob (1),   0.315005058,  0.684994942,
Prob (2),   0.752563540,  0.247436460,
Mean,      0.002081461, -0.000837799, -0.000036782,
Cor (1),    1.000000000,  0.648082099, -0.152070252,
Cor (2),    0.648082099,  1.000000000, -0.660117121,
Cor (3),   -0.152070252, -0.660117121,  1.000000000,
VCV (1),    0.000001737,  0.000001834, -0.000000260,
VCV (2),    0.000001834,  0.000004612, -0.000001839,
VCV (3),   -0.000000260, -0.000001839,  0.000001683,
St.dev,     0.001318017,  0.002147592,  0.001297159,
Mean,     -0.001482564,  0.002013572,  0.000200878,
Cor (1),    1.000000000,  0.375354703,  0.645975028,
Cor (2),    0.375354703,  1.000000000,  0.580023149,
Cor (3),    0.645975028,  0.580023149,  1.000000000,
VCV (1),    0.000012868,  0.000003073,  0.000004038,
VCV (2),    0.000003073,  0.000005207,  0.000002306,
VCV (3),    0.000004038,  0.000002306,  0.000003036,
St.dev,     0.003587230,  0.002281952,  0.001742425,
AutoCor,    0.285512469,  0.892452677,  0.364833010,

No.; 9; Score; 19.512275985352;
Markow Autoregressive (lag 1) bivariate joint 3 asset model uncond. params
uMean,     -0.000016924,  0.000298897, -0.000088783,
VCV (1),    0.000019838, -0.000005704, -0.000001156,
VCV (2),   -0.000005704,  0.000025904, -0.000004586,
VCV (3),   -0.000001156, -0.000004586,  0.000002409,
Cor (1),    1.000000000, -0.251606235, -0.167187357,
Cor (2),   -0.251606235,  1.000000000, -0.580480862,
Cor (3),   -0.167187357, -0.580480862,  1.000000000,
St.dev,     0.004453982,  0.005089613,  0.001552141,
Skewness,   0.583840288, -0.065268415,  0.048997441,
Kurtosis,   1.241782976,  0.855752407,  0.013084840,
AutoCor,    0.475857840,  0.197621007,  0.055536694,
Markow Autoregressive (lag 1) bivariate joint 3 asset model cond. params
uProb.,   0.680516980,  0.319483020,
Prob (1),   0.669091155,  0.330908845,
Prob (2),   0.704854637,  0.295145363,
Mean,     -0.001053367,  0.000156960, -0.000370019,
Cor (1),    1.000000000, -0.245244855, -0.645450993,
Cor (2),   -0.245244855,  1.000000000, -0.753804036,
Cor (3),   -0.645450993, -0.753804036,  1.000000000,
VCV (1),    0.000004922, -0.000003189, -0.000002104,
VCV (2),   -0.000003189,  0.000034356, -0.000006493,
VCV (3),   -0.000002104, -0.000006493,  0.000002160,
St.dev,     0.002218446,  0.005861370,  0.001469618,
Mean,      0.002190759,  0.000601231,  0.000510267,
Cor (1),    1.000000000, -0.878912295, -0.108413965,
Cor (2),   -0.878912295,  1.000000000, -0.183642788,
Cor (3),   -0.108413965, -0.183642788,  1.000000000,
VCV (1),    0.000028278, -0.000010018, -0.000000890,
VCV (2),   -0.000010018,  0.000004594, -0.000000608,
VCV (3),   -0.000000890, -0.000000608,  0.000002386,
St.dev,     0.005317735,  0.002143353,  0.001544557,
AutoCor,    0.542562780,  0.198008268,  0.062401509,

No.; 10; Score; 19.836314510919;
Markow Autoregressive (lag 1) bivariate joint 3 asset model uncond. params
uMean,      0.000145010,  0.000351495,  0.000136769,
VCV (1),    0.000011874,  0.000007047, -0.000001036,
VCV (2),    0.000007047,  0.000029186, -0.000004964,
VCV (3),   -0.000001036, -0.000004964,  0.000003450,
Cor (1),    1.000000000,  0.378551712, -0.161921132,
Cor (2),    0.378551712,  1.000000000, -0.494714454,
Cor (3),   -0.161921132, -0.494714454,  1.000000000,
St.dev,     0.003445852,  0.005402439,  0.001857357,
Skewness,  -0.485755338, -2.011740474, -0.031846323,
Kurtosis,   1.621374505,  5.560001177,  1.409163445,
AutoCor,    0.394131679,  0.095499436,  0.554113752,
Markow Autoregressive (lag 1) bivariate joint 3 asset model cond. params
uProb.,   0.767225498,  0.232774502,
Prob (1),   0.725763793,  0.274236207,
Prob (2),   0.903883410,  0.096116590,
Mean,      0.000596061,  0.002096298,  0.000153401,
Cor (1),    1.000000000, -0.473296084, -0.472491662,
Cor (2),   -0.473296084,  1.000000000, -0.371385461,
Cor (3),   -0.472491662, -0.371385461,  1.000000000,
VCV (1),    0.000004706, -0.000001393, -0.000001066,
VCV (2),   -0.000001393,  0.000001840, -0.000000524,
VCV (3),   -0.000001066, -0.000000524,  0.000001081,
St.dev,     0.002169387,  0.001356603,  0.001039556,
Mean,     -0.001341657, -0.005399381,  0.000081952,
Cor (1),    1.000000000,  0.527696208,  0.002868350,
Cor (2),    0.527696208,  1.000000000, -0.782546497,
Cor (3),    0.002868350, -0.782546497,  1.000000000,
VCV (1),    0.000023785,  0.000021764,  0.000000036,
VCV (2),    0.000021764,  0.000071518, -0.000017132,
VCV (3),    0.000000036, -0.000017132,  0.000006702,
St.dev,     0.004877031,  0.008456833,  0.002588822,
AutoCor,    0.428383154,  0.238852862,  0.554307314,

No.; 11; Score; 19.854030522866;
Markow Autoregressive (lag 1) bivariate joint 3 asset model uncond. params
uMean,      0.000539894,  0.000041116, -0.000393696,
VCV (1),    0.000019008,  0.000013868,  0.000001761,
VCV (2),    0.000013868,  0.000025356,  0.000002915,
VCV (3),    0.000001761,  0.000002915,  0.000002595,
Cor (1),    1.000000000,  0.631680648,  0.250720827,
Cor (2),    0.631680648,  1.000000000,  0.359305385,
Cor (3),    0.250720827,  0.359305385,  1.000000000,
St.dev,     0.004359845,  0.005035429,  0.001610930,
Skewness,  -0.172837324,  0.057661325,  0.057205531,
Kurtosis,   0.505500536,  0.214352213,  0.140790183,
AutoCor,    0.714580840,  0.392989524,  0.149223413,
Markow Autoregressive (lag 1) bivariate joint 3 asset model cond. params
uProb.,   0.919729218,  0.080270782,
Prob (1),   0.940662042,  0.059337958,
Prob (2),   0.679884412,  0.320115588,
Mean,      0.000775633, -0.000071790, -0.000439285,
Cor (1),    1.000000000,  0.905373667,  0.612722573,
Cor (2),    0.905373667,  1.000000000,  0.274401138,
Cor (3),    0.612722573,  0.274401138,  1.000000000,
VCV (1),    0.000007218,  0.000010748,  0.000002534,
VCV (2),    0.000010748,  0.000019523,  0.000001867,
VCV (3),    0.000002534,  0.000001867,  0.000002370,
St.dev,     0.002686637,  0.004418520,  0.001539573,
Mean,     -0.002161169,  0.001334778,  0.000128659,
Cor (1),    1.000000000,  0.083427616, -0.808690117,
Cor (2),    0.083427616,  1.000000000,  0.918691772,
Cor (3),   -0.808690117,  0.918691772,  1.000000000,
VCV (1),    0.000024098,  0.000002644, -0.000008108,
VCV (2),    0.000002644,  0.000041668,  0.000012111,
VCV (3),   -0.000008108,  0.000012111,  0.000004171,
St.dev,     0.004909021,  0.006455100,  0.002042263,
AutoCor,    0.730309426,  0.393755553,  0.148190261,

No.; 12; Score; 20.034295597893;
Markow Autoregressive (lag 1) bivariate joint 3 asset model uncond. params
uMean,      0.000111358,  0.000359063,  0.000329949,
VCV (1),    0.000016349, -0.000010635, -0.000000819,
VCV (2),   -0.000010635,  0.000034263, -0.000002167,
VCV (3),   -0.000000819, -0.000002167,  0.000002910,
Cor (1),    1.000000000, -0.449344102, -0.118782090,
Cor (2),   -0.449344102,  1.000000000, -0.217009657,
Cor (3),   -0.118782090, -0.217009657,  1.000000000,
St.dev,     0.004043389,  0.005853477,  0.001705903,
Skewness,  -1.388849313,  1.692745603, -0.302101386,
Kurtosis,   3.010300009,  2.894623815,  0.671917513,
AutoCor,    0.257549373,  0.287701543,  0.591403448,
Markow Autoregressive (lag 1) bivariate joint 3 asset model cond. params
uProb.,   0.811803050,  0.188196950,
Prob (1),   0.867436042,  0.132563958,
Prob (2),   0.571825556,  0.428174444,
Mean,      0.001302316, -0.001883257,  0.000539868,
Cor (1),    1.000000000, -0.831479164, -0.279678147,
Cor (2),   -0.831479164,  1.000000000, -0.295350997,
Cor (3),   -0.279678147, -0.295350997,  1.000000000,
VCV (1),    0.000005348, -0.000004558, -0.000000724,
VCV (2),   -0.000004558,  0.000005620, -0.000000784,
VCV (3),   -0.000000724, -0.000000784,  0.000001253,
St.dev,     0.002312531,  0.002370723,  0.001119530,
Mean,     -0.005025934,  0.010031496, -0.000575554,
Cor (1),    1.000000000,  0.738091019, -0.543638539,
Cor (2),    0.738091019,  1.000000000,  0.237837984,
Cor (3),   -0.543638539,  0.237837984,  1.000000000,
VCV (1),    0.000028297,  0.000024060, -0.000005511,
VCV (2),    0.000024060,  0.000037553,  0.000002778,
VCV (3),   -0.000005511,  0.000002778,  0.000003632,
St.dev,     0.005319475,  0.006128088,  0.001905787,
AutoCor,    0.234787580,  0.274060080,  0.612074238,

No.; 13; Score; 20.774216361733;
Markow Autoregressive (lag 1) bivariate joint 3 asset model uncond. params
uMean,      0.000581455, -0.000219792,  0.000008955,
VCV (1),    0.000008892,  0.000002138, -0.000001430,
VCV (2),    0.000002138,  0.000020640,  0.000004124,
VCV (3),   -0.000001430,  0.000004124,  0.000002700,
Cor (1),    1.000000000,  0.157802380, -0.291765730,
Cor (2),    0.157802380,  1.000000000,  0.552504631,
Cor (3),   -0.291765730,  0.552504631,  1.000000000,
St.dev,     0.002981902,  0.004543178,  0.001643143,
Skewness,  -0.081967585, -1.450446335, -0.682387811,
Kurtosis,   0.225669472, 11.025034284,  2.941865627,
AutoCor,    0.164779481,  0.225351179,  0.346670801,
Markow Autoregressive (lag 1) bivariate joint 3 asset model cond. params
uProb.,   0.972985226,  0.027014774,
Prob (1),   0.982180386,  0.017819614,
Prob (2),   0.641805132,  0.358194868,
Mean,      0.000641392,  0.000006680,  0.000097453,
Cor (1),    1.000000000,  0.238977666, -0.396424425,
Cor (2),    0.238977666,  1.000000000,  0.456703575,
Cor (3),   -0.396424425,  0.456703575,  1.000000000,
VCV (1),    0.000008241,  0.000002478, -0.000001573,
VCV (2),    0.000002478,  0.000013050,  0.000002280,
VCV (3),   -0.000001573,  0.000002280,  0.000001910,
St.dev,     0.002870687,  0.003612465,  0.001382066,
Mean,     -0.001577305, -0.008376602, -0.003178453,
Cor (1),    1.000000000, -0.499861166,  0.002752673,
Cor (2),   -0.499861166,  1.000000000,  0.786753477,
Cor (3),    0.002752673,  0.786753477,  1.000000000,
VCV (1),    0.000019013, -0.000030341,  0.000000038,
VCV (2),   -0.000030341,  0.000193775,  0.000034464,
VCV (3),    0.000000038,  0.000034464,  0.000009903,
St.dev,     0.004360438,  0.013920321,  0.003146897,
AutoCor,    0.162186513,  0.214044778,  0.347405274,

No.; 14; Score; 21.110344348587;
Markow Autoregressive (lag 1) bivariate joint 3 asset model uncond. params
uMean,     -0.000156273, -0.000237135,  0.000297596,
VCV (1),    0.000007547, -0.000003981,  0.000000539,
VCV (2),   -0.000003981,  0.000034344, -0.000003234,
VCV (3),    0.000000539, -0.000003234,  0.000002351,
Cor (1),    1.000000000, -0.247296278,  0.127973003,
Cor (2),   -0.247296278,  1.000000000, -0.359867940,
Cor (3),    0.127973003, -0.359867940,  1.000000000,
St.dev,     0.002747184,  0.005860403,  0.001533335,
Skewness,  -1.606324734,  0.073263420,  0.057154728,
Kurtosis,   7.862510265,  0.123113995,  1.154129091,
AutoCor,    0.725542839,  0.228723347,  0.523789800,
Markow Autoregressive (lag 1) bivariate joint 3 asset model cond. params
uProb.,   0.971269971,  0.028730029,
Prob (1),   0.989258025,  0.010741975,
Prob (2),   0.363151683,  0.636848317,
Mean,      0.000093895, -0.000430158,  0.000289250,
Cor (1),    1.000000000, -0.315044838,  0.044001553,
Cor (2),   -0.315044838,  1.000000000, -0.502625925,
Cor (3),    0.044001553, -0.502625925,  1.000000000,
VCV (1),    0.000001860, -0.000002402,  0.000000074,
VCV (2),   -0.000002402,  0.000031239, -0.000003445,
VCV (3),    0.000000074, -0.000003445,  0.000001504,
St.dev,     0.001363916,  0.005589223,  0.001226225,
Mean,     -0.008613674,  0.006288336,  0.000579753,
Cor (1),    1.000000000,  0.491838171,  0.885534107,
Cor (2),    0.491838171,  1.000000000,  0.775201297,
Cor (3),    0.885534107,  0.775201297,  1.000000000,
VCV (1),    0.000015730,  0.000012781,  0.000010239,
VCV (2),    0.000012781,  0.000042932,  0.000014808,
VCV (3),    0.000010239,  0.000014808,  0.000008499,
St.dev,     0.003966053,  0.006552262,  0.002915377,
AutoCor,    0.764279007,  0.213594663,  0.523687215,

No.; 15; Score; 21.274649131757;
Markow Autoregressive (lag 1) bivariate joint 3 asset model uncond. params
uMean,      0.000437800,  0.000140063,  0.000334975,
VCV (1),    0.000013526, -0.000002061, -0.000001178,
VCV (2),   -0.000002061,  0.000037848,  0.000002223,
VCV (3),   -0.000001178,  0.000002223,  0.000002608,
Cor (1),    1.000000000, -0.091082666, -0.198302826,
Cor (2),   -0.091082666,  1.000000000,  0.223738702,
Cor (3),   -0.198302826,  0.223738702,  1.000000000,
St.dev,     0.003677750,  0.006152078,  0.001614947,
Skewness,  -0.968834184,  0.346570115, -0.038780728,
Kurtosis,   0.159633101,  0.283973033,  0.033243620,
AutoCor,    0.146055888,  0.398941463,  0.333579227,
Markow Autoregressive (lag 1) bivariate joint 3 asset model cond. params
uProb.,   0.690929536,  0.309070464,
Prob (1),   0.680302677,  0.319697323,
Prob (2),   0.714685965,  0.285314035,
Mean,      0.002491456, -0.001692946,  0.000210975,
Cor (1),    1.000000000,  0.456274077, -0.999209364,
Cor (2),    0.456274077,  1.000000000,  0.737936076,
Cor (3),   -0.999209364,  0.737936076,  1.000000000,
VCV (1),    0.000001026,  0.000001924, -0.000001594,
VCV (2),    0.000001924,  0.000017336,  0.000004841,
VCV (3),   -0.000001594,  0.000004841,  0.000002482,
St.dev,     0.001012681,  0.004163683,  0.001575544,
Mean,     -0.004153165,  0.004237771,  0.000612179,
Cor (1),    1.000000000,  0.683218565,  0.559614049,
Cor (2),    0.683218565,  1.000000000, -0.787602428,
Cor (3),    0.559614049, -0.787602428,  1.000000000,
VCV (1),    0.000006789,  0.000010418,  0.000001969,
VCV (2),    0.000010418,  0.000034246, -0.000006224,
VCV (3),    0.000001969, -0.000006224,  0.000001824,
St.dev,     0.002605608,  0.005852008,  0.001350470,
AutoCor,    0.561234915,  0.506228576,  0.338493635,

No.; 16; Score; 22.161516667644;
Markow Autoregressive (lag 1) bivariate joint 3 asset model uncond. params
uMean,     -0.000244252,  0.000219100, -0.000109287,
VCV (1),    0.000013670,  0.000002518, -0.000000163,
VCV (2),    0.000002518,  0.000012902, -0.000000193,
VCV (3),   -0.000000163, -0.000000193,  0.000001372,
Cor (1),    1.000000000,  0.189604690, -0.037722331,
Cor (2),    0.189604690,  1.000000000, -0.045788308,
Cor (3),   -0.037722331, -0.045788308,  1.000000000,
St.dev,     0.003697262,  0.003591933,  0.001171183,
Skewness,  -0.092125293,  0.034527263,  0.617301711,
Kurtosis,   0.644745866,  0.188897971,  5.514104951,
AutoCor,    0.551454990,  0.620931606,  0.040145255,
Markow Autoregressive (lag 1) bivariate joint 3 asset model cond. params
uProb.,   0.998782602,  0.001217398,
Prob (1),   0.998826542,  0.001173458,
Prob (2),   0.962733464,  0.037266536,
Mean,     -0.000232502,  0.000211331, -0.000119896,
Cor (1),    1.000000000,  0.188592981, -0.022370934,
Cor (2),    0.188592981,  1.000000000, -0.081033643,
Cor (3),   -0.022370934, -0.081033643,  1.000000000,
VCV (1),    0.000009247,  0.000001601, -0.000000077,
VCV (2),    0.000001601,  0.000007795, -0.000000255,
VCV (3),   -0.000000077, -0.000000255,  0.000001270,
St.dev,     0.003040949,  0.002791924,  0.001126942,
Mean,     -0.009884791,  0.006593120,  0.008595010,
Cor (1),    1.000000000,  0.952473593,  0.493782653,
Cor (2),    0.952473593,  1.000000000,  0.037194226,
Cor (3),    0.493782653,  0.037194226,  1.000000000,
VCV (1),    0.000109379,  0.000078571,  0.000013866,
VCV (2),    0.000078571,  0.000062214,  0.000000788,
VCV (3),    0.000013866,  0.000000788,  0.000007210,
St.dev,     0.010458445,  0.007887572,  0.002685086,
AutoCor,    0.555761546,  0.623185005,  0.040437763,

No.; 17; Score; 23.731916123606;
Markow Autoregressive (lag 1) bivariate joint 3 asset model uncond. params
uMean,      0.000488681,  0.000546486,  0.000078419,
VCV (1),    0.000014593, -0.000008308,  0.000004271,
VCV (2),   -0.000008308,  0.000039785,  0.000005759,
VCV (3),    0.000004271,  0.000005759,  0.000003209,
Cor (1),    1.000000000, -0.344793137,  0.624180844,
Cor (2),   -0.344793137,  1.000000000,  0.509686773,
Cor (3),    0.624180844,  0.509686773,  1.000000000,
St.dev,     0.003820020,  0.006307566,  0.001791232,
Skewness,  -0.725252585, -0.739016990, -0.160998081,
Kurtosis,   2.235328127,  1.312832851,  0.233423872,
AutoCor,    0.231090830,  0.404180221,  0.317971677,
Markow Autoregressive (lag 1) bivariate joint 3 asset model cond. params
uProb.,   0.289616545,  0.710383455,
Prob (1),   0.165432728,  0.834567272,
Prob (2),   0.340245100,  0.659754900,
Mean,     -0.001292140, -0.003806092, -0.000513295,
Cor (1),    1.000000000, -0.522336910,  0.410665579,
Cor (2),   -0.522336910,  1.000000000,  0.953446169,
Cor (3),    0.410665579,  0.953446169,  1.000000000,
VCV (1),    0.000030491, -0.000021446,  0.000004503,
VCV (2),   -0.000021446,  0.000055289,  0.000014078,
VCV (3),    0.000004503,  0.000014078,  0.000003943,
St.dev,     0.005521869,  0.007435639,  0.001985808,
Mean,      0.001214705,  0.002320990,  0.000319655,
Cor (1),    1.000000000, -0.744772486,  0.932606922,
Cor (2),   -0.744772486,  1.000000000, -0.075217166,
Cor (3),    0.932606922, -0.075217166,  1.000000000,
VCV (1),    0.000004920, -0.000005025,  0.000003073,
VCV (2),   -0.000005025,  0.000009253, -0.000000340,
VCV (3),    0.000003073, -0.000000340,  0.000002206,
St.dev,     0.002218214,  0.003041797,  0.001485386,
AutoCor,    0.270550535,  0.543659504,  0.340915779,

No.; 18; Score; 24.153461430835;
Markow Autoregressive (lag 1) bivariate joint 3 asset model uncond. params
uMean,      0.000491860,  0.000254114, -0.000010995,
VCV (1),    0.000008701,  0.000001410,  0.000003460,
VCV (2),    0.000001410,  0.000029496,  0.000006474,
VCV (3),    0.000003460,  0.000006474,  0.000005817,
Cor (1),    1.000000000,  0.088036195,  0.486353125,
Cor (2),    0.088036195,  1.000000000,  0.494258096,
Cor (3),    0.486353125,  0.494258096,  1.000000000,
St.dev,     0.002949748,  0.005430982,  0.002411895,
Skewness,  -2.696851458, -0.997338704, -2.562073479,
Kurtosis,   7.867321254,  6.597982128, 12.055818475,
AutoCor,    0.350644815,  0.774709301,  0.318834616,
Markow Autoregressive (lag 1) bivariate joint 3 asset model cond. params
uProb.,   0.909175477,  0.090824523,
Prob (1),   0.938723773,  0.061276227,
Prob (2),   0.613389877,  0.386610123,
Mean,      0.001303570,  0.000794079,  0.000404606,
Cor (1),    1.000000000, -0.641939952,  0.458165905,
Cor (2),   -0.641939952,  1.000000000,  0.288961013,
Cor (3),    0.458165905,  0.288961013,  1.000000000,
VCV (1),    0.000000907, -0.000000758,  0.000000516,
VCV (2),   -0.000000758,  0.000001536,  0.000000423,
VCV (3),    0.000000516,  0.000000423,  0.000001395,
St.dev,     0.000952602,  0.001239220,  0.001181134,
Mean,     -0.007633555, -0.005151061, -0.004171262,
Cor (1),    1.000000000, -0.489147522, -0.270640122,
Cor (2),   -0.489147522,  1.000000000,  0.661162068,
Cor (3),   -0.270640122,  0.661162068,  1.000000000,
VCV (1),    0.000009814, -0.000013580, -0.000004369,
VCV (2),   -0.000013580,  0.000078537,  0.000030191,
VCV (3),   -0.000004369,  0.000030191,  0.000026550,
St.dev,     0.003132667,  0.008862116,  0.005152679,
AutoCor,    0.429930036,  0.824058369,  0.316085913,

No.; 19; Score; 24.603439937051;
Markow Autoregressive (lag 1) bivariate joint 3 asset model uncond. params
uMean,      0.000286939, -0.000020478, -0.000056104,
VCV (1),    0.000023585, -0.000003339,  0.000002306,
VCV (2),   -0.000003339,  0.000027683, -0.000002796,
VCV (3),    0.000002306, -0.000002796,  0.000003064,
Cor (1),    1.000000000, -0.130688759,  0.271253436,
Cor (2),   -0.130688759,  1.000000000, -0.303545044,
Cor (3),    0.271253436, -0.303545044,  1.000000000,
St.dev,     0.004856393,  0.005261511,  0.001750456,
Skewness,  -0.970770214, -0.102114037, -0.010460944,
Kurtosis,  -0.025377828,  0.543429362,  0.086055740,
AutoCor,   -0.207325629,  0.360061932,  0.393209782,
Markow Autoregressive (lag 1) bivariate joint 3 asset model cond. params
uProb.,   0.554301644,  0.445698356,
Prob (1),   0.354018954,  0.645981046,
Prob (2),   0.803387205,  0.196612795,
Mean,      0.003692958,  0.000360371, -0.000023460,
Cor (1),    1.000000000, -0.632416939,  0.267560411,
Cor (2),   -0.632416939,  1.000000000, -0.536718738,
Cor (3),    0.267560411, -0.536718738,  1.000000000,
VCV (1),    0.000000966, -0.000002219,  0.000000381,
VCV (2),   -0.000002219,  0.000012749, -0.000002774,
VCV (3),    0.000000381, -0.000002774,  0.000002096,
St.dev,     0.000982787,  0.003570540,  0.001447649,
Mean,     -0.003949026, -0.000494129, -0.000096701,
Cor (1),    1.000000000, -0.288108747,  0.524055063,
Cor (2),   -0.288108747,  1.000000000, -0.177709838,
Cor (3),    0.524055063, -0.177709838,  1.000000000,
VCV (1),    0.000018721, -0.000007645,  0.000004057,
VCV (2),   -0.000007645,  0.000037615, -0.000001950,
VCV (3),    0.000004057, -0.000001950,  0.000003201,
St.dev,     0.004326802,  0.006133099,  0.001789148,
AutoCor,    0.174046223,  0.365370887,  0.393574361,

No.; 20; Score; 25.056450407245;
Markow Autoregressive (lag 1) bivariate joint 3 asset model uncond. params
uMean,     -0.000058914,  0.000010392, -0.000157497,
VCV (1),    0.000014811,  0.000002659, -0.000002773,
VCV (2),    0.000002659,  0.000028142, -0.000004079,
VCV (3),   -0.000002773, -0.000004079,  0.000004790,
Cor (1),    1.000000000,  0.130239895, -0.329163820,
Cor (2),    0.130239895,  1.000000000, -0.351354664,
Cor (3),   -0.329163820, -0.351354664,  1.000000000,
St.dev,     0.003848445,  0.005304866,  0.002188649,
Skewness,   0.825961133, -0.263060650, -0.302274426,
Kurtosis,   0.393483133,  0.208413528,  1.065775745,
AutoCor,    0.207867644,  0.270804850,  0.548247564,
Markow Autoregressive (lag 1) bivariate joint 3 asset model cond. params
uProb.,   0.618005299,  0.381994701,
Prob (1),   0.585793371,  0.414206629,
Prob (2),   0.670118958,  0.329881042,
Mean,     -0.002130022,  0.001499361,  0.000154510,
Cor (1),    1.000000000, -0.068950178,  0.474355283,
Cor (2),   -0.068950178,  1.000000000,  0.297300616,
Cor (3),    0.474355283,  0.297300616,  1.000000000,
VCV (1),    0.000002296, -0.000000430,  0.000000719,
VCV (2),   -0.000000430,  0.000016977,  0.000001225,
VCV (3),    0.000000719,  0.000001225,  0.000000999,
St.dev,     0.001515245,  0.004120288,  0.000999719,
Mean,      0.003291802, -0.002398516, -0.000662274,
Cor (1),    1.000000000,  0.915446702, -0.496202772,
Cor (2),    0.915446702,  1.000000000, -0.874293994,
Cor (3),   -0.496202772, -0.874293994,  1.000000000,
VCV (1),    0.000012425,  0.000017710, -0.000004485,
VCV (2),    0.000017710,  0.000030122, -0.000012303,
VCV (3),   -0.000004485, -0.000012303,  0.000006574,
St.dev,     0.003524965,  0.005488335,  0.002563954,
AutoCor,    0.465493606,  0.322679722,  0.569752659,

No.; 21; Score; 25.9652126846;
Markow Autoregressive (lag 1) bivariate joint 3 asset model uncond. params
uMean,      0.000312201,  0.000419036,  0.000271533,
VCV (1),    0.000019910, -0.000016898, -0.000000459,
VCV (2),   -0.000016898,  0.000040033, -0.000006898,
VCV (3),   -0.000000459, -0.000006898,  0.000005651,
Cor (1),    1.000000000, -0.598557728, -0.043274404,
Cor (2),   -0.598557728,  1.000000000, -0.458606964,
Cor (3),   -0.043274404, -0.458606964,  1.000000000,
St.dev,     0.004462014,  0.006327180,  0.002377175,
Skewness,  -0.022135925,  0.019765074, -0.134488302,
Kurtosis,   0.041228621,  0.520915558, 33.008188051,
AutoCor,    0.470379234,  0.270347453,  0.169897523,
Markow Autoregressive (lag 1) bivariate joint 3 asset model cond. params
uProb.,   0.992311560,  0.007688440,
Prob (1),   0.995023518,  0.004976482,
Prob (2),   0.642291607,  0.357708393,
Mean,      0.000351347,  0.000410169,  0.000274363,
Cor (1),    1.000000000, -0.628907709, -0.062717661,
Cor (2),   -0.628907709,  1.000000000, -0.471206773,
Cor (3),   -0.062717661, -0.471206773,  1.000000000,
VCV (1),    0.000015269, -0.000014680, -0.000000481,
VCV (2),   -0.000014680,  0.000035681, -0.000005527,
VCV (3),   -0.000000481, -0.000005527,  0.000003855,
St.dev,     0.003907586,  0.005973347,  0.001963510,
Mean,     -0.004740295,  0.001563392, -0.000093740,
Cor (1),    1.000000000, -0.253406520,  0.077729470,
Cor (2),   -0.253406520,  1.000000000, -0.652485695,
Cor (3),    0.077729470, -0.652485695,  1.000000000,
VCV (1),    0.000022979, -0.000018019,  0.000005477,
VCV (2),   -0.000018019,  0.000220041, -0.000142269,
VCV (3),    0.000005477, -0.000142269,  0.000216062,
St.dev,     0.004793601,  0.014833772,  0.014699040,
AutoCor,    0.471559713,  0.270326568,  0.169864070,

No.; 22; Score; 26.252031576722;
Markow Autoregressive (lag 1) bivariate joint 3 asset model uncond. params
uMean,      0.000257809,  0.000507454,  0.000063045,
VCV (1),    0.000014143, -0.000013210, -0.000000433,
VCV (2),   -0.000013210,  0.000029778, -0.000001432,
VCV (3),   -0.000000433, -0.000001432,  0.000004747,
Cor (1),    1.000000000, -0.643713558, -0.052827842,
Cor (2),   -0.643713558,  1.000000000, -0.120474638,
Cor (3),   -0.052827842, -0.120474638,  1.000000000,
St.dev,     0.003760677,  0.005456915,  0.002178699,
Skewness,   0.138379719,  0.292858980, -0.023641420,
Kurtosis,  -0.989743802, -0.245916731,  0.006190232,
AutoCor,    0.275820754,  0.543056132,  0.674431351,
Markow Autoregressive (lag 1) bivariate joint 3 asset model cond. params
uProb.,   0.428244589,  0.571755411,
Prob (1),   0.635004235,  0.364995765,
Prob (2),   0.273381692,  0.726618308,
Mean,     -0.003329420,  0.004679897,  0.000469357,
Cor (1),    1.000000000,  0.112784690,  0.632288402,
Cor (2),    0.112784690,  1.000000000, -0.566489676,
Cor (3),    0.632288402, -0.566489676,  1.000000000,
VCV (1),    0.000002482,  0.000000613,  0.000001489,
VCV (2),    0.000000613,  0.000011904, -0.000002921,
VCV (3),    0.000001489, -0.000002921,  0.000002234,
St.dev,     0.001575591,  0.003450267,  0.001494526,
Mean,      0.002944642, -0.002617705, -0.000241283,
Cor (1),    1.000000000, -0.593920772, -0.008926827,
Cor (2),   -0.593920772,  1.000000000, -0.078638395,
Cor (3),   -0.008926827, -0.078638395,  1.000000000,
VCV (1),    0.000005952, -0.000003736, -0.000000035,
VCV (2),   -0.000003736,  0.000006646, -0.000000330,
VCV (3),   -0.000000035, -0.000000330,  0.000002643,
St.dev,     0.002439632,  0.002578079,  0.001625762,
AutoCor,    0.092226479,  0.684396763,  0.682797949,

No.; 23; Score; 26.435547053697;
