Round No; 11; best result RLS; 5.1168913967046

;;;
No.; 1; Score; 5.1168913967046;
Markow Autoregressive (lag 1) bivariate joint 3 asset model uncond. params
uMean,      0.000285943,  0.000185229, -0.000173378,
VCV (1),    0.000013466,  0.000002139, -0.000001067,
VCV (2),    0.000002139,  0.000027696, -0.000000187,
VCV (3),   -0.000001067, -0.000000187,  0.000001262,
Cor (1),    1.000000000,  0.110750963, -0.258893637,
Cor (2),    0.110750963,  1.000000000, -0.031710763,
Cor (3),   -0.258893637, -0.031710763,  1.000000000,
St.dev,     0.003669560,  0.005262736,  0.001123223,
Skewness,  -0.381103371,  0.019056650,  2.520001157,
Kurtosis,   2.449078755,  0.040530970, 21.461076343,
AutoCor,    0.468582644,  0.676948584,  0.046959295,
Markow Autoregressive (lag 1) bivariate joint 3 asset model cond. params
uProb.,   0.995118611,  0.004881389,
Prob (1),   0.995133705,  0.004866295,
Prob (2),   0.992041643,  0.007958357,
Mean,      0.000337931,  0.000153011, -0.000215815,
Cor (1),    1.000000000,  0.120092292, -0.223577038,
Cor (2),    0.120092292,  1.000000000, -0.123722405,
Cor (3),   -0.223577038, -0.123722405,  1.000000000,
VCV (1),    0.000009424,  0.000001410, -0.000000642,
VCV (2),    0.000001410,  0.000014625, -0.000000443,
VCV (3),   -0.000000642, -0.000000443,  0.000000875,
St.dev,     0.003069909,  0.003824285,  0.000935363,
Mean,     -0.010312154,  0.006753109,  0.008477866,
Cor (1),    1.000000000,  0.986370671,  0.429966881,
Cor (2),    0.986370671,  1.000000000, -0.095612308,
Cor (3),    0.429966881, -0.095612308,  1.000000000,
VCV (1),    0.000093260,  0.000051389,  0.000008423,
VCV (2),    0.000051389,  0.000029105, -0.000001046,
VCV (3),    0.000008423, -0.000001046,  0.000004115,
St.dev,     0.009657128,  0.005394927,  0.002028515,
AutoCor,    0.488441348,  0.682136513,  0.064964092,

No.; 2; Score; 6.8463063877861;
Markow Autoregressive (lag 1) bivariate joint 3 asset model uncond. params
uMean,      0.000195750,  0.000307649, -0.000027855,
VCV (1),    0.000014196, -0.000012561, -0.000000467,
VCV (2),   -0.000012561,  0.000027677, -0.000003934,
VCV (3),   -0.000000467, -0.000003934,  0.000002006,
Cor (1),    1.000000000, -0.633706448, -0.087527225,
Cor (2),   -0.633706448,  1.000000000, -0.528059391,
Cor (3),   -0.087527225, -0.528059391,  1.000000000,
St.dev,     0.003767771,  0.005260903,  0.001416248,
Skewness,  -0.000652640,  0.001276652,  0.002557327,
Kurtosis,  -0.000291163,  0.080661235, 26.016321245,
AutoCor,    0.427750473,  0.133963924,  0.161951188,
Markow Autoregressive (lag 1) bivariate joint 3 asset model cond. params
uProb.,   0.999504021,  0.000495979,
Prob (1),   0.999686497,  0.000313503,
Prob (2),   0.631775378,  0.368224622,
Mean,      0.000198583,  0.000307344, -0.000027864,
Cor (1),    1.000000000, -0.668437698, -0.094726356,
Cor (2),   -0.668437698,  1.000000000, -0.533662868,
Cor (3),   -0.094726356, -0.533662868,  1.000000000,
VCV (1),    0.000011588, -0.000011841, -0.000000435,
VCV (2),   -0.000011841,  0.000027080, -0.000003749,
VCV (3),   -0.000000435, -0.000003749,  0.000001823,
St.dev,     0.003404074,  0.005203844,  0.001350142,
Mean,     -0.005512377,  0.000921405, -0.000009445,
Cor (1),    1.000000000, -0.271838472,  0.026919458,
Cor (2),   -0.271838472,  1.000000000, -0.830980475,
Cor (3),    0.026919458, -0.830980475,  1.000000000,
VCV (1),    0.000005291, -0.000009466,  0.000001007,
VCV (2),   -0.000009466,  0.000229162, -0.000204575,
VCV (3),    0.000001007, -0.000204575,  0.000264472,
St.dev,     0.002300320,  0.015138107,  0.016262598,
AutoCor,    0.427818703,  0.133962344,  0.161951170,

No.; 3; Score; 7.984369344572;
Markow Autoregressive (lag 1) bivariate joint 3 asset model uncond. params
uMean,      0.000354741,  0.000199394, -0.000049639,
VCV (1),    0.000011099,  0.000012690,  0.000000548,
VCV (2),    0.000012690,  0.000027703,  0.000004817,
VCV (3),    0.000000548,  0.000004817,  0.000002059,
Cor (1),    1.000000000,  0.723689725,  0.114718944,
Cor (2),    0.723689725,  1.000000000,  0.637814141,
Cor (3),    0.114718944,  0.637814141,  1.000000000,
St.dev,     0.003331448,  0.005263339,  0.001434780,
Skewness,  -0.740942797, -0.011954423,  0.868517381,
Kurtosis,   7.454278829,  0.020409277, 17.042825217,
AutoCor,    0.573112597,  0.270774387,  0.378543483,
Markow Autoregressive (lag 1) bivariate joint 3 asset model cond. params
uProb.,   0.965802974,  0.034197026,
Prob (1),   0.972989642,  0.027010358,
Prob (2),   0.762834867,  0.237165133,
Mean,      0.000465234,  0.000155264, -0.000083504,
Cor (1),    1.000000000,  0.993828232,  0.433786412,
Cor (2),    0.993828232,  1.000000000,  0.877259734,
Cor (3),    0.433786412,  0.877259734,  1.000000000,
VCV (1),    0.000004463,  0.000010726,  0.000000857,
VCV (2),    0.000010726,  0.000026095,  0.000004192,
VCV (3),    0.000000857,  0.000004192,  0.000000875,
St.dev,     0.002112698,  0.005108350,  0.000935451,
Mean,     -0.002765817,  0.001445732,  0.000906785,
Cor (1),    1.000000000,  0.406812861, -0.204201171,
Cor (2),    0.406812861,  1.000000000,  0.383013101,
Cor (3),   -0.204201171,  0.383013101,  1.000000000,
VCV (1),    0.000080879,  0.000012760, -0.000009351,
VCV (2),    0.000012760,  0.000012164,  0.000006802,
VCV (3),   -0.000009351,  0.000006802,  0.000025925,
St.dev,     0.008993293,  0.003487703,  0.005091702,
AutoCor,    0.584750124,  0.270894980,  0.381235209,

No.; 4; Score; 8.3081031206989;
Markow Autoregressive (lag 1) bivariate joint 3 asset model uncond. params
uMean,      0.000150199,  0.000322964,  0.000182884,
VCV (1),    0.000014424,  0.000003036, -0.000000901,
VCV (2),    0.000003036,  0.000026427,  0.000004267,
VCV (3),   -0.000000901,  0.000004267,  0.000001765,
Cor (1),    1.000000000,  0.155476639, -0.178616877,
Cor (2),    0.155476639,  1.000000000,  0.624810656,
Cor (3),   -0.178616877,  0.624810656,  1.000000000,
St.dev,     0.003797945,  0.005140728,  0.001328347,
Skewness,  -0.005827994, -1.518055462, -1.905788871,
Kurtosis,   0.007313227,  9.357154945, 13.538498302,
AutoCor,    0.167774793,  0.237595335,  0.298884633,
Markow Autoregressive (lag 1) bivariate joint 3 asset model cond. params
uProb.,   0.963044213,  0.036955787,
Prob (1),   0.974056321,  0.025943679,
Prob (2),   0.676075690,  0.323924310,
Mean,      0.000183420,  0.000680088,  0.000276824,
Cor (1),    1.000000000,  0.235909325, -0.286247942,
Cor (2),    0.235909325,  1.000000000,  0.523843507,
Cor (3),   -0.286247942,  0.523843507,  1.000000000,
VCV (1),    0.000013879,  0.000003479, -0.000000999,
VCV (2),    0.000003479,  0.000015670,  0.000001942,
VCV (3),   -0.000000999,  0.000001942,  0.000000877,
St.dev,     0.003725440,  0.003958555,  0.000936508,
Mean,     -0.000715531, -0.008983470, -0.002265120,
Cor (1),    1.000000000, -0.353200228,  0.048547986,
Cor (2),   -0.353200228,  1.000000000,  0.665294199,
Cor (3),    0.048547986,  0.665294199,  1.000000000,
VCV (1),    0.000016930, -0.000019716,  0.000000773,
VCV (2),   -0.000019716,  0.000184054,  0.000034905,
VCV (3),    0.000000773,  0.000034905,  0.000014956,
St.dev,     0.004114626,  0.013566662,  0.003867255,
AutoCor,    0.167514657,  0.228908618,  0.299020105,

No.; 5; Score; 9.0698221002257;
Markow Autoregressive (lag 1) bivariate joint 3 asset model uncond. params
uMean,      0.000246223, -0.000002602,  0.000100026,
VCV (1),    0.000013707, -0.000004561,  0.000001054,
VCV (2),   -0.000004561,  0.000027611, -0.000000988,
VCV (3),    0.000001054, -0.000000988,  0.000001426,
Cor (1),    1.000000000, -0.234462959,  0.238401329,
Cor (2),   -0.234462959,  1.000000000, -0.157427320,
Cor (3),    0.238401329, -0.157427320,  1.000000000,
St.dev,     0.003702270,  0.005254650,  0.001194208,
Skewness,  -0.048786035, -0.009647647, -1.559999200,
Kurtosis,   0.030145076,  0.017521298,  9.950448533,
AutoCor,    0.656582556,  0.257550570,  0.270040116,
Markow Autoregressive (lag 1) bivariate joint 3 asset model cond. params
uProb.,   0.977316821,  0.022683179,
Prob (1),   0.978251059,  0.021748941,
Prob (2),   0.937064710,  0.062935290,
Mean,      0.000375990, -0.000033607,  0.000170407,
Cor (1),    1.000000000, -0.275184888,  0.262639428,
Cor (2),   -0.275184888,  1.000000000, -0.163144164,
Cor (3),    0.262639428, -0.163144164,  1.000000000,
VCV (1),    0.000006870, -0.000003685,  0.000000644,
VCV (2),   -0.000003685,  0.000026098, -0.000000779,
VCV (3),    0.000000644, -0.000000779,  0.000000874,
St.dev,     0.002621117,  0.005108650,  0.000935015,
Mean,     -0.005344832,  0.001333270, -0.002932391,
Cor (1),    1.000000000, -0.038189759, -0.853761565,
Cor (2),   -0.038189759,  1.000000000, -0.257513367,
Cor (3),   -0.853761565, -0.257513367,  1.000000000,
VCV (1),    0.000003040, -0.000000212, -0.000004857,
VCV (2),   -0.000000212,  0.000010150, -0.000002677,
VCV (3),   -0.000004857, -0.000002677,  0.000010647,
St.dev,     0.001743483,  0.003185847,  0.003262956,
AutoCor,    0.690977437,  0.257875618,  0.310316355,

No.; 6; Score; 9.6871477939012;
Markow Autoregressive (lag 1) bivariate joint 3 asset model uncond. params
uMean,      0.000352458,  0.000111631,  0.000243286,
VCV (1),    0.000013935, -0.000011986, -0.000001116,
VCV (2),   -0.000011986,  0.000027506,  0.000001447,
VCV (3),   -0.000001116,  0.000001447,  0.000001331,
Cor (1),    1.000000000, -0.612195515, -0.259221753,
Cor (2),   -0.612195515,  1.000000000,  0.239153270,
Cor (3),   -0.259221753,  0.239153270,  1.000000000,
St.dev,     0.003732981,  0.005244620,  0.001153732,
Skewness,   0.003232008, -0.064619299, -1.567880809,
Kurtosis,  -0.002225975,  0.132181936,  7.980446263,
AutoCor,    0.636542537,  0.066238622,  0.087782333,
Markow Autoregressive (lag 1) bivariate joint 3 asset model cond. params
uProb.,   0.977055341,  0.022944659,
Prob (1),   0.976980943,  0.023019057,
Prob (2),   0.980223431,  0.019776569,
Mean,      0.000397166,  0.000229047,  0.000333422,
Cor (1),    1.000000000, -0.834760063, -0.418870281,
Cor (2),   -0.834760063,  1.000000000,  0.201214599,
Cor (3),   -0.418870281,  0.201214599,  1.000000000,
VCV (1),    0.000008226, -0.000012293, -0.000001123,
VCV (2),   -0.000012293,  0.000026365,  0.000000966,
VCV (3),   -0.000001123,  0.000000966,  0.000000875,
St.dev,     0.002868077,  0.005134687,  0.000935151,
Mean,     -0.001551330, -0.004888306, -0.003594970,
Cor (1),    1.000000000,  0.899310617, -0.739597820,
Cor (2),    0.899310617,  1.000000000,  0.127600258,
Cor (3),   -0.739597820,  0.127600258,  1.000000000,
VCV (1),    0.000005732,  0.000014463, -0.000003991,
VCV (2),    0.000014463,  0.000045122,  0.000001932,
VCV (3),   -0.000003991,  0.000001932,  0.000005080,
St.dev,     0.002394182,  0.006717312,  0.002253952,
AutoCor,    0.640474260,  0.067753926,  0.119748813,

No.; 7; Score; 10.766890413747;
Markow Autoregressive (lag 1) bivariate joint 3 asset model uncond. params
uMean,      0.000340079,  0.000167843, -0.000250305,
VCV (1),    0.000010529, -0.000004200, -0.000000507,
VCV (2),   -0.000004200,  0.000028359,  0.000001783,
VCV (3),   -0.000000507,  0.000001783,  0.000002299,
Cor (1),    1.000000000, -0.243083427, -0.102942813,
Cor (2),   -0.243083427,  1.000000000,  0.220784614,
Cor (3),   -0.102942813,  0.220784614,  1.000000000,
St.dev,     0.003244814,  0.005325343,  0.001516338,
Skewness,  -1.894480161, -0.046910638, -2.779907808,
Kurtosis,   9.929468203,  0.031596455, 12.541013546,
AutoCor,    0.213077230,  0.348865509,  0.206480632,
Markow Autoregressive (lag 1) bivariate joint 3 asset model cond. params
uProb.,   0.968001139,  0.031998861,
Prob (1),   0.976171563,  0.023828437,
Prob (2),   0.720836723,  0.279163277,
Mean,      0.000645242,  0.000391071, -0.000041336,
Cor (1),    1.000000000, -0.493830459, -0.923197332,
Cor (2),   -0.493830459,  1.000000000,  0.071834395,
Cor (3),   -0.923197332,  0.071834395,  1.000000000,
VCV (1),    0.000005996, -0.000005876, -0.000002113,
VCV (2),   -0.000005876,  0.000023616,  0.000000326,
VCV (3),   -0.000002113,  0.000000326,  0.000000874,
St.dev,     0.002448609,  0.004859679,  0.000934939,
Mean,     -0.008891425, -0.006585036, -0.006571834,
Cor (1),    1.000000000, -0.134505196, -0.756554230,
Cor (2),   -0.134505196,  1.000000000,  0.140477100,
Cor (3),   -0.756554230,  0.140477100,  1.000000000,
VCV (1),    0.000050209, -0.000004208, -0.000010066,
VCV (2),   -0.000004208,  0.000019498,  0.000001165,
VCV (3),   -0.000010066,  0.000001165,  0.000003526,
St.dev,     0.007085863,  0.004415608,  0.001877757,
AutoCor,    0.197640407,  0.354116199,  0.140511455,

No.; 8; Score; 10.904398504685;
Markow Autoregressive (lag 1) bivariate joint 3 asset model uncond. params
uMean,      0.000140452,  0.000110842,  0.000004266,
VCV (1),    0.000014029,  0.000012011,  0.000000593,
VCV (2),    0.000012011,  0.000025373,  0.000002284,
VCV (3),    0.000000593,  0.000002284,  0.000001346,
Cor (1),    1.000000000,  0.636639300,  0.136476424,
Cor (2),    0.636639300,  1.000000000,  0.390818419,
Cor (3),    0.136476424,  0.390818419,  1.000000000,
St.dev,     0.003745466,  0.005037160,  0.001159972,
Skewness,  -0.081831995,  0.138936470,  0.820098629,
Kurtosis,   0.576256719,  0.390574174,  5.913224912,
AutoCor,    0.787176117,  0.419904845,  0.167891422,
Markow Autoregressive (lag 1) bivariate joint 3 asset model cond. params
uProb.,   0.949881564,  0.050118436,
Prob (1),   0.962877235,  0.037122765,
Prob (2),   0.703578026,  0.296421974,
Mean,      0.000209658, -0.000066441, -0.000052264,
Cor (1),    1.000000000,  0.894061012,  0.628729191,
Cor (2),    0.894061012,  1.000000000,  0.248962566,
Cor (3),    0.628729191,  0.248962566,  1.000000000,
VCV (1),    0.000004334,  0.000008076,  0.000001224,
VCV (2),    0.000008076,  0.000018828,  0.000001010,
VCV (3),    0.000001224,  0.000001010,  0.000000874,
St.dev,     0.002081847,  0.004339077,  0.000934936,
Mean,     -0.001171195,  0.003470844,  0.001075663,
Cor (1),    1.000000000,  0.285565894, -0.851984066,
Cor (2),    0.285565894,  1.000000000,  0.975953617,
Cor (3),   -0.851984066,  0.975953617,  1.000000000,
VCV (1),    0.000022124,  0.000009379, -0.000011605,
VCV (2),    0.000009379,  0.000048762,  0.000019735,
VCV (3),   -0.000011605,  0.000019735,  0.000008386,
St.dev,     0.004703571,  0.006982986,  0.002895841,
AutoCor,    0.790614091,  0.423765969,  0.163582992,

No.; 9; Score; 11.406353905301;
Markow Autoregressive (lag 1) bivariate joint 3 asset model uncond. params
uMean,      0.000441901,  0.000280836, -0.000076802,
VCV (1),    0.000013475,  0.000009261,  0.000001336,
VCV (2),    0.000009261,  0.000027607, -0.000002661,
VCV (3),    0.000001336, -0.000002661,  0.000001266,
Cor (1),    1.000000000,  0.480157606,  0.323526082,
Cor (2),    0.480157606,  1.000000000, -0.450208433,
Cor (3),    0.323526082, -0.450208433,  1.000000000,
St.dev,     0.003670812,  0.005254282,  0.001125014,
Skewness,  -1.556608827, -0.055782796, -0.107048616,
Kurtosis,   6.503746437, -0.070944085,  2.532628511,
AutoCor,    0.520441903,  0.162594461,  0.204250079,
Markow Autoregressive (lag 1) bivariate joint 3 asset model cond. params
uProb.,   0.918888023,  0.081111977,
Prob (1),   0.954970363,  0.045029637,
Prob (2),   0.510124346,  0.489875654,
Mean,      0.000948050,  0.000866456, -0.000063768,
Cor (1),    1.000000000,  0.684316759,  0.713784316,
Cor (2),    0.684316759,  1.000000000, -0.510380502,
Cor (3),    0.713784316, -0.510380502,  1.000000000,
VCV (1),    0.000004350,  0.000007017,  0.000001392,
VCV (2),    0.000007017,  0.000024171, -0.000002346,
VCV (3),    0.000001392, -0.000002346,  0.000000874,
St.dev,     0.002085736,  0.004916360,  0.000934900,
Mean,     -0.005292074, -0.006353433, -0.000224457,
Cor (1),    1.000000000, -0.450332400, -0.131602693,
Cor (2),   -0.450332400,  1.000000000, -0.755857531,
Cor (3),   -0.131602693, -0.755857531,  1.000000000,
VCV (1),    0.000042886, -0.000011301, -0.000001933,
VCV (2),   -0.000011301,  0.000014684, -0.000006496,
VCV (3),   -0.000001933, -0.000006496,  0.000005031,
St.dev,     0.006548740,  0.003831917,  0.002242944,
AutoCor,    0.541193406,  0.116368323,  0.203883680,

No.; 10; Score; 11.66104473414;
Markow Autoregressive (lag 1) bivariate joint 3 asset model uncond. params
uMean,      0.000261330,  0.000345619, -0.000116895,
VCV (1),    0.000008648,  0.000000172, -0.000000553,
VCV (2),    0.000000172,  0.000028606, -0.000002148,
VCV (3),   -0.000000553, -0.000002148,  0.000002642,
Cor (1),    1.000000000,  0.010960496, -0.115624939,
Cor (2),    0.010960496,  1.000000000, -0.247034468,
Cor (3),   -0.115624939, -0.247034468,  1.000000000,
St.dev,     0.002940692,  0.005348473,  0.001625457,
Skewness,  -2.426975894,  0.212580931,  0.221458632,
Kurtosis,   9.166975124,  0.486733732, 16.692654196,
AutoCor,    0.150934392,  0.296220769,  0.263678205,
Markow Autoregressive (lag 1) bivariate joint 3 asset model cond. params
uProb.,   0.952302084,  0.047697916,
Prob (1),   0.962345396,  0.037654604,
Prob (2),   0.751784575,  0.248215425,
Mean,      0.000761398,  0.000045455, -0.000128320,
Cor (1),    1.000000000,  0.393248939, -0.754475254,
Cor (2),    0.393248939,  1.000000000, -0.471616027,
Cor (3),   -0.754475254, -0.471616027,  1.000000000,
VCV (1),    0.000003158,  0.000003362, -0.000001398,
VCV (2),    0.000003362,  0.000023147, -0.000002366,
VCV (3),   -0.000001398, -0.000002366,  0.000001087,
St.dev,     0.001777110,  0.004811152,  0.001042660,
Mean,     -0.009722681,  0.006338465,  0.000111191,
Cor (1),    1.000000000, -0.082033489,  0.952205416,
Cor (2),   -0.082033489,  1.000000000,  0.117523011,
Cor (3),    0.952205416,  0.117523011,  1.000000000,
VCV (1),    0.000013205, -0.000002079,  0.000018884,
VCV (2),   -0.000002079,  0.000048635,  0.000004473,
VCV (3),    0.000018884,  0.000004473,  0.000029784,
St.dev,     0.003633853,  0.006973870,  0.005457462,
AutoCor,    0.069484815,  0.301968748,  0.263730642,

No.; 11; Score; 11.668751141622;
Markow Autoregressive (lag 1) bivariate joint 3 asset model uncond. params
uMean,      0.000446501,  0.000249428,  0.000065610,
VCV (1),    0.000014155,  0.000004775, -0.000000745,
VCV (2),    0.000004775,  0.000027966, -0.000000874,
VCV (3),   -0.000000745, -0.000000874,  0.000001325,
Cor (1),    1.000000000,  0.240014165, -0.172017044,
Cor (2),    0.240014165,  1.000000000, -0.143565394,
Cor (3),   -0.172017044, -0.143565394,  1.000000000,
St.dev,     0.003762257,  0.005288323,  0.001151016,
Skewness,  -1.374317401,  0.119621556,  0.664341768,
Kurtosis,   4.996142283,  0.171752294,  2.481823443,
AutoCor,    0.403189457,  0.071963100,  0.052449953,
Markow Autoregressive (lag 1) bivariate joint 3 asset model cond. params
uProb.,   0.888525689,  0.111474311,
Prob (1),   0.887970444,  0.112029556,
Prob (2),   0.892951368,  0.107048632,
Mean,      0.001052324,  0.000518632, -0.000047511,
Cor (1),    1.000000000,  0.245885619,  0.329293171,
Cor (2),    0.245885619,  1.000000000, -0.216677806,
Cor (3),    0.329293171, -0.216677806,  1.000000000,
VCV (1),    0.000004109,  0.000002737,  0.000000624,
VCV (2),    0.000002737,  0.000030157, -0.000001112,
VCV (3),    0.000000624, -0.000001112,  0.000000874,
St.dev,     0.002027112,  0.005491557,  0.000934903,
Mean,     -0.004382311, -0.001896308,  0.000967262,
Cor (1),    1.000000000,  0.633854614, -0.520459898,
Cor (2),    0.633854614,  1.000000000,  0.811416878,
Cor (3),   -0.520459898,  0.811416878,  1.000000000,
VCV (1),    0.000041828,  0.000008190, -0.000006704,
VCV (2),    0.000008190,  0.000003992,  0.000003229,
VCV (3),   -0.000006704,  0.000003229,  0.000003967,
St.dev,     0.006467489,  0.001997926,  0.001991750,
AutoCor,    0.509525112,  0.073585884,  0.057240198,

No.; 12; Score; 12.0276798813;
Markow Autoregressive (lag 1) bivariate joint 3 asset model uncond. params
uMean,      0.000229527,  0.000280013, -0.000267028,
VCV (1),    0.000013820,  0.000015037, -0.000000676,
VCV (2),    0.000015037,  0.000027464, -0.000002377,
VCV (3),   -0.000000676, -0.000002377,  0.000001468,
Cor (1),    1.000000000,  0.771837652, -0.150097051,
Cor (2),    0.771837652,  1.000000000, -0.374284793,
Cor (3),   -0.150097051, -0.374284793,  1.000000000,
St.dev,     0.003717469,  0.005240634,  0.001211628,
Skewness,  -1.849402634, -1.601662372,  0.504091131,
Kurtosis,   8.098027630,  7.102499548,  1.880873162,
AutoCor,    0.459433743,  0.063018446,  0.412686723,
Markow Autoregressive (lag 1) bivariate joint 3 asset model cond. params
uProb.,   0.932045831,  0.067954169,
Prob (1),   0.932407220,  0.067592780,
Prob (2),   0.927089086,  0.072910914,
Mean,      0.000768356,  0.000918263, -0.000350779,
Cor (1),    1.000000000,  0.819149490, -0.698940936,
Cor (2),    0.819149490,  1.000000000, -0.931382199,
Cor (3),   -0.698940936, -0.931382199,  1.000000000,
VCV (1),    0.000002719,  0.000005178, -0.000001078,
VCV (2),    0.000005178,  0.000014694, -0.000003339,
VCV (3),   -0.000001078, -0.000003339,  0.000000875,
St.dev,     0.001648902,  0.003833233,  0.000935155,
Mean,     -0.007160933, -0.008474104,  0.000881691,
Cor (1),    1.000000000,  0.975864240,  0.995843063,
Cor (2),    0.975864240,  1.000000000,  0.998599844,
Cor (3),    0.995843063,  0.998599844,  1.000000000,
VCV (1),    0.000047572,  0.000073256,  0.000014180,
VCV (2),    0.000073256,  0.000118455,  0.000022438,
VCV (3),    0.000014180,  0.000022438,  0.000004262,
St.dev,     0.006897245,  0.010883682,  0.002064539,
AutoCor,    0.643260437,  0.077754985,  0.441255509,

No.; 13; Score; 12.830698375916;
Markow Autoregressive (lag 1) bivariate joint 3 asset model uncond. params
uMean,      0.000093713,  0.000169735,  0.000001388,
VCV (1),    0.000013961, -0.000005330, -0.000000955,
VCV (2),   -0.000005330,  0.000027802, -0.000002847,
VCV (3),   -0.000000955, -0.000002847,  0.000001150,
Cor (1),    1.000000000, -0.270547132, -0.238310813,
Cor (2),   -0.270547132,  1.000000000, -0.503562720,
Cor (3),   -0.238310813, -0.503562720,  1.000000000,
St.dev,     0.003736469,  0.005272776,  0.001072159,
Skewness,  -0.146707901,  0.081141857, -0.011445183,
Kurtosis,   2.846304375,  0.697754780,  0.425806701,
AutoCor,    0.530253195,  0.199636282,  0.097331367,
Markow Autoregressive (lag 1) bivariate joint 3 asset model cond. params
uProb.,   0.727908062,  0.272091938,
Prob (1),   0.758681635,  0.241318365,
Prob (2),   0.645581727,  0.354418273,
Mean,      0.000213421,  0.000349874,  0.000008028,
Cor (1),    1.000000000, -0.296823674, -0.841018136,
Cor (2),   -0.296823674,  1.000000000, -0.659137271,
Cor (3),   -0.841018136, -0.659137271,  1.000000000,
VCV (1),    0.000002288, -0.000002649, -0.000001189,
VCV (2),   -0.000002649,  0.000034816, -0.000003636,
VCV (3),   -0.000001189, -0.000003636,  0.000000874,
St.dev,     0.001512457,  0.005900525,  0.000934938,
Mean,     -0.000226533, -0.000312180, -0.000016374,
Cor (1),    1.000000000, -0.889752509, -0.020378070,
Cor (2),   -0.889752509,  1.000000000, -0.185301226,
Cor (3),   -0.020378070, -0.185301226,  1.000000000,
VCV (1),    0.000030600, -0.000010612, -0.000000153,
VCV (2),   -0.000010612,  0.000004648, -0.000000543,
VCV (3),   -0.000000153, -0.000000543,  0.000001846,
St.dev,     0.005531758,  0.002156008,  0.001358630,
AutoCor,    0.531401811,  0.199907337,  0.097329749,

